3.3374923e-05
0.00030357658
0.0016680978
0.001909075
0.00086787809
0.0016434859
0.0018277564
0.012687776
0.022550402
0.011158433
0.0022214614
8.2642764e-05
0.00022400456
0.0039505051
0.0020372067
0.0012678045
0.0023741352
0.0039207297
0.0031212126
0.0018275676
0.00054380373
0.00056680455
0.0010201472
0.0010812853
0.00030161277
0.00018201393
0.0002997499
9.5406984e-05
0.00025636982
0.0011366841
0.0016030483
0.002869562
0.0021591701
2.1983513e-05
0.00051095674
0.00038101114
0.00047712267
9.815341e-05
0.00027858579
0.00074527517
0.0029495561
0.0018882683
0.00033909356
0.0010729748
0.00056322396
0.00036601987
0.0013821968
0.0056691524
0.012529418
0.011801151
0.0060555483
0.0059888451
0.0076139243
0.0078284303
0.0098533798
0.0085665267
0.0093224738
0.015676107
0.014451179
0.012024528
0.015085153
0.01633347
0.017118694
0.016733885
0.0053829798
0.0027202307
0.0035690025
0.0021781146
0.0028085844
0.015478738
0.018252954
0.024223935
0.025959056
0.028250424
0.02445141
0.018183732
0.0050817193
0.0026234079
0.008040471
0.020760739
0.019731052
0.020967014
0.015892923
0.01233632
0.016725382
0.024833459
0.023485877
0.020074572
0.034759473
0.054934274
0.07141538
0.07345631
0.058090545
0.048849672
0.049553115
0.047138985
0.050813638
0.055881966
0.058022186
0.061734986
0.054777898
0.039548181
0.03543184
0.045848884
0.060792319
0.067037024
0.065900132
0.068391092
0.039482377
0.021542901
0.018830551
0.025022024
0.033033028
0.042151351
0.079492562
0.085976444
0.070362248
0.010390077
0.0012838533
0.002736402
0.0045828866
0.0055358317
0.0091349939
0.05709596
0.076284908
0.0766792
0.087951541
0.08217036
0.044057731
0.036374051
0.084508806
0.10972179
0.093234114
0.10795517
0.12470794
0.12539785
0.125504
0.10283112
0.040028881
0.025973748
0.060865249
0.13553354
0.1459406
0.14350285
0.1332794
0.10511139
0.089317024
0.115342
0.14452395
0.14011262
0.042923696
0.021831181
0.033895668
0.0083496068
0.002216982
0.003448514
0.0081560519
0.02155979
0.010742423
0.024107624
0.11562147
0.15666454
0.15904172
0.13310604
0.11751179
0.11656798
0.0882608
0.10400739
0.15867248
0.17535867
0.20167997
0.22988772
0.24283352
0.21627465
0.16617063
0.15183572
0.086104549
0.030488631
0.034445111
0.14530298
0.23461357
0.19441679
0.12953526
0.073006153
0.015254702
0.00058687979
0.00059986376
0.0019626005
0.016444387
0.056503352
0.0040060487
0.00095634232
0.0032073301
0.0021858264
0.0023912189
0.0032298528
0.0035597368
0.0031858152
0.00193552
0.097103313
0.05200322
0.032301348
0.014557913
0.0020683967
0.00084466441
0.0016372474
0.018180853
0.072221875
0.047504894
0.025278155
0.016401906
0.011414268
0.0045917472
0.0035306176
0.010965646
0.028808409
0.028990295
0.024164785
0.022688128
0.017125094
0.0035285221
0.0026843338
0.0017994727
0.0015555816
0.0015523455
0.0051343343
0.0092018284
0.018200696
0.038363378
0.041125745
0.014856502
0.010388806
0.020495722
0.067878544
0.10380046
0.10462365
0.11711691
0.14493521
0.16198212
0.14294408
0.14159493
0.1794537
0.20951423
0.23440658
0.25363553
0.25462666
0.25163725
0.2585161
0.27743694
0.30746251
0.28926858
0.26574561
0.307087
0.31884962
0.31374586
0.34203771
0.38437048
0.40837547
0.30110404
0.11161463
0.093530037
0.19016153
0.37688717
0.40992966
0.39233485
0.39671308
0.44085616
0.45933658
0.45251036
0.43609637
0.4377653
0.46253064
0.45800388
0.45101917
0.47530481
0.49710932
0.48596513
0.49551821
0.51933014
0.52026653
0.50630164
0.51123708
0.54311889
0.5769279
0.56158412
0.53678483
0.51877338
0.52966511
0.55574203
0.56563991
0.57764488
0.57646507
0.5728395
0.57332593
0.56597292
0.55174071
0.55669343
0.57640278
0.58783984
0.61074466
0.60752285
0.59620148
0.59888774
0.60134715
0.58876109
0.59457278
0.5800485
0.59759325
0.64600986
0.6583162
0.60926062
0.56397563
0.5779497
0.6085363
0.57449675
0.51911825
0.53774452
0.62234598
0.51501393
0.29811856
0.20564142
0.1906814
0.15832892
0.071750492
0.054859012
0.063021161
0.12506701
0.41298133
0.58049428
0.54810667
0.41009971
0.13415575
0.087385789
0.18139869
0.43325374
0.48561302
0.50047052
0.47462308
0.3083913
0.018907243
0.0026020394
0.0010750097
0.0021300509
0.052897763
0.35902166
0.40944213
0.50047046
0.60021287
0.4034293
0.1232762
0.099691257
0.24714088
0.61983246
0.70091057
0.70644599
0.69114244
0.67329186
0.65413034
0.59924984
0.58949006
0.66589344
0.69664133
0.69620168
0.69693482
0.6908741
0.69906503
0.72088236
0.72480118
0.71013224
0.68596882
0.58902532
0.38723385
0.37475815
0.55149573
0.65346426
0.70194596
0.7233876
0.7261315
0.71899194
0.70905554
0.69435036
0.58816779
0.46147653
0.52330524
0.69048649
0.73924923
0.74179548
0.70563483
0.647695
0.53365576
0.24034539
0.1140677
0.18063305
0.54514563
0.71346903
0.71418953
0.6935963
0.6615417
0.68608481
0.59351939
0.47131792
0.5590046
0.71389264
0.74982309
0.44891548
0.11387689
0.077870376
0.19104262
0.48729733
0.54583943
0.62333125
0.69938874
0.72521198
0.72705984
0.68602628
0.64959943
0.63348907
0.42384449
0.29610205
0.42644396
0.66660851
0.72464883
0.73040545
0.75094241
0.76799279
0.74473083
0.66356266
0.61733353
0.67373306
0.72219706
0.74360985
0.76535618
0.7658183
0.75725251
0.73984164
0.70330191
0.67927259
0.69982851
0.73043787
0.75014895
0.75732064
0.76084125
0.71855462
0.43585202
0.23966208
0.29910144
0.55931461
0.70213133
0.74339408
0.7494278
0.73187137
0.74258751
0.74132997
0.71059841
0.70794076
0.72825915
0.7269702
0.71206182
0.63445926
0.51393974
0.55992693
0.71188593
0.75838488
0.7646206
0.77258819
0.77111095
0.75562799
0.73324436
0.72489721
0.75273275
0.77180725
0.77198678
0.77044022
0.77266514
0.77700299
0.77487284
0.76753461
0.77249801
0.78565133
0.79239756
0.77478433
0.76350921
0.77064502
0.77291948
0.77488029
0.77969676
0.73581189
0.71293616
0.744555
0.74537992
0.75629431
0.7672435
0.76321495
0.72670859
0.43164238
0.13813402
0.11811713
0.24053293
0.30693915
0.48104116
0.65771979
0.63523304
0.2561655
0.01718259
0.0059089852
0.0029077008
0.0033876647
0.011479475
0.042625863
0.30257237
0.45797044
0.080348
0.015665378
0.011122547
0.019077748
0.11845767
0.30056173
0.54430896
0.72343653
0.71965814
0.62268299
0.3398394
0.24718755
0.4317475
0.67984682
0.64151174
0.53729826
0.53674555
0.60660893
0.65252173
0.69178247
0.69687736
0.71114385
0.71721971
0.74112588
0.7543897
0.72982126
0.71367836
0.72928935
0.66592664
0.55474496
0.57615113
0.69554347
0.75416893
0.76602709
0.7625016
0.75042647
0.74002814
0.7425319
0.75614262
0.76669961
0.76741177
0.76982051
0.76989579
0.76077777
0.74894685
0.74902236
0.75711054
0.75158137
0.74627739
0.7450617
0.73881507
0.74076807
0.75359821
0.75363302
0.74461061
0.73553747
0.73395652
0.73767722
0.73677534
0.74262905
0.73836708
0.73537678
0.72882336
0.72001332
0.72911125
0.73457968
0.72548068
0.71757096
0.72051102
0.71162033
0.65491009
0.52842462
0.40955314
0.42785874
0.53876251
0.59604162
0.60973257
0.61067218
0.44960153
0.24397904
0.20713955
0.30443218
0.49848443
0.49066028
0.27936998
0.23470478
0.18560182
0.050772585
0.025772354
0.086973287
0.27133867
0.24783845
0.30030048
0.43677834
0.53434443
0.58096522
0.54738438
0.5085268
0.57242978
0.63637996
0.63730031
0.5729304
0.52625656
0.56808209
0.62914044
0.6643489
0.64965069
0.61215985
0.62537897
0.63714415
0.55560911
0.55509746
0.59380364
0.52803439
0.41092312
0.16819598
0.075692222
0.089140274
0.20175587
0.49037373
0.57050598
0.35895488
0.11420814
0.032612264
0.0044312915
8.3520761e-05
0.0029748445
0.016949821
0.084126189
0.14650449
0.1362168
0.2039251
0.14046198
0.042500529
0.029424179
0.029577276
0.08026842
0.043154147
0.0079318583
0.0017384146
0.0018989212
0.0078574251
0.0038125368
0.0048590591
0.020437932
0.28035781
0.38870606
0.15767407
0.11123522
0.21393579
0.1295774
0.083537206
0.16166973
0.44964609
0.55486983
0.58240509
0.54728824
0.52253407
0.55787963
0.54431635
0.52545339
0.56212354
0.60811901
0.62449807
0.61405444
0.56669945
0.53037852
0.55453157
0.5892542
0.59166741
0.5314756
0.44423202
0.36797768
0.18574651
0.044185054
0.044604249
0.13912322
0.18241151
0.09431164
0.032361176
0.0023624983
0.0040158099
0.0099799857
0.026595034
0.018307678
0.023783712
0.035436034
0.024534276
0.10290173
0.3533006
0.4118332
0.3223193
0.19958666
0.089756399
0.028797688
0.0046364791
0.0099684615
0.047735117
0.1021496
0.16094886
0.2667248
0.31998253
0.28596726
0.28824425
0.32244
0.36385596
0.34665316
0.22745395
0.20389768
0.33496749
0.44142789
0.40222976
0.3740893
0.35921612
0.32531658
0.29217935
0.28005162
0.25460786
0.25577918
0.28249314
0.26998734
0.21611765
0.20730725
0.26413298
0.28669798
0.26102057
0.23538671
0.23015594
0.25184417
0.21879394
0.12498381
0.086801477
0.10339431
0.10408513
0.079721168
0.020501556
0.0015435291
0.0012273854
0.0094970521
0.019173076
0.015254297
0.008482771
0.015929779
0.0055664955
0.013195066
0.052400578
0.077437416
0.083157875
0.099386759
0.18262553
0.12889175
0.023755444
0.041034263
0.072867058
0.10257046
0.12046488
0.11677894
0.086013004
0.070937693
0.079076074
0.11101853
0.16346858
0.15487254
0.088836223
0.048064355
0.063961454
0.15881705
0.14434664
0.049245082
0.045623258
0.092651635
0.19405003
0.23748976
0.23379558
0.24700829
0.27667966
0.30990613
0.3254101
0.31368724
0.32775399
0.30837098
0.31851545
0.35837972
0.27061084
0.18061163
0.2117161
0.31517234
0.33092508
0.34154609
