0.00011140796
0.00011597304
0.00011486434
0.00011426722
0.000119155
0.00012853918
0.00013628874
0.00014117781
0.00014335933
0.00013604773
0.00012553392
0.00011539911
0.00010654348
0.00010063122
9.4371971e-05
8.8034139e-05
8.0420432e-05
7.4547112e-05
7.0015369e-05
6.5808446e-05
6.2958745e-05
5.9577345e-05
5.5391971e-05
5.1849955e-05
4.8023121e-05
4.4435383e-05
4.1083054e-05
3.8175291e-05
3.6032154e-05
3.4471435e-05
3.3023829e-05
3.1339001e-05
2.9428726e-05
2.860619e-05
2.7842905e-05
2.6322243e-05
2.5264912e-05
2.4574831e-05
2.3561781e-05
2.2452685e-05
2.1737147e-05
2.1232661e-05
2.0846683e-05
2.0490228e-05
2.0072692e-05
1.9244939e-05
1.8576578e-05
1.8223371e-05
1.7643506e-05
1.7497354e-05
1.7358434e-05
1.6622394e-05
1.6235366e-05
1.6197353e-05
1.5986257e-05
1.580456e-05
1.5588621e-05
1.519847e-05
1.502558e-05
1.4938151e-05
1.4806344e-05
1.4427406e-05
1.403528e-05
1.3827244e-05
1.3764625e-05
1.3783378e-05
1.3535566e-05
1.3082224e-05
1.2892277e-05
1.2916775e-05
1.2691146e-05
1.2489135e-05
1.2529474e-05
1.2435593e-05
1.2070695e-05
1.1839588e-05
1.1804749e-05
1.1631946e-05
1.1457205e-05
1.147551e-05
1.1295775e-05
1.1099328e-05
1.1102265e-05
1.1143666e-05
1.0782243e-05
1.0273192e-05
1.0008634e-05
9.7513594e-06
9.8721439e-06
9.9064337e-06
9.6129097e-06
9.4473153e-06
9.3337685e-06
9.2878781e-06
9.1221518e-06
8.8765773e-06
9.0104249e-06
8.9825508e-06
8.6192722e-06
8.4817202e-06
8.4206922e-06
8.4850089e-06
8.5038855e-06
8.4392414e-06
8.3859268e-06
8.28884e-06
8.1766111e-06
8.0559976e-06
7.9775891e-06
8.0780701e-06
7.9344718e-06
7.829276e-06
7.8875591e-06
7.684419e-06
7.5201569e-06
7.510956e-06
7.4682857e-06
7.4228901e-06
7.285033e-06
7.0466299e-06
7.100225e-06
7.3062042e-06
7.2917551e-06
7.1446666e-06
7.0662081e-06
7.0482392e-06
7.0160659e-06
6.9938155e-06
6.9511516e-06
6.8362115e-06
6.6860493e-06
6.580628e-06
6.6383423e-06
6.7585947e-06
6.6524385e-06
6.5396302e-06
6.5230147e-06
6.5865411e-06
6.5817553e-06
6.442358e-06
6.3213297e-06
6.3401385e-06
6.2006616e-06
6.1071569e-06
6.0992497e-06
5.9539943e-06
5.8921032e-06
5.9790254e-06
5.9488452e-06
5.8806249e-06
6.0172883e-06
6.1401356e-06
6.074782e-06
5.8176247e-06
5.6327935e-06
5.6943923e-06
5.6748067e-06
5.6757353e-06
5.7166371e-06
5.6326576e-06
5.6102404e-06
5.6462736e-06
5.5329851e-06
5.5253299e-06
5.5666696e-06
5.4822322e-06
5.4405396e-06
5.4573388e-06
5.4919074e-06
5.3447302e-06
5.2709806e-06
5.3532635e-06
5.3811314e-06
5.2626187e-06
5.1537959e-06
5.1606021e-06
5.1625743e-06
5.1264637e-06
5.0811127e-06
5.083758e-06
5.0850531e-06
5.023147e-06
5.0013214e-06
4.9768846e-06
4.8568068e-06
4.8192301e-06
4.9103614e-06
5.0026338e-06
4.9325809e-06
4.8816291e-06
4.9125188e-06
4.852564e-06
4.7053627e-06
4.6909399e-06
4.7980111e-06
4.8298934e-06
4.8365587e-06
4.8027391e-06
4.7132635e-06
4.7089343e-06
4.7290891e-06
4.6531395e-06
4.6641112e-06
4.6128926e-06
4.5710108e-06
4.6844448e-06
4.6904506e-06
4.5630077e-06
4.4759536e-06
4.4560261e-06
4.4407288e-06
4.4566132e-06
4.4599174e-06
4.3958858e-06
4.3104578e-06
4.3677842e-06
4.4667631e-06
4.3520254e-06
4.2364095e-06
4.3054724e-06
4.3125879e-06
4.3229325e-06
4.3486248e-06
4.4199096e-06
4.30105e-06
4.1033013e-06
4.0738087e-06
4.0794125e-06
4.1581056e-06
4.2165807e-06
4.1533422e-06
4.1002031e-06
4.037996e-06
4.0091572e-06
4.0545224e-06
4.0407858e-06
4.061736e-06
4.0239925e-06
3.9344704e-06
3.932877e-06
3.935369e-06
3.8731914e-06
3.8184849e-06
3.9436782e-06
3.9961578e-06
3.8927001e-06
3.7968623e-06
3.7887378e-06
3.8444909e-06
3.8796734e-06
3.83309e-06
3.7558314e-06
3.7998234e-06
3.7844845e-06
3.7068053e-06
3.7192433e-06
3.7762911e-06
3.773303e-06
3.6764868e-06
3.6957151e-06
3.7576792e-06
3.6960114e-06
3.5971832e-06
3.62674e-06
3.6202553e-06
3.6012932e-06
3.6158617e-06
3.6577644e-06
3.5931096e-06
3.4694817e-06
3.4552222e-06
3.496699e-06
3.4693865e-06
3.4098505e-06
3.4036675e-06
3.5093028e-06
3.481628e-06
3.413413e-06
3.4719092e-06
3.4759216e-06
3.4139789e-06
3.3974211e-06
3.4221564e-06
3.4738423e-06
3.4801069e-06
3.4007426e-06
3.310693e-06
3.2938588e-06
3.3264846e-06
3.3742574e-06
3.3794927e-06
3.3301135e-06
3.2967785e-06
3.2870955e-06
3.2575194e-06
3.2376229e-06
3.2547593e-06
3.2790356e-06
3.2852049e-06
3.3034346e-06
3.2512021e-06
3.1952909e-06
3.2239234e-06
3.1927098e-06
3.1321288e-06
3.132483e-06
3.0801518e-06
3.1105483e-06
3.2052067e-06
3.2911403e-06
3.180405e-06
3.0646747e-06
3.062727e-06
3.036803e-06
2.9949258e-06
3.0391245e-06
3.1142526e-06
3.0959382e-06
3.0415047e-06
3.0223468e-06
2.9983607e-06
2.9160447e-06
2.9369946e-06
3.0497442e-06
3.0743606e-06
3.0189076e-06
2.9691878e-06
3.0331641e-06
2.9803221e-06
2.920973e-06
2.9351281e-06
2.930446e-06
2.929748e-06
2.903505e-06
2.8657084e-06
2.823703e-06
2.7991382e-06
2.8255824e-06
2.8238828e-06
2.8288853e-06
2.862944e-06
2.9049718e-06
2.8747781e-06
2.8151157e-06
2.8106099e-06
2.8370907e-06
2.8651011e-06
2.8875329e-06
2.857442e-06
2.8168008e-06
2.8167328e-06
2.792201e-06
2.7760366e-06
2.8451857e-06
2.8616901e-06
2.8331281e-06
2.8274071e-06
2.8004047e-06
2.7854737e-06
2.7810122e-06
2.7866884e-06
2.7623819e-06
2.6857683e-06
2.7039712e-06
2.6784328e-06
2.6094685e-06
2.6416542e-06
2.6915811e-06
2.7061722e-06
2.7029769e-06
2.6591258e-06
2.6550006e-06
2.6602354e-06
2.6262082e-06
2.6089672e-06
2.6220105e-06
2.5937495e-06
2.5755703e-06
2.5554023e-06
2.5514184e-06
2.54875e-06
2.5138984e-06
2.5471834e-06
2.5865686e-06
2.5945926e-06
2.6204275e-06
2.5816773e-06
2.523461e-06
2.5355534e-06
2.5722074e-06
2.5865204e-06
2.5705867e-06
2.5428355e-06
2.5443269e-06
2.5219572e-06
2.4784508e-06
2.4881328e-06
2.5074175e-06
2.5499844e-06
2.5726479e-06
2.5294112e-06
2.4575747e-06
2.4712499e-06
2.4939284e-06
2.4627448e-06
2.4263584e-06
2.4286317e-06
2.43205e-06
2.4179014e-06
2.3832736e-06
2.3596576e-06
2.4062963e-06
2.4027665e-06
2.3437392e-06
2.3689952e-06
2.3721393e-06
2.3441021e-06
2.3474838e-06
2.3456623e-06
2.3327154e-06
2.364349e-06
2.3713867e-06
2.3363141e-06
2.3887201e-06
2.4174369e-06
2.3979592e-06
2.3573193e-06
2.3401651e-06
2.351162e-06
2.3424452e-06
2.3299508e-06
2.3330279e-06
2.3270875e-06
2.337669e-06
2.32767e-06
2.317742e-06
2.3111679e-06
2.2811623e-06
2.237035e-06
2.2434376e-06
2.270044e-06
2.2833626e-06
2.2949191e-06
2.2868726e-06
2.2533864e-06
2.2693387e-06
2.2420709e-06
2.1615601e-06
2.1946671e-06
2.2208219e-06
2.20076e-06
2.2362124e-06
2.2541187e-06
2.2433712e-06
2.2240968e-06
2.2267234e-06
2.2254621e-06
2.2932818e-06
2.3636196e-06
2.2855897e-06
2.1872436e-06
2.1383632e-06
2.1286933e-06
2.1312728e-06
2.1616931e-06
2.1921721e-06
2.1948215e-06
2.1796943e-06
2.2002937e-06
2.1841911e-06
2.1063345e-06
2.079285e-06
2.1138037e-06
2.1313874e-06
2.1472658e-06
2.1764897e-06
2.1279805e-06
2.0717648e-06
2.1149483e-06
2.1376825e-06
2.1190206e-06
2.0941636e-06
2.091296e-06
2.131329e-06
2.1488484e-06
2.1472492e-06
2.1673707e-06
2.1532153e-06
2.0741159e-06
2.0379102e-06
2.078785e-06
2.0958266e-06
2.063166e-06
2.0282134e-06
2.0589457e-06
2.0203765e-06
2.0313646e-06
2.0680422e-06
2.0454893e-06
2.0043733e-06
2.0150155e-06
2.0113218e-06
2.0229782e-06
2.026555e-06
1.9701872e-06
1.9770218e-06
1.9921176e-06
1.9923582e-06
2.0271871e-06
2.0246935e-06
2.0086713e-06
1.995134e-06
1.9867377e-06
1.9795891e-06
1.9845402e-06
1.9925158e-06
1.9902855e-06
1.9987231e-06
1.9837557e-06
1.9631284e-06
1.9481838e-06
1.9284705e-06
1.8992582e-06
1.9016348e-06
1.9343361e-06
1.9427328e-06
1.9619865e-06
1.9814984e-06
1.9611809e-06
1.9433301e-06
1.9413915e-06
1.9420183e-06
1.9325869e-06
1.8996085e-06
1.9017079e-06
1.8940708e-06
1.8690123e-06
1.881221e-06
1.9059471e-06
1.9422698e-06
1.9531012e-06
1.9189636e-06
1.874376e-06
1.8785728e-06
1.9109823e-06
1.8929481e-06
1.8741455e-06
1.8639546e-06
1.862676e-06
1.8605646e-06
1.8442753e-06
1.8501245e-06
1.8630891e-06
1.856145e-06
1.860916e-06
1.8394744e-06
1.8381015e-06
1.8594822e-06
1.8376152e-06
1.8113038e-06
1.8012589e-06
1.8114808e-06
1.8368326e-06
1.8477087e-06
1.8092408e-06
1.7932847e-06
1.8040437e-06
1.7880392e-06
1.7967237e-06
1.8111886e-06
1.797971e-06
1.7787403e-06
1.7638606e-06
1.741536e-06
1.7134839e-06
1.7519192e-06
1.8022915e-06
1.7913974e-06
1.800205e-06
1.795789e-06
1.7710875e-06
1.7461657e-06
1.7310415e-06
1.7289976e-06
1.7269562e-06
1.7570201e-06
1.7778324e-06
1.7724977e-06
1.7431487e-06
1.7074256e-06
1.7205271e-06
1.7457536e-06
1.7438781e-06
1.7599529e-06
1.7535029e-06
1.7434703e-06
1.7514421e-06
1.7572207e-06
1.732888e-06
1.6907794e-06
1.6864522e-06
1.7098887e-06
1.6969371e-06
1.6661077e-06
1.6660143e-06
1.6846236e-06
1.7227349e-06
1.7345783e-06
1.7168096e-06
1.71033e-06
1.7463881e-06
1.8247176e-06
1.7599934e-06
1.6549407e-06
1.6611776e-06
1.6946117e-06
1.7045653e-06
1.6992509e-06
1.6737019e-06
1.6806886e-06
1.6813807e-06
1.6696401e-06
1.627883e-06
1.5830351e-06
1.5765584e-06
1.6131119e-06
1.64174e-06
1.6300722e-06
1.6106837e-06
1.6080209e-06
1.6250954e-06
1.6549461e-06
1.6504024e-06
1.6536147e-06
1.6639029e-06
1.6893134e-06
1.7098794e-06
1.6732591e-06
1.6605594e-06
1.6649026e-06
1.6415453e-06
1.61398e-06
1.6279276e-06
1.6533605e-06
1.6806719e-06
1.657128e-06
1.6422863e-06
1.6490856e-06
1.665239e-06
1.7019098e-06
1.6937319e-06
1.6562876e-06
1.6491454e-06
1.651055e-06
1.6231642e-06
1.5978185e-06
1.6027875e-06
1.6087785e-06
1.5998056e-06
1.5838609e-06
1.5928545e-06
1.5865343e-06
1.5949668e-06
1.5909388e-06
1.5602678e-06
1.5820881e-06
1.6266163e-06
1.6242659e-06
1.5880819e-06
1.5801108e-06
1.5948442e-06
1.618084e-06
1.6302708e-06
1.6394127e-06
1.6339337e-06
1.6038261e-06
1.5860431e-06
1.6010955e-06
1.6229181e-06
1.6499404e-06
1.633792e-06
1.6200377e-06
1.5975993e-06
1.58388e-06
1.5812285e-06
1.5740452e-06
1.5693755e-06
1.5569924e-06
1.561903e-06
1.5998074e-06
1.5849308e-06
1.5611315e-06
1.5755287e-06
1.5799321e-06
1.5593019e-06
1.5697374e-06
1.5837792e-06
1.568633e-06
1.5722419e-06
1.5699701e-06
1.5605865e-06
1.5580715e-06
1.5618928e-06
1.5224375e-06
1.504643e-06
1.5386133e-06
1.5820413e-06
1.5882371e-06
1.6139162e-06
1.6162907e-06
1.5927827e-06
1.6280671e-06
1.6444785e-06
1.6318666e-06
1.5821003e-06
1.5665108e-06
1.6432946e-06
1.6563695e-06
1.6415994e-06
1.6490892e-06
1.6382107e-06
1.5932602e-06
1.59904e-06
1.6274595e-06
1.5809993e-06
1.5434659e-06
1.5619441e-06
1.5872644e-06
1.5594834e-06
1.5271971e-06
1.5498698e-06
1.5326834e-06
1.4696e-06
1.4709027e-06
1.5308166e-06
1.5433592e-06
1.5041476e-06
1.5058281e-06
1.5423801e-06
1.5756308e-06
1.5581844e-06
1.5013179e-06
1.4676247e-06
1.5167147e-06
1.556912e-06
1.5114101e-06
1.444611e-06
1.4250936e-06
1.4537537e-06
1.4956647e-06
1.5190529e-06
1.5062051e-06
1.4820591e-06
1.4486056e-06
1.4498468e-06
1.5022808e-06
1.5227083e-06
1.5011465e-06
1.4416718e-06
1.3963576e-06
1.3920668e-06
1.3786148e-06
1.4117084e-06
1.4949735e-06
1.6033121e-06
1.5785398e-06
1.5049355e-06
1.4654928e-06
1.4328081e-06
1.3856607e-06
1.3582594e-06
1.357921e-06
1.3572234e-06
1.3948927e-06
1.4529718e-06
1.4491402e-06
1.4539645e-06
1.4937774e-06
1.5027692e-06
1.4975528e-06
1.4812018e-06
1.4737462e-06
1.4518779e-06
1.4326146e-06
1.4257572e-06
1.389419e-06
1.3465631e-06
1.371808e-06
1.3908735e-06
1.3568598e-06
1.3324237e-06
1.3241546e-06
1.3060452e-06
1.3086922e-06
1.3316399e-06
1.3405944e-06
1.3491706e-06
1.3417017e-06
1.3004561e-06
1.2904853e-06
