128.0
256.0
384.0
512.0
640.0
768.0
896.0
1024.0
1152.0
1280.0
1408.0
1536.0
1664.0
1792.0
1920.0
2048.0
2176.0
2304.0
2432.0
2560.0
2688.0
2816.0
2944.0
3072.0
3200.0
3328.0
3456.0
3584.0
3712.0
3840.0
3968.0
4096.0
4224.0
4352.0
4480.0
4608.0
4736.0
4864.0
4992.0
5120.0
5248.0
5376.0
5504.0
5632.0
5760.0
5888.0
6016.0
6144.0
6272.0
6400.0
6528.0
6656.0
6784.0
6912.0
7040.0
7168.0
7296.0
7424.0
7552.0
7680.0
7808.0
7936.0
8064.0
8192.0
8320.0
8448.0
8576.0
8704.0
8832.0
8960.0
9088.0
9216.0
9344.0
9472.0
9600.0
9728.0
9856.0
9984.0
10112.0
10240.0
10368.0
10496.0
10624.0
10752.0
10880.0
11008.0
11136.0
11264.0
11392.0
11520.0
11648.0
11776.0
11904.0
12032.0
12160.0
12288.0
12416.0
12544.0
12672.0
12800.0
12928.0
13056.0
13184.0
13312.0
13440.0
13568.0
13696.0
13824.0
13952.0
14080.0
14208.0
14336.0
14464.0
14592.0
14720.0
14848.0
14976.0
15104.0
15232.0
15360.0
15488.0
15616.0
15744.0
15872.0
16000.0
16128.0
16256.0
16384.0
16512.0
16640.0
16768.0
16896.0
17024.0
17152.0
17280.0
17408.0
17536.0
17664.0
17792.0
17920.0
18048.0
18176.0
18304.0
18432.0
18560.0
18688.0
18816.0
18944.0
19072.0
19200.0
19328.0
19456.0
19584.0
19712.0
19840.0
19968.0
20096.0
20224.0
20352.0
20480.0
20608.0
20736.0
20864.0
20992.0
21120.0
21248.0
21376.0
21504.0
21632.0
21760.0
21888.0
22016.0
22144.0
22272.0
22400.0
22528.0
22656.0
22784.0
22912.0
23040.0
23168.0
23296.0
23424.0
23552.0
23680.0
23808.0
23936.0
24064.0
24192.0
24320.0
24448.0
24576.0
24704.0
24832.0
24960.0
25088.0
25216.0
25344.0
25472.0
25600.0
25728.0
25856.0
25984.0
26112.0
26240.0
26368.0
26496.0
26624.0
26752.0
26880.0
27008.0
27136.0
27264.0
27392.0
27520.0
27648.0
27776.0
27904.0
28032.0
28160.0
28288.0
28416.0
28544.0
28672.0
28800.0
28928.0
29056.0
29184.0
29312.0
29440.0
29568.0
29696.0
29824.0
29952.0
30080.0
30208.0
30336.0
30464.0
30592.0
30720.0
30848.0
30976.0
31104.0
31232.0
31360.0
31488.0
31616.0
31744.0
31872.0
32000.0
32128.0
32256.0
32384.0
32512.0
32640.0
32768.0
32896.0
33024.0
33152.0
33280.0
33408.0
33536.0
33664.0
33792.0
33920.0
34048.0
34176.0
34304.0
34432.0
34560.0
34688.0
34816.0
34944.0
35072.0
35200.0
35328.0
35456.0
35584.0
35712.0
35840.0
35968.0
36096.0
36224.0
36352.0
36480.0
36608.0
36736.0
36864.0
36992.0
37120.0
37248.0
37376.0
37504.0
37632.0
37760.0
37888.0
38016.0
38144.0
38272.0
38400.0
38528.0
38656.0
38784.0
38912.0
39040.0
39168.0
39296.0
39424.0
39552.0
39680.0
39808.0
39936.0
40064.0
40192.0
40320.0
40448.0
40576.0
40704.0
40832.0
40960.0
41088.0
41216.0
41344.0
41472.0
41600.0
41728.0
41856.0
41984.0
42112.0
42240.0
42368.0
42496.0
42624.0
42752.0
42880.0
43008.0
43136.0
43264.0
43392.0
43520.0
43648.0
43776.0
43904.0
44032.0
44160.0
44288.0
44416.0
44544.0
44672.0
44800.0
44928.0
45056.0
45184.0
45312.0
45440.0
45568.0
45696.0
45824.0
45952.0
46080.0
46208.0
46336.0
46464.0
46592.0
46720.0
46848.0
46976.0
47104.0
47232.0
47360.0
47488.0
47616.0
47744.0
47872.0
48000.0
48128.0
48256.0
48384.0
48512.0
48640.0
48768.0
48896.0
49024.0
49152.0
49280.0
49408.0
49536.0
49664.0
49792.0
49920.0
50048.0
50176.0
50304.0
50432.0
50560.0
50688.0
50816.0
50944.0
51072.0
51200.0
51328.0
51456.0
51584.0
51712.0
51840.0
51968.0
52096.0
52224.0
52352.0
52480.0
52608.0
52736.0
52864.0
52992.0
53120.0
53248.0
53376.0
53504.0
53632.0
53760.0
53888.0
54016.0
54144.0
54272.0
54400.0
54528.0
54656.0
54784.0
54912.0
55040.0
55168.0
55296.0
55424.0
55552.0
55680.0
55808.0
55936.0
56064.0
56192.0
56320.0
56448.0
56576.0
56704.0
56832.0
56960.0
57088.0
57216.0
57344.0
57472.0
57600.0
57728.0
57856.0
57984.0
58112.0
58240.0
58368.0
58496.0
58624.0
58752.0
58880.0
59008.0
59136.0
59264.0
59392.0
59520.0
59648.0
59776.0
59904.0
60032.0
60160.0
60288.0
60416.0
60544.0
60672.0
60800.0
60928.0
61056.0
61184.0
61312.0
61440.0
61568.0
61696.0
61824.0
61952.0
62080.0
62208.0
62336.0
62464.0
62592.0
62720.0
62848.0
62976.0
63104.0
63232.0
63360.0
63488.0
63616.0
63744.0
63872.0
64000.0
64128.0
64256.0
64384.0
64512.0
64640.0
64768.0
64896.0
65024.0
65152.0
65280.0
65408.0
65536.0
65664.0
65792.0
65920.0
66048.0
66176.0
66304.0
66432.0
66560.0
66688.0
66816.0
66944.0
67072.0
67200.0
67328.0
67456.0
67584.0
67712.0
67840.0
67968.0
68096.0
68224.0
68352.0
68480.0
68608.0
68736.0
68864.0
68992.0
69120.0
69248.0
69376.0
69504.0
69632.0
69760.0
69888.0
70016.0
70144.0
70272.0
70400.0
70528.0
70656.0
70784.0
70912.0
71040.0
71168.0
71296.0
71424.0
71552.0
71680.0
71808.0
71936.0
72064.0
72192.0
72320.0
72448.0
72576.0
72704.0
72832.0
72960.0
73088.0
73216.0
73344.0
73472.0
73600.0
73728.0
73856.0
73984.0
74112.0
74240.0
74368.0
74496.0
74624.0
74752.0
74880.0
75008.0
75136.0
75264.0
75392.0
75520.0
75648.0
75776.0
75904.0
76032.0
76160.0
76288.0
76416.0
76544.0
76672.0
76800.0
76928.0
77056.0
77184.0
77312.0
77440.0
77568.0
77696.0
77824.0
77952.0
78080.0
78208.0
78336.0
78464.0
78592.0
78720.0
78848.0
78976.0
79104.0
79232.0
79360.0
79488.0
79616.0
79744.0
79872.0
80000.0
80128.0
80256.0
80384.0
80512.0
80640.0
80768.0
80896.0
81024.0
81152.0
81280.0
81408.0
81536.0
81664.0
81792.0
81920.0
82048.0
82176.0
82304.0
82432.0
82560.0
82688.0
82816.0
82944.0
83072.0
83200.0
83328.0
83456.0
83584.0
83712.0
83840.0
83968.0
84096.0
84224.0
84352.0
84480.0
84608.0
84736.0
84864.0
84992.0
85120.0
85248.0
85376.0
85504.0
85632.0
85760.0
85888.0
86016.0
86144.0
86272.0
86400.0
86528.0
86656.0
86784.0
86912.0
87040.0
87168.0
87296.0
87424.0
87552.0
87680.0
87808.0
87936.0
88064.0
88192.0
88320.0
88448.0
88576.0
88704.0
88832.0
88960.0
89088.0
89216.0
89344.0
89472.0
89600.0
89728.0
89856.0
89984.0
90112.0
90240.0
90368.0
90496.0
90624.0
90752.0
90880.0
91008.0
91136.0
91264.0
91392.0
91520.0
91648.0
91776.0
91904.0
92032.0
92160.0
92288.0
92416.0
92544.0
92672.0
92800.0
92928.0
93056.0
93184.0
93312.0
93440.0
93568.0
93696.0
93824.0
93952.0
94080.0
94208.0
94336.0
94464.0
94592.0
94720.0
94848.0
94976.0
95104.0
95232.0
95360.0
95488.0
95616.0
95744.0
95872.0
96000.0
96128.0
96256.0
96384.0
96512.0
96640.0
96768.0
96896.0
97024.0
97152.0
97280.0
97408.0
97536.0
97664.0
97792.0
97920.0
98048.0
98176.0
98304.0
98432.0
98560.0
98688.0
98816.0
98944.0
99072.0
99200.0
99328.0
99456.0
99584.0
99712.0
99840.0
99968.0
100096.0
100224.0
100352.0
100480.0
100608.0
100736.0
100864.0
100992.0
101120.0
101248.0
101376.0
101504.0
101632.0
101760.0
101888.0
102016.0
102144.0
102272.0
102400.0
