8.415739806185065e-16
8.760585232619759e-16
8.676834208697255e-16
8.631727857651339e-16
9.000949991418758e-16
9.70982947520435e-16
1.0295230020842376e-15
1.0664549601007252e-15
1.0829341279285797e-15
1.0277024163283468e-15
9.482812606661602e-16
8.71723065053277e-16
8.048277750759303e-16
7.601666558645958e-16
7.128843871953517e-16
6.650085037779428e-16
6.074946806431059e-16
5.631277135803729e-16
5.288949981114777e-16
4.971159678225688e-16
4.755893712118549e-16
4.500463287033716e-16
4.1843007922212094e-16
3.9167374597147666e-16
3.62765902020773e-16
3.3566418550001194e-16
3.1034074486908345e-16
2.883755488220038e-16
2.721863255734962e-16
2.6039667875241683e-16
2.494614857573451e-16
2.367343214989069e-16
2.223041341422223e-16
2.160907101128978e-16
2.1032486720727062e-16
1.988378103352545e-16
1.9085074856245707e-16
1.8563788752345052e-16
1.7798532372939506e-16
1.6960722995936226e-16
1.6420206714205723e-16
1.603911878190151e-16
1.5747551606727338e-16
1.5478286059398968e-16
1.5162880020574158e-16
1.4537596704032944e-16
1.4032717854029616e-16
1.3765905840801548e-16
1.3327876730250248e-16
1.3217473738924173e-16
1.3112533789043103e-16
1.2556530328702884e-16
1.2264169985177325e-16
1.223545502466171e-16
1.2075993437704507e-16
1.19387398091878e-16
1.1775619827634615e-16
1.1480900374812492e-16
1.1350299540267873e-16
1.1284255810940549e-16
1.1184689010091326e-16
1.089843983986362e-16
1.0602228475142451e-16
1.0445078407380729e-16
1.0397776113099109e-16
1.0411942099854938e-16
1.0224745304145697e-16
9.882291469140051e-17
9.738805803576708e-17
9.757311554312284e-17
9.586871761973414e-17
9.434272969751811e-17
9.464744987015363e-17
9.393827427018352e-17
9.118184050746378e-17
8.943606185808539e-17
8.917288859909413e-17
8.786753745028197e-17
8.654754667989842e-17
8.668582236249077e-17
8.532810699451825e-17
8.384414944094161e-17
8.386633549282764e-17
8.417907799678866e-17
8.144889432950777e-17
7.760353106814087e-17
7.560506408997818e-17
7.36616158010585e-17
7.45740200176155e-17
7.483304462842978e-17
7.261576894106359e-17
7.136487144346884e-17
7.050714069907237e-17
7.016048533799965e-17
6.890859146987587e-17
6.705352555265238e-17
6.806460822150506e-17
6.78540477077576e-17
6.510984686721158e-17
6.407078121892183e-17
6.360977666512527e-17
6.409562400708581e-17
6.423821754710344e-17
6.374989703068342e-17
6.33471593793784e-17
6.261376721654271e-17
6.176599186805382e-17
6.085487938281192e-17
6.026258280490737e-17
6.102161470125058e-17
5.993687539769408e-17
5.914222797617818e-17
5.958249759847254e-17
5.804798047258457e-17
5.680714714827134e-17
5.673764369413509e-17
5.641531291790343e-17
5.607239526826183e-17
5.503102489936249e-17
5.3230131625140504e-17
5.363498816904138e-17
5.51909518117525e-17
5.508180353721849e-17
5.397069931766178e-17
5.337802504054229e-17
5.324228825207282e-17
5.299925164902727e-17
5.2831172476781825e-17
5.250889004604968e-17
5.164063433532945e-17
5.050631143423306e-17
4.970996058925772e-17
5.014593350528285e-17
5.1054318246794396e-17
5.0252415978757776e-17
4.9400263851766065e-17
4.92747506256468e-17
4.9754628053815866e-17
4.9718476195757943e-17
4.866547118024134e-17
4.775122530231224e-17
4.78933066821944e-17
4.6839700369527617e-17
4.613336733384919e-17
4.607363646920051e-17
4.4976379458262214e-17
4.450885506061721e-17
4.516546399464776e-17
4.493748323770847e-17
4.442214816263853e-17
4.5454501340480214e-17
4.6382487915849114e-17
4.5888807847568994e-17
4.394624564100756e-17
4.2550033658250715e-17
4.301535002628513e-17
4.286740071139953e-17
4.287441534121954e-17
4.3183386896218503e-17
4.2549007071784486e-17
4.2379667894957975e-17
4.2651862121999046e-17
4.179608257174699e-17
4.173825531114163e-17
4.2050534755865105e-17
4.1412695962020594e-17
4.109775071623803e-17
4.122465160927302e-17
4.1485782270909837e-17
4.037400801294582e-17
3.981690469249166e-17
4.043846842716408e-17
4.064898210620889e-17
3.975373903118224e-17
3.8931693308614015e-17
3.898310723654956e-17
3.8998005204383963e-17
3.872522629895815e-17
3.838264555701628e-17
3.8402628111682297e-17
3.841241127674788e-17
3.794477356933839e-17
3.777990332962314e-17
3.759530812610646e-17
3.6688242310253506e-17
3.6404388508446997e-17
3.7092792917790274e-17
3.778981717861709e-17
3.7260638671920886e-17
3.687574957471744e-17
3.710908988351684e-17
3.6656192265669906e-17
3.5544235956684273e-17
3.543528635193731e-17
3.624410051560749e-17
3.6484938909222035e-17
3.653528848076986e-17
3.627981575337294e-17
3.5603918475833456e-17
3.5571215767006415e-17
3.572346480975498e-17
3.514974272384313e-17
3.5232622773375966e-17
3.484571827316155e-17
3.452934381354963e-17
3.5386222468517186e-17
3.543159018741984e-17
3.446888852180666e-17
3.381128321724709e-17
3.366075119512968e-17
3.3545195631113284e-17
3.366518613931159e-17
3.3690146014232195e-17
3.3206452313195284e-17
3.2561130542504235e-17
3.29941732680198e-17
3.374185832454754e-17
3.287513154024944e-17
3.200177084693999e-17
3.252347090918023e-17
3.2577221284459434e-17
3.2655364230438404e-17
3.2849443461242416e-17
3.33879277211965e-17
3.2490064169016535e-17
3.099627359407795e-17
3.077348695674261e-17
3.08158179739571e-17
3.141026441579312e-17
3.1851984403072894e-17
3.137428176698349e-17
3.097286983992293e-17
3.0502958383239466e-17
3.0285110540838785e-17
3.0627798549357697e-17
3.052403248863668e-17
3.068228997049663e-17
3.039717616410906e-17
2.972092762629966e-17
2.97088911077177e-17
2.97277156365907e-17
2.925802702244405e-17
2.884477498039332e-17
2.979048320292757e-17
3.018691327734296e-17
2.9405395435937056e-17
2.868143819949076e-17
2.86200658540539e-17
2.904122389607192e-17
2.930699194866988e-17
2.8955101676477977e-17
2.83714914251188e-17
2.870380630239839e-17
2.8587936492635164e-17
2.8001149035479845e-17
2.8095105492190234e-17
2.852604367768011e-17
2.85034716171964e-17
2.7772123562512e-17
2.7917373838807586e-17
2.8385449677306404e-17
2.7919612084355366e-17
2.717306541326147e-17
2.7396337016388796e-17
2.7347351694405363e-17
2.720411228873017e-17
2.731416250898948e-17
2.763069484687327e-17
2.714229350282125e-17
2.6208410287308582e-17
2.610069424819764e-17
2.6414009344168505e-17
2.620769114800332e-17
2.575795713878079e-17
2.5711250853860353e-17
2.650921825147566e-17
2.6300163246798967e-17
2.5784868207845813e-17
2.6226747584194292e-17
2.6257057190795417e-17
2.578914300756059e-17
2.566406564633537e-17
2.585091571416529e-17
2.62413501912426e-17
2.6288672881281833e-17
2.5689156205184346e-17
2.500892294065725e-17
2.4881757658171796e-17
2.5128212439112615e-17
2.5489087420229686e-17
2.5528634794230004e-17
2.5155625092735084e-17
2.4903813026129455e-17
2.4830667796162676e-17
2.4607250401138383e-17
2.4456952552534245e-17
2.458640064907484e-17
2.4769783438111536e-17
2.4816386233447078e-17
2.4954093101021722e-17
2.45595296161266e-17
2.4137177289190918e-17
2.4353466744630716e-17
2.4117679700316885e-17
2.366005177750195e-17
2.3662727398740635e-17
2.326741833559521e-17
2.349703301933837e-17
2.4212081086702487e-17
2.4861222151855092e-17
2.4024729434315116e-17
2.315050456520187e-17
2.3135791669982793e-17
2.293996218101671e-17
2.2623622469732547e-17
2.295749875556673e-17
2.3525015243376986e-17
2.338666855333222e-17
2.2975478748995102e-17
2.2830760273194172e-17
2.2649569650401027e-17
2.2027755878848322e-17
2.218601109451298e-17
2.3037719802626337e-17
2.322367170172311e-17
2.2804780610393206e-17
2.242919802184607e-17
2.2912473987551244e-17
2.2513306349225914e-17
2.2064984179668855e-17
2.2171911582818982e-17
2.2136543072932845e-17
2.213127039189218e-17
2.1933031181934726e-17
2.1647516258980878e-17
2.133020812690959e-17
2.1144646013402642e-17
2.1344405085001045e-17
2.1331566333286543e-17
2.1369355139742064e-17
2.1626634024784848e-17
2.1944111366104432e-17
2.17160286303771e-17
2.126533979753918e-17
2.1231303055084954e-17
2.1431338602508698e-17
2.1642928724316123e-17
2.1812378189313402e-17
2.1585072003172e-17
2.1278069016481346e-17
2.127755534554902e-17
2.109224251352394e-17
2.097013688972192e-17
2.1492488105408736e-17
2.161716208387239e-17
2.140140518432566e-17
2.1358188840151345e-17
2.1154213134517267e-17
2.104142459494959e-17
2.1007722493999802e-17
2.1050600419677528e-17
2.0866989500315e-17
2.028825156882865e-17
2.042575598962408e-17
2.0232839317003672e-17
1.971188407761531e-17
1.9955014350066155e-17
2.0332161368761605e-17
2.0442382309066077e-17
2.0418245063035628e-17
2.0086994542143764e-17
2.0055832846113715e-17
2.0095376443121885e-17
1.983833550858451e-17
1.970809726528624e-17
1.980662614869279e-17
1.9593142998420047e-17
1.94558176070525e-17
1.9303468851711197e-17
1.9273374533662595e-17
1.9253217481959264e-17
1.8989949042765835e-17
1.9241383410156522e-17
1.953889859256769e-17
1.9599511762582497e-17
1.979466819154755e-17
1.950194978916621e-17
1.9062184773023014e-17
1.9153530572759686e-17
1.9430414313253547e-17
1.953853449052448e-17
1.9418171570900234e-17
1.92085394418231e-17
1.9219805454006562e-17
1.9050825091434247e-17
1.8722178428930232e-17
1.8795316104912706e-17
1.8940992425922743e-17
1.9262542120177895e-17
1.9433741843337237e-17
1.910713249039865e-17
1.856448069730683e-17
1.866778294339189e-17
1.8839095976315723e-17
1.8603535551530855e-17
1.8328673257235393e-17
1.8345845729742206e-17
1.8371667514271318e-17
1.826478921201914e-17
1.800321135451182e-17
1.7824816461307713e-17
1.8177124468831344e-17
1.8150460415052898e-17
1.7704569117643245e-17
1.7895352545097628e-17
1.7919103027131973e-17
1.7707310458545335e-17
1.773285576724911e-17
1.7719096184848564e-17
1.7621295505528438e-17
1.7860255223247826e-17
1.791341789854858e-17
1.764848002882508e-17
1.8044354129996068e-17
1.8261280386312273e-17
1.8114146146332537e-17
1.7807152979821473e-17
1.7677570422360355e-17
1.776064083229752e-17
1.76947942619604e-17
1.7600411760535545e-17
1.7623656125621856e-17
1.757878243729235e-17
1.7658714922151733e-17
1.7583182633146493e-17
1.7508186677026478e-17
1.7458526028846723e-17
1.7231864197566023e-17
1.6898527266210786e-17
1.694689240608327e-17
1.714787673393496e-17
1.7248485229219013e-17
1.7335782848769877e-17
1.727499971410834e-17
1.7022045485076705e-17
1.7142548908808908e-17
1.693656837574189e-17
1.6328391056645655e-17
1.657848081483113e-17
1.677605376337341e-17
1.6624506485766226e-17
1.6892313358726465e-17
1.7027577267778826e-17
1.694639082152582e-17
1.6800792306554055e-17
1.682063360171369e-17
1.6811105761317417e-17
1.73234147102772e-17
1.7854745347100175e-17
1.7265308707651215e-17
1.6522403812387844e-17
1.6153162038261247e-17
1.6080115765488792e-17
1.6099601267987942e-17
1.6329395736557418e-17
1.655963362400524e-17
1.657964715000689e-17
1.646537651871975e-17
1.6620984062887624e-17
1.6499345275315286e-17
1.5911217741345337e-17
1.5706886243050777e-17
1.5967639960871082e-17
1.6100466954588603e-17
1.6220412138881117e-17
1.6441169020635322e-17
1.60747312854805e-17
1.565007877032578e-17
1.5976286251299666e-17
1.6148020041148948e-17
1.6007048341560298e-17
1.5819278953841197e-17
1.5797617148465517e-17
1.6100025801905544e-17
1.6232367074432637e-17
1.6220286742741755e-17
1.6372284237813157e-17
1.6265354568467744e-17
1.566783894281105e-17
1.5394341653478413e-17
1.5703109250901298e-17
1.5831841229730353e-17
1.5585123570135936e-17
1.5321092178528312e-17
1.555324349019906e-17
1.526189235897584e-17
1.5344896293851178e-17
1.56219583083745e-17
1.5451594055878613e-17
1.5141004437442817e-17
1.5221395449149147e-17
1.51934932973441e-17
1.5281545559926427e-17
1.530856465096693e-17
1.4882763174800342e-17
1.4934391635889975e-17
1.5048425072070125e-17
1.5050242560692455e-17
1.5313339524442296e-17
1.5294502909194426e-17
1.5173471461959723e-17
1.5071210910309488e-17
1.5007785391940183e-17
1.495378497978068e-17
1.4991185511443233e-17
1.505143306861797e-17
1.5034585417436014e-17
1.5098322915356866e-17
1.4985259410760702e-17
1.4829441110430887e-17
1.4716549836676738e-17
1.4567635877996162e-17
1.4346966622459825e-17
1.4364919421544722e-17
1.461194452830011e-17
1.467537306826314e-17
1.4820815215759908e-17
1.4968207802002673e-17
1.4814729726008673e-17
1.4679885063084903e-17
1.4665240909122948e-17
1.4669975746481536e-17
1.4598731098964377e-17
1.434961278315975e-17
1.4365471617796976e-17
1.4307781084307434e-17
1.4118489568752093e-17
1.4210713896862732e-17
1.43974944680371e-17
1.4671875573532722e-17
1.4753695799068414e-17
1.4495820904664437e-17
1.415900687433639e-17
1.4190709435642244e-17
1.4435530289779198e-17
1.4299300226134996e-17
1.4157265680955483e-17
1.4080283782363272e-17
1.4070625258038628e-17
1.4054675775589816e-17
1.393162665914886e-17
1.3975811424110304e-17
1.4073745808952527e-17
1.402129018658216e-17
1.405733024567247e-17
1.3895360735928017e-17
1.3884989870883982e-17
1.404649934298463e-17
1.38813163683194e-17
1.3682560465835898e-17
1.3606681448951334e-17
1.3683897521056812e-17
1.387540462020704e-17
1.395756250884089e-17
1.3666976596227157e-17
1.3546444467354613e-17
1.3627717784427061e-17
1.3506820042714449e-17
1.357242261935872e-17
1.3681690246844659e-17
1.3581844703974805e-17
1.3436576298116906e-17
1.332417527794376e-17
1.3155535600063328e-17
1.2943630477110639e-17
1.3233970129836228e-17
1.3614481693138433e-17
1.3532187832787198e-17
1.3598720304898667e-17
1.3565361910234486e-17
1.3378767167073872e-17
1.3190508281172196e-17
1.3076260311837953e-17
1.3060820723329322e-17
1.3045400019781439e-17
1.3272502248346763e-17
1.3429718035771888e-17
1.3389419795732259e-17
1.316771791054225e-17
1.2897866174032283e-17
1.2996834699325031e-17
1.3187395284242598e-17
1.3173227786689908e-17
1.3294656573498737e-17
1.3245933374770482e-17
1.3170147271892795e-17
1.3230366123927196e-17
1.3274017577597134e-17
1.3090208743845973e-17
1.2772121040595035e-17
1.27394334397366e-17
1.291647239275904e-17
1.2818636209712704e-17
1.258575140616653e-17
1.2585045864033008e-17
1.2725620224047532e-17
1.3013512385860263e-17
1.3102977243506494e-17
1.296875276269367e-17
1.2919805966030169e-17
1.3192188287280284e-17
1.378388810042521e-17
1.3294962509862844e-17
1.2501396063500108e-17
1.2548509508174255e-17
1.2801070174623917e-17
1.2876259512741988e-17
1.2836114618583624e-17
1.2643117873729646e-17
1.2695895295831148e-17
1.2701123408364455e-17
1.2612435100304156e-17
1.2297002622534299e-17
1.1958222290093233e-17
1.1909297399984198e-17
1.218542196505602e-17
1.2401678182964905e-17
1.231353980496157e-17
1.2167079380381296e-17
1.214696463099004e-17
1.2275945135902534e-17
1.2501436855015323e-17
1.2467113816556166e-17
1.2491379480319697e-17
1.2569096381584194e-17
1.276104689961277e-17
1.2916402140705056e-17
1.2639772969482069e-17
1.2543839635080641e-17
1.257664809968786e-17
1.24002074222219e-17
1.219197957882594e-17
1.2297339530234034e-17
1.2489459257510903e-17
1.2695769144293357e-17
1.2517918893357209e-17
1.2405804924587424e-17
1.2457166730031304e-17
1.2579189260006025e-17
1.2856199907436115e-17
1.2794424179237699e-17
1.251157052495237e-17
1.2457618458292379e-17
1.2472043546709663e-17
1.2261356881424391e-17
1.2069895861578393e-17
1.2107431609559895e-17
1.215268752949493e-17
1.2084906383778843e-17
1.196446037032731e-17
1.2032397883518384e-17
1.1984655191952135e-17
1.2048354164553065e-17
1.2017926715796879e-17
1.1786238463363657e-17
1.1951068666962126e-17
1.2287433990622814e-17
1.226967910592655e-17
1.1996345738053198e-17
1.1936132173807804e-17
1.2047428046078014e-17
1.2222981130388847e-17
1.231504002624334e-17
1.2384097795305951e-17
1.234270951533198e-17
1.2115277177652791e-17
1.198094467486449e-17
1.2094650268126066e-17
1.225949784588842e-17
1.246362387581005e-17
1.2341639115756819e-17
1.2237739349513713e-17
1.2068240028220062e-17
1.1964604651427422e-17
1.1944575262058742e-17
1.1890312726644066e-17
1.1855037886163243e-17
1.1761496143190864e-17
1.1798590738489305e-17
1.2084919980950584e-17
1.1972542378128762e-17
1.1792762839602664e-17
1.1901519062351565e-17
1.193478227681358e-17
1.1778942069929297e-17
1.1857771673081032e-17
1.1963843209810084e-17
1.1849429052821269e-17
1.1876690626757762e-17
1.1859529485227399e-17
1.1788645918159734e-17
1.1769647647647863e-17
1.1798513687849456e-17
1.1500468971138933e-17
1.1366049597531195e-17
1.1622660710361956e-17
1.1950715140496934e-17
1.1997518116416395e-17
1.2191497634627667e-17
1.2209434570345531e-17
1.2031855507445718e-17
1.2298393311043736e-17
1.2422364768967593e-17
1.2327094674387612e-17
1.1951160825570575e-17
1.1833397987342026e-17
1.2413421606956057e-17
1.2512189196266456e-17
1.2400616092772472e-17
1.245719392437478e-17
1.2375017906178606e-17
1.203546253494847e-17
1.2079123053399563e-17
1.229380351018369e-17
1.1942843888857423e-17
1.1659317174571062e-17
1.1798901207243994e-17
1.19901703558888e-17
1.1780313118079557e-17
1.1536422914808237e-17
1.1707692134623132e-17
1.1577866338867588e-17
1.1101335325742948e-17
1.1111175901089194e-17
1.15637645609783e-17
1.1658511164446361e-17
1.1362307353709494e-17
1.1375001824323885e-17
1.1651115058419258e-17
1.1902290324148488e-17
1.1770500492475214e-17
1.134093184433874e-17
1.1086413940557222e-17
1.1457239029792881e-17
1.1760888802853227e-17
1.1417168164680649e-17
1.0912568812096383e-17
1.0765134678939976e-17
1.098163262434643e-17
1.1298227660299893e-17
1.1474901755880695e-17
1.137784967640459e-17
1.1195451171522046e-17
1.0942743957776984e-17
1.0952119963088845e-17
1.1348205575820205e-17
1.1502514590087091e-17
1.1339637091429902e-17
1.0890366141444896e-17
1.0548063386125232e-17
1.051565075029528e-17
1.0414034553505748e-17
1.0664023088301615e-17
1.1293006346352457e-17
1.2111394429723128e-17
1.1924264864474147e-17
1.1368259137938638e-17
1.107030960143028e-17
1.0823409890814257e-17
1.046725917147775e-17
1.0260270181506818e-17
1.025771391322005e-17
1.0252444253773101e-17
1.0536997554525692e-17
1.0975726164023078e-17
1.0946782317783204e-17
1.098322500423665e-17
1.1283971025732478e-17
1.1351894941751814e-17
1.131249033805475e-17
1.1188975140782554e-17
1.1132655655443271e-17
1.0967462860598452e-17
1.082194819485241e-17
1.077014750292076e-17
1.0495649310668507e-17
1.017191651495096e-17
1.0362616093179627e-17
1.0506636580831336e-17
1.0249697625082002e-17
1.0065107709354328e-17
1.0002643057787847e-17
9.865844934524368e-18
9.885840330963698e-18
1.0059186896460809e-17
1.0126829048865792e-17
1.0191613529010484e-17
1.0135193575680025e-17
9.823624960879085e-18
9.748305694231072e-18
