396.47256854888406
132.18406494619316
52.49122107586928
44.00671009169302
56.59954855542393
30.09719350100962
15.55260167510218
15.20951406437337
16.496520801501852
28.198329667159236
69.47349180022887
378.9461031697295
238.42480868699295
59.231027841374065
84.60175245017545
108.41632861225108
77.86186875736794
60.07177363755612
67.32429965363315
87.7379083020885
162.72160085794337
158.83788610943108
115.56441374005416
110.08138843842704
201.92086011702096
250.85624443972443
188.17342583831885
322.25819127660253
192.5863256823957
90.64363764697897
75.67629250402652
55.46742306361828
62.0285640855576
617.1011618691018
128.37847795949924
144.7380042976942
127.70627604464526
281.58777697201157
164.60673688218944
98.41245376347324
49.06939648893207
61.44145322872994
145.95489616520308
82.5366149530056
114.22611672403656
138.9611897095085
70.52352141270953
34.82678999810212
23.08359062372012
24.08924230461036
34.1386078823489
33.52971551090684
29.58953860175307
29.668593010022768
26.56353319824539
28.704027357920552
27.622108048782994
21.069238096936427
22.087175254767047
24.516710747540685
22.02812068057786
20.956454113381096
20.230890559312513
20.487193910444127
36.736320924236146
52.62288565880297
45.78734326481441
57.543545667983125
50.663854400299556
21.79873675742099
19.97989645270308
17.257327147717117
16.94354641997791
16.32381772023731
17.297553337899654
20.00234266618032
38.48017703057764
53.529639976078585
30.423326343211134
19.08161210448815
19.51952287193151
18.8259537071028
21.9510924161136
25.357076031875167
21.276252568685223
16.7640366221438
17.0023972212029
18.15650599729838
14.022612271125121
11.200601441700794
9.554506106045338
9.350630358601746
10.588847818433157
11.671179577027669
11.498728025150793
11.608325406173678
11.445978367779796
10.96408812788935
10.418888990842058
10.020739777138667
10.706984553486716
12.926453292692697
13.851559523559022
12.135977729807482
10.490724565680702
9.93576453550933
9.985247238285227
9.734679416288165
13.002456409147563
18.155705163767944
19.274929150115334
16.595819905831394
14.621442452212946
12.662329846093133
8.923647019204243
8.61432642320068
9.631367436750406
25.923239308803904
73.3273963347575
48.95565321252335
38.400072484432336
36.23330334771643
28.3304201755423
10.919666950176298
9.322559293798497
9.347271681378965
8.70342811222984
9.07538858237635
12.670074989474555
13.875628280074503
8.745046358735058
7.506107437527709
8.352861775299026
7.897769051830473
7.218144731825525
7.125961593341137
7.156755267898154
8.145475780242085
13.592961192864719
16.75763054121984
10.62269805106683
6.898808311378636
6.508418449264828
6.5190520865358765
6.843201060438968
7.696374690508994
8.392199709910898
7.436402457990402
6.543900830141189
6.631157391331886
13.019632237801092
18.957959505484727
15.058128739536015
29.629738055308387
56.209770899756194
45.82801261342049
29.817074012570824
18.334141145010634
26.471733015068764
17.40220562867275
7.581592031631153
6.440927229917825
6.29419751528464
7.018659045953408
7.639501446988884
7.603930730296726
8.863204801765354
8.167650707344414
6.486811276016072
5.980498880305218
5.443070586989095
5.115280897647791
4.989620485268953
5.291042191898046
6.13258316129928
6.516058816653855
9.03643755651404
15.619697797889255
14.61732215196854
6.736899843035307
5.046329618031616
5.649088546413383
7.202157892402626
9.905633435863228
21.91467160129361
112.29099741254049
113.77765821809112
64.38368946833076
21.887336199883894
11.505892144122909
44.913736383253806
91.41827315618701
48.602665032210815
59.02818747497744
58.0162985936262
50.48790558675906
48.396025917079236
51.06736502279108
64.6622593175526
8.718753759116822
12.321486518868857
15.619275999013283
23.650379003388156
62.75481585401726
97.84810872772732
72.34809737103144
21.662673306197213
10.32814933440699
12.717934942253537
17.642512542779315
22.030652178285614
26.696524717931762
42.46700983126826
47.98487138868257
26.72333915378664
16.632261488114484
17.032833376814047
18.30636108457404
18.490851098400206
21.789021013111416
48.62846368562973
56.16518783935146
69.34832987763988
76.15951933287896
74.52071941610265
39.195419007796914
29.136519152089583
20.742373564008414
14.475684778927972
14.219186163390807
23.722799192787118
28.19100457793944
19.749785068703144
10.556247875987417
8.501259721499656
8.47112341771055
8.025613587237563
7.063580798994299
6.49468446148012
7.01819195193118
7.09101281718267
6.086185394616638
5.473000496467337
5.280733414651744
5.099991616146676
4.975234964539663
4.911164349469817
4.832239706474608
4.691274809311187
4.420385262005498
4.579572624246004
4.777473574420679
4.385266588639165
4.266522608437582
4.2452125285382705
4.010196232729084
3.7298643907959583
3.558322193255621
4.40547292212491
8.232382313925974
9.27206935198373
6.068600600863973
3.694140838582634
3.4884862249790096
3.6258452443768974
3.5874453144352016
3.301866036007548
3.2297835308697715
3.22865765604369
3.234940927645247
3.2226414035186726
3.11360475399852
3.1290278777415255
3.130393945753518
2.9866285809277198
2.9585250573140938
3.012252868417596
2.90779460637063
2.8301711640001277
2.838273653566067
2.8769597469065826
2.844976441453716
2.697636061018891
2.5657758905734522
2.661451005052309
2.7439600850747494
2.779291743577321
2.714868854400475
2.6104443684877037
2.604246363107233
2.5539045494250234
2.5313549703422598
2.533325706580767
2.531990578651409
2.5557932291213556
2.6234493293574053
2.619858898316984
2.5441057784972854
2.4980295565329667
2.4029042946635926
2.3889047356622974
2.4119403367255425
2.4280203197084704
2.4001238063404577
2.4248418846651414
2.403983991620196
2.44369435948714
2.3877398442310565
2.2266957152515507
2.232413163081104
2.4057894597272558
2.553509529549322
2.488077801382326
2.3228672366739698
2.4659291866827484
2.807363172289907
2.779996632441238
2.3293242814364494
2.859658746611981
4.507257756455749
5.7454482065425285
5.875414110869183
6.643243964315339
10.794755490424887
12.596454922900463
11.525913494934429
7.799889438217879
3.602621755997735
2.531734648536689
2.658376918887646
3.539078532877852
7.507216041518552
9.576131087234566
6.25721756655782
3.3349866642788797
2.965878046445965
2.8624716866635045
3.0519838261360084
4.354348738973577
21.044252034764806
58.05551234126563
91.9873641194666
64.82484273941263
12.446175555889047
3.9353488065083737
3.580862164540339
3.016927322161232
2.49099324661549
3.6834569548507328
7.985878457321887
9.02458120276741
5.21052744538404
2.331090082918184
1.9984475506265686
1.9891412418138539
2.0479649038717658
2.1357330319817325
2.2143205467573486
2.4839314451605294
2.5377167327315666
2.164466331133018
2.004386212091113
1.9562150822283024
1.971481633682245
1.9863683567626262
1.9033961271819688
1.8324108237011398
1.8539137521600324
1.9379069722572317
2.055416025244989
2.503086288193627
3.773909170954034
3.893149188479079
2.6905276037974577
2.1641560483253133
1.951389085689017
1.83673390733878
1.8161683759286664
1.8391795827722293
1.886509228068677
1.9570607885444502
2.4409065196662025
3.201234378704589
2.8795818808454636
2.031536090602856
1.8247782457401305
1.7905500075098462
1.9209494342164695
2.2096926480602668
2.8485852389151463
5.461592774815369
8.530500571921147
6.465314204892481
2.781554905588757
1.9176628976303995
1.8860272576271093
1.994336633783562
2.168327988034643
2.09059408540236
2.5869369993746485
3.2632287686614307
2.665545586488509
1.9152021764321254
1.7678895404652935
3.356968578863623
8.347510063926713
10.332695005610072
6.202667176359394
3.081387781131365
2.7075688834315685
2.2901369327284904
1.974423605585845
1.8555788138117837
1.8059700501126357
2.020418573066203
2.2016406013934025
2.258606442251584
3.4753650604407493
4.603296964931546
3.451627737054257
2.138416610225886
1.87392375546235
1.8239085252831497
1.7718881955984973
1.715441098585261
1.8168154784417614
2.1772981789385653
2.3955312680449175
2.132281025989333
1.8977582875397074
1.7912872604170043
1.695276160649063
1.6926948213724895
1.7449972793993462
1.8240046145373514
1.9939055161073058
2.108268230421529
1.9878644856957222
1.8123560598998034
1.730622915905241
1.7215468382975412
1.7189507933103494
1.9328995441456147
3.509322871170233
5.425894474154682
4.706795404840547
2.702505039339215
1.9161188815290684
1.7587874313331415
1.7555097839191047
1.8250689268782336
1.8078769710963187
1.8323964110266047
1.974572880802734
1.9746056972249093
1.884276130800805
1.8934895719661848
2.0290554495768798
2.501710582890871
3.106179644021534
2.715670280658303
1.9093394434627073
1.6900307063025914
1.666872402586569
1.6567771023172673
1.6908293061082509
1.77081679066815
1.8692203846720914
1.93130031526059
1.7874710097056592
1.6388271287691147
1.620391989822355
1.6580349937700711
1.664823649550671
1.660001912979596
1.6964992552297566
1.6971027319298293
1.6326945788904852
1.6075854956926394
1.5955958607828706
1.669489086499266
1.7066830788750884
1.6741148540085529
1.6986930954702424
1.7066086304335988
1.685248606755684
1.9214695734075882
2.0256757850112987
1.8048524905792553
1.7731221063749343
1.7602689991381157
1.7254643648360413
1.7212216933860363
1.8667057846111637
3.5530549037633294
7.604791458721254
8.381034760534929
5.559820858629652
4.659752123943787
3.1624982610866073
2.212551053462145
2.3245227153872525
5.267991511860997
23.4687371369633
39.20709360257772
56.28136076321268
52.63158396945712
28.534746554665222
14.856874901166824
4.762957507380164
3.3926225069257625
10.499768184828897
24.545557895147894
29.148896917729548
22.26569389910641
8.521329459317815
4.7690331932084895
2.878142009497995
1.9340624629204461
1.9357588569177722
2.400526132143782
4.262762341683045
5.266668516203097
3.47324171065942
2.117318858625169
2.320897986906969
2.9152252757472263
2.9530893297529435
2.5383714804589474
2.2835644513626243
2.09062751903699
2.070245593484208
1.9945949229915723
1.9352218648203958
1.8269369532462625
1.7600084209049207
1.8553787631710787
1.9477236470360935
1.9016584731923034
2.2570530278969034
2.876146499272111
2.7104116695782903
2.0459250875891137
1.7727362619015987
1.748830099007764
1.7525716388503045
1.796266939750492
1.8394607193096015
1.8295743071017068
1.7656741736169992
1.7031775762183405
1.708274748747437
1.711733285908315
1.7080767666345382
1.759671207052455
1.7991460993838684
1.8006783219383407
1.7856351964280508
1.7943735079865835
1.7970156265675539
1.7959911974853846
1.83916420152754
1.858771411212484
1.8105488724278076
1.775833754190059
1.8061309444525504
1.8636193380048818
1.8578672532376395
1.8523669402616176
1.874923382217792
1.8363800603037765
1.840217635423363
1.8421670839546413
1.852725693933765
1.8668045936530016
1.8689090780045696
1.8993373148689583
1.9352971179844867
1.9869080339963443
1.9710645347672742
1.9903545955154394
2.2415098705801992
2.896793377596045
3.6838381243391485
3.549746507147599
2.894658806755961
2.6104709480855712
2.5335823413050687
2.4909481865138967
3.386728612533384
5.43878761171199
6.143765661488532
4.749623091720553
3.186165046570697
3.2299943329955276
5.070991002172752
5.737067805765229
6.688391137479306
13.637519071587107
18.952203885987547
9.978520134567997
5.125553639741847
5.416570912075149
4.667545911399145
3.477879909492251
2.895804729089197
2.6985464092362967
2.9139988329743454
3.123247008681865
2.739851207537052
2.4508850887021105
2.559908603152671
2.830390786601004
2.929549884120594
2.7068492483114905
2.435343703975719
2.2715580397221222
2.3433465181754243
2.5057808790509144
2.4506674695393755
2.3943498869518725
2.82223722221767
2.7589383620586236
2.4825919349328
2.8307307319361454
3.6739179109305566
6.956009425023255
10.870147249454854
9.840940673765827
6.123144587939236
3.1765719153866607
2.757644832672727
4.242359047627744
8.872193443651875
17.486477716529986
48.93609772076193
362.1442886580133
59.38784147233833
24.555798496573573
10.683538565906685
7.717573224249047
7.928948976777749
6.284689724293396
8.003930002450238
15.635512010914915
18.68311245521174
18.494955194933553
10.991974953480339
15.464326686641058
37.59533754797201
80.29204281704806
75.23486166529054
36.77238278909792
53.0403293393245
46.2353292343562
22.051262723266767
5.126828001780084
4.034062009900201
7.404900623761269
8.979261471113178
6.13299999527335
8.272115490694926
10.643684177885
7.31012653935932
3.4883267186247697
2.8679014185073943
2.791824099825148
2.9988121439796163
3.086215957068204
2.8640225221882867
2.975511599746662
3.140206201058919
2.9427328115079336
2.6955525945824252
2.5989405600440185
2.6120514671427935
2.8532557692899805
3.104184429664551
3.001455974950115
2.846644731380339
2.808882996733443
3.1525087336381707
3.7089703483718734
4.314768093841552
6.8917424324797985
15.262146388127332
15.163966923011289
8.097892222206113
6.923755101874119
10.395642373151489
18.199576506649098
67.46451086551535
52.25515478635621
33.18833392063988
19.924742981169153
24.313041388889165
21.492813897444428
17.360132101018916
21.059591369188173
9.861271460603
4.498008953150692
3.9723742384794947
4.838522842919407
6.52290564106425
10.26613291120017
19.171192552923806
49.80507957745926
34.05644946880492
15.532025721088146
10.339587809815853
7.858124277618909
5.841134627589055
5.19467594545269
5.59536459134451
5.40219806681053
4.941306400701499
4.73471953771822
4.961962293905621
6.610885203468859
7.1302333215698965
5.057952052646664
3.9326375328968424
4.283301085436129
4.632004492439839
4.652646462456797
4.904375155835517
5.371437812856299
5.630758014040958
5.9118048981404225
5.779526021343289
5.487548362431022
5.606793135624172
6.235073768038548
6.416290907601384
5.707664897288163
5.445397882383638
5.668886709490777
6.087282596632177
6.335613794604138
6.1077254278905375
6.630803298973133
8.958234399687797
10.749502316266886
10.09939576229848
10.34251648418659
11.642913989803397
22.66983473884418
82.39885889412173
94.40289139656905
34.81766345221529
24.79901374897271
27.6592182274489
36.6703072287153
26.09175048921411
44.46724547118781
29.85092237925949
14.898163777097412
11.936891507251923
11.042844342788639
9.709416102650037
6.8116649114266075
8.300434716977406
20.986859113259893
16.78170459063753
13.297395788020001
10.870655803799727
9.479661025248568
9.407654491441296
10.91658990497132
11.735914448489886
10.862071552599096
9.016280158649192
7.213441210056095
7.665564003640851
10.961030093523656
15.210879692096803
13.135700385696689
8.12930967699352
8.662986238279217
15.599928124384283
16.08147226370693
10.96186738870332
7.041810739318831
6.117047799380744
6.158376767298647
5.79552472293333
5.208066420037024
4.90295230708181
4.802517913856234
4.8192046005477644
4.587862312429227
4.773819002775549
4.604656140180371
4.225996144217134
5.282816218408131
6.908565167875639
6.3066058343584945
4.797138999366487
4.490788986281266
4.357020286544365
