0.0027039121
0.00075113215
2.183924e-05
0.0020720141
0.0055399528
0.0059098848
0.0065656197
0.0011867948
0.0017571995
0.0054412596
0.0030502237
0.026747027
0.014904509
0.0023451918
0.00060070452
0.0077016358
0.0020353696
0.00012591152
0.0017877097
0.005695268
0.0064697042
0.001509274
0.0012912984
0.0036577103
0.0054526464
0.0035029093
0.0026574212
0.00035542104
0.0031365822
0.0046554487
0.0014228936
0.00025765301
0.00094361964
0.0052031297
0.0087044174
0.0054412303
0.0021391804
0.0011132238
0.00090903114
0.0018044071
0.0032180115
0.001955047
0.00044348097
5.6691515e-05
0.0028504261
0.0020187062
0.0045327581
0.0044724322
0.0026699367
0.0023035163
0.00027424109
0.00058803719
0.00035914715
0.0015684856
0.0015179114
2.1072212e-05
1.0215153e-05
0.0001729818
0.0002594445
0.00056233996
0.00098914397
0.00081484014
0.00038875127
0.00012006025
0.00017783722
0.00029813946
0.00043742167
0.0023553749
0.0016159466
0.0035248846
0.0014353623
0.00060426106
0.00071577734
0.0044964701
0.0029633925
0.0010565409
0.0025202746
0.004778204
0.0050211456
0.0040564593
0.0035096887
0.0041258051
0.0029367895
0.0019413908
0.0015478072
0.0060588629
0.0073157838
0.0061757546
0.005800873
0.0040124939
0.0043231747
0.0092221275
0.010522313
0.0067659947
0.0066264342
0.0081866523
0.0098776231
0.017544052
0.021089649
0.013618433
0.0077609685
0.0081778113
0.0055920086
0.0053091506
0.0077240714
0.0054476536
0.0057033976
0.0072311428
0.0071106749
0.0031072593
0.0021693106
0.0055802106
0.010153224
0.018174406
0.012173272
0.0060877153
0.0073470157
0.0092759291
0.012928614
0.0073870621
0.0033820472
0.0066476953
0.014317118
0.018572198
0.016218316
0.010867234
0.004327157
0.0078470185
0.01396463
0.0095428238
0.0096807322
0.014435938
0.010946505
0.0045988341
0.0047031171
0.01034177
0.013313868
0.022369243
0.02730057
0.020190746
0.014154397
0.020104857
0.022674322
0.012646222
0.013312514
0.014342987
0.014353898
0.013160578
0.0083401632
0.0029177258
0.0022561881
0.0067197094
0.017666543
0.015313715
0.0098157888
0.01256118
0.017272677
0.022389768
0.016160598
0.009632173
0.013518384
0.02405839
0.035171628
0.035499666
0.021815812
0.016062805
0.006175526
0.0075657479
0.016583163
0.017548196
0.0098556783
0.0048586824
0.013494643
0.023184629
0.013844239
0.0053509595
0.011138515
0.03020972
0.036224943
0.036775488
0.029175341
0.027728878
0.02551483
0.02432229
0.030612182
0.031849079
0.029974595
0.038990408
0.046449117
0.035481773
0.027209522
0.033917964
0.033103429
0.028640442
0.033643186
0.04049781
0.037299577
0.034518231
0.040029649
0.037704244
0.032268368
0.036078803
0.038119514
0.040016484
0.041848421
0.048252847
0.059451234
0.059619054
0.059174333
0.05122412
0.04928473
0.058549996
0.066922359
0.051742543
0.034669816
0.04482384
0.045612186
0.031518213
0.025050726
0.029331613
0.041126341
0.039346769
0.042496651
0.026390674
0.0024134002
0.00086808519
0.0020882403
0.00050749688
0.0061769793
0.035432111
0.040038269
0.035702508
0.026716826
0.018907255
0.014427961
0.018618671
0.015189678
0.00371131
0.00030187957
2.4384857e-05
4.3965025e-05
6.0081449e-05
0.00077739888
0.0049484721
0.007966361
0.007524895
0.0089652622
0.01978326
0.03007178
0.025780085
0.0237517
0.026835795
0.035481755
0.051125329
0.06212699
0.069597885
0.078174174
0.066745438
0.058889687
0.060886111
0.064507537
0.074735865
0.08423508
0.078077324
0.079571031
0.078498915
0.074348636
0.084183358
0.091039151
0.084789887
0.089004785
0.092567705
0.091566667
0.095897324
0.098178208
0.089327127
0.071924463
0.062921591
0.060882077
0.070862606
0.081898741
0.083822206
0.10544968
0.11344221
0.10446224
0.10451589
0.10343245
0.096501552
0.09662725
0.10054787
0.096628696
0.10406043
0.12623253
0.11289315
0.11631116
0.12181734
0.12247125
0.1344506
0.12096741
0.10881931
0.11373346
0.10590283
0.02216417
0.004924152
0.0064177425
0.0292366
0.10644849
0.101719
0.023097482
0.0027015379
0.00057659257
0.00010296511
0.0008456902
0.062016238
0.11856126
0.061368681
0.015344118
0.0099615864
0.019826625
0.097677082
0.14299485
0.15431988
0.15231824
0.16148999
0.1606345
0.15006359
0.15211631
0.14847888
0.12422138
0.11081953
0.12631266
0.14363469
0.13654961
0.15472053
0.15086916
0.12245895
0.12841272
0.13677788
0.15333422
0.17309141
0.15424658
0.14852659
0.16469246
0.17877944
0.1865681
0.19891734
0.19169238
0.19480257
0.20129637
0.18022093
0.15878309
0.17295891
0.18090034
0.19801369
0.21268076
0.20066921
0.18096167
0.17785528
0.18444641
0.17993376
0.17284527
0.18157247
0.16600436
0.15603043
0.15242891
0.16172007
0.17757484
0.18363252
0.17020415
0.17613341
0.16912402
0.15671751
0.16670203
0.18983106
0.19643894
0.20477578
0.19798234
0.20320725
0.19602327
0.18353121
0.17775261
0.17316541
0.17213705
0.14515212
0.1237105
0.12265178
0.12517184
0.10379123
0.079702958
0.057890471
0.030630285
0.021147253
0.031938888
0.10322583
0.1454276
0.14381208
0.152199
0.14048304
0.11685056
0.078624502
0.069763623
0.07655596
0.097016968
0.10842862
0.11085496
0.11824375
0.13496283
0.14202319
0.13297459
0.11513333
0.10592208
0.097943
0.078143157
0.070630878
0.072456472
0.054937731
0.031827614
0.029874213
0.020880461
0.0097815972
0.0051836488
0.0057640416
0.0097760512
0.010467974
0.0085908882
0.015140519
0.026340118
0.041029733
0.042204384
0.042390853
0.04916238
0.048100028
0.046200469
0.040366851
0.031071026
0.027203565
0.027414884
0.018422179
0.0065694167
0.0057624942
0.0074160276
0.0075949286
0.005251653
0.0004233045
0.00082829554
0.00073253445
0.0011272193
0.0020011489
0.0020106174
0.0046411469
0.010236237
0.010893893
0.011263445
0.011742778
0.022578966
0.024800207
0.018840089
0.025618492
0.035117652
0.035285998
0.045381457
0.045710132
0.037899844
0.05140638
0.076471947
0.10082719
0.10743379
0.1195387
0.12534574
0.11439644
0.11794323
0.12441838
0.13834259
0.1548627
0.1543998
0.14855696
0.15950806
0.17600697
0.18773304
0.18330182
0.1719785
0.17568231
0.17952818
0.17103882
0.1476264
0.15769655
0.18582354
0.19764473
0.1936907
0.21974124
0.2502175
0.24913502
0.2502642
0.2571373
0.27380842
0.28253552
0.27402711
0.26354858
0.27821758
0.28739789
0.28240684
0.26702431
0.26052591
0.28954622
0.31877324
0.33514097
0.36124894
0.35942045
0.3391715
0.30981869
0.29164401
0.31371963
0.33374313
0.35355899
0.37987748
0.37296733
0.3600404
0.35253674
0.33710086
0.28761223
0.18405268
0.18886998
0.33146676
0.41046014
0.39936277
0.39668554
0.41062129
0.40353507
0.38943905
0.39115086
0.37884057
0.37486655
0.38825634
0.40679553
0.41809332
0.43400109
0.44269523
0.4344075
0.42922297
0.43603867
0.44142115
0.4487595
0.42880809
0.41965148
0.43932229
0.43050861
0.42433473
0.45062137
0.45417088
0.43274328
0.44354853
0.46845919
0.48185593
0.4904775
0.48733166
0.48907697
0.51067197
0.50122958
0.46969107
0.46797222
0.48246831
0.48710731
0.48370171
0.50414497
0.50037885
0.49804184
0.51315957
0.51824808
0.51119804
0.49657819
0.4774206
0.47517726
0.47991771
0.49137336
0.50751328
0.51260442
0.49490502
0.48866722
0.49719962
0.50753099
0.50300568
0.50425375
0.50649256
0.50567651
0.50683904
0.50181955
0.50854963
0.52406782
0.53338921
0.54036152
0.53553391
0.52084339
0.52234906
0.51597232
0.51155204
0.51812696
0.53954864
0.55713773
0.56278145
0.55997866
0.56143212
0.55770683
0.5569182
0.5580132
0.56087881
0.58416617
0.58837861
0.59178942
0.58453506
0.57407141
0.56037581
0.52081031
0.52481574
0.57083869
0.58785057
0.59723741
0.59502327
0.5852682
0.58299321
0.59768808
0.58789206
0.57345581
0.55253267
0.55867714
0.58272362
0.59934056
0.60665298
0.5992803
0.59787101
0.60610163
0.60704851
0.61668473
0.61635
0.61681128
0.61590594
0.60977572
0.61443007
0.61534154
0.61085707
0.60805714
0.58010894
0.53288293
0.51320726
0.5183568
0.5169875
0.44431272
0.30633429
0.23148347
0.24915832
0.1812326
0.089709856
0.055388242
0.089628644
0.21222219
0.40182364
0.59487236
0.62844419
0.64144719
0.64233202
0.63809514
0.63517237
0.64795232
0.64901638
0.62677836
0.60702544
0.60833842
0.61120927
0.60496008
0.58590567
0.56010699
0.5443126
0.53622824
0.53977537
0.55679673
0.56782854
0.53873944
0.49702239
0.45454279
0.36442721
0.059605829
0.0040349588
0.00039890912
0.00067019893
0.0078350715
0.1618464
0.39802831
0.46119899
0.52700663
0.55759037
0.56578326
0.58264709
0.59367853
0.60040319
0.65237802
0.67914867
0.67678702
0.67864615
0.68309391
0.69554955
0.70457482
0.69758284
0.69194853
0.69251627
0.70296186
0.71020252
0.70421624
0.69866723
0.70457435
0.7237947
0.73028028
0.71442664
0.71196502
0.72708172
0.73720962
0.73370206
0.72522545
0.71916872
0.71698457
0.71289331
0.7192958
0.73605365
0.74812716
0.74563974
0.73846477
0.72824466
0.72912174
0.73259574
0.74509501
0.75256944
0.73864591
0.73843884
0.74904424
0.76025271
0.75788164
0.73866802
0.73503858
0.73230302
0.73194295
0.74662226
0.75347704
0.74746078
0.72412229
0.67667776
0.41537094
0.27013582
0.42629853
0.70516354
0.76067758
0.77490455
0.75881851
0.74523664
0.74040943
0.74781632
0.76389492
0.75293463
0.71645719
0.69139332
0.69829828
0.7247529
0.75443035
0.76139367
0.75948954
0.7671361
0.76713979
0.76537871
0.78012431
0.79066718
0.77915639
0.75554663
0.75500077
0.76445395
0.77550954
0.78625327
0.78237438
0.78130955
0.77440345
0.76349604
0.7625621
0.76559412
0.75578982
0.72267497
0.74377221
0.7791121
0.77888769
0.77760255
0.78086728
0.78478563
0.79177868
0.78907526
0.7857998
0.79411066
0.79932588
0.80697024
0.81230837
0.80550683
0.796956
0.80078793
0.8072204
0.8069613
0.80550462
