0.00012310597
0.00011061346
0.00016243987
0.00021879762
0.00018980273
0.00011918497
0.00010093913
0.00010290588
0.00010161968
9.9984849e-05
0.00010490704
0.00011152858
0.00011418294
0.00011915866
0.00012112914
0.00012220517
0.00012204412
0.00011955961
0.00011718911
0.00011884175
0.00011948704
0.00011449408
0.00010753349
0.00010230986
0.00010014663
9.7579032e-05
9.4230745e-05
8.9446992e-05
8.493034e-05
8.253468e-05
8.0906037e-05
7.6647018e-05
7.4899726e-05
7.3826006e-05
7.0908063e-05
6.739558e-05
6.4783198e-05
6.2296225e-05
6.0523729e-05
5.9232767e-05
5.7138826e-05
5.4190237e-05
5.2278283e-05
5.1164432e-05
4.9918523e-05
4.8626174e-05
4.6399517e-05
4.4490254e-05
4.3424745e-05
4.2035175e-05
4.065167e-05
3.873383e-05
3.650162e-05
3.5347868e-05
3.4984347e-05
3.330841e-05
3.1646359e-05
3.0479299e-05
2.9491801e-05
2.875097e-05
2.8167824e-05
2.7452412e-05
2.6400072e-05
2.578264e-05
2.5399642e-05
2.5103402e-05
2.4098445e-05
2.3295084e-05
2.2714152e-05
2.1953902e-05
2.1606444e-05
2.1579108e-05
2.1221731e-05
2.0716192e-05
2.0059098e-05
1.9886844e-05
1.9683603e-05
1.9350689e-05
1.9163823e-05
1.8801451e-05
1.818795e-05
1.7833983e-05
1.7954066e-05
1.7571127e-05
1.7156432e-05
1.7001821e-05
1.6848975e-05
1.6692644e-05
1.6665339e-05
1.6477932e-05
1.6272754e-05
1.5723264e-05
1.5331749e-05
1.5398979e-05
1.5410378e-05
1.5171794e-05
1.5028566e-05
1.5149057e-05
1.4747968e-05
1.3991107e-05
1.3830432e-05
1.3971381e-05
1.3883699e-05
1.3959698e-05
1.3642512e-05
1.3466739e-05
1.3639652e-05
1.3608e-05
1.3254245e-05
1.2907418e-05
1.3178338e-05
1.3110623e-05
1.2624423e-05
1.2330956e-05
1.2000868e-05
1.1866423e-05
1.1870646e-05
1.1725024e-05
1.1551193e-05
1.1629379e-05
1.1833038e-05
1.2037145e-05
1.1878755e-05
1.1585296e-05
1.1446606e-05
1.1468079e-05
1.139189e-05
1.1408538e-05
1.1345755e-05
1.1241978e-05
1.0895345e-05
1.0596856e-05
1.075159e-05
1.1002237e-05
1.1172615e-05
1.109633e-05
1.1079274e-05
1.1121529e-05
1.1072756e-05
1.0836707e-05
1.0923794e-05
1.1229211e-05
1.1193218e-05
1.082579e-05
1.0523681e-05
1.0336915e-05
1.0370826e-05
1.0541641e-05
1.0509882e-05
1.0400257e-05
1.0266269e-05
9.8861792e-06
9.6551466e-06
9.8947912e-06
1.0084359e-05
9.9892895e-06
9.7372367e-06
9.6693511e-06
9.6481199e-06
9.4382958e-06
9.3658282e-06
9.336587e-06
9.2843502e-06
9.224188e-06
9.1516558e-06
9.1546108e-06
9.1922902e-06
9.1741513e-06
8.8857623e-06
8.785184e-06
8.9487066e-06
8.9683108e-06
8.703194e-06
8.4052017e-06
8.2957959e-06
8.3822633e-06
8.4881394e-06
8.3642899e-06
8.2814622e-06
8.1025337e-06
7.9591991e-06
8.01837e-06
7.9205447e-06
7.8820358e-06
7.8222211e-06
7.6679507e-06
7.5621274e-06
7.5727958e-06
7.6088254e-06
7.5377975e-06
7.4476261e-06
7.4146551e-06
7.5241792e-06
7.5213543e-06
7.4645227e-06
7.397457e-06
7.326415e-06
7.3139495e-06
7.3668029e-06
7.2834573e-06
7.1714508e-06
7.1417489e-06
7.1433569e-06
7.0436981e-06
6.9109251e-06
6.9127691e-06
6.8709619e-06
6.761014e-06
6.717115e-06
6.7812803e-06
6.7915335e-06
6.8032582e-06
6.8003606e-06
6.693394e-06
6.6978346e-06
6.7189808e-06
6.6579628e-06
6.6471089e-06
6.6974667e-06
6.6951657e-06
6.7202868e-06
6.6984521e-06
6.6807143e-06
6.6659723e-06
6.645912e-06
6.438313e-06
6.3206007e-06
6.2716717e-06
6.254837e-06
6.3015314e-06
6.3903385e-06
6.4291016e-06
6.3119805e-06
6.3324442e-06
6.4100709e-06
6.3826255e-06
6.2720092e-06
6.08555e-06
6.0391167e-06
6.1028736e-06
6.0959892e-06
5.9691797e-06
5.9492631e-06
6.0605321e-06
6.0851025e-06
6.0866259e-06
6.0936472e-06
6.0369093e-06
5.8468313e-06
5.8566679e-06
5.8848491e-06
5.838338e-06
5.8552018e-06
5.8546298e-06
5.8567002e-06
5.9133281e-06
5.9518306e-06
5.8745268e-06
5.76704e-06
5.6010635e-06
5.5892992e-06
5.6720287e-06
5.7287452e-06
5.6806603e-06
5.6792137e-06
5.6369513e-06
5.5343949e-06
5.4263051e-06
5.3680369e-06
5.4407305e-06
5.4911297e-06
5.377995e-06
5.4050238e-06
5.4342945e-06
5.4644138e-06
5.49578e-06
5.4670904e-06
5.3648314e-06
5.3291842e-06
5.3953418e-06
5.3674826e-06
5.2540854e-06
5.2760929e-06
5.1803522e-06
5.1398888e-06
5.1766847e-06
5.226233e-06
5.1975007e-06
5.1360471e-06
5.1673096e-06
5.1414013e-06
5.097379e-06
5.1215861e-06
5.1898082e-06
5.1274883e-06
4.9027872e-06
4.9341356e-06
5.0425483e-06
5.0051613e-06
5.1667025e-06
5.247352e-06
5.1109409e-06
5.0524131e-06
5.0493072e-06
5.0317581e-06
5.142525e-06
5.1466764e-06
5.0651602e-06
5.0406111e-06
5.0280523e-06
4.9523665e-06
4.9539217e-06
4.978448e-06
4.880048e-06
4.8177435e-06
4.7660205e-06
4.6671694e-06
4.6728455e-06
4.7114836e-06
4.7739704e-06
4.9197838e-06
4.9540904e-06
4.9221612e-06
4.8368242e-06
4.6566506e-06
4.6113732e-06
4.7555923e-06
4.802238e-06
4.7458379e-06
4.7165663e-06
4.748319e-06
4.7127046e-06
4.6861833e-06
4.7128287e-06
4.566436e-06
4.4517078e-06
4.4425042e-06
4.4969379e-06
4.5454367e-06
4.5645261e-06
4.5052357e-06
4.4453145e-06
4.5006277e-06
4.5797115e-06
4.5227407e-06
4.4744011e-06
4.4658464e-06
4.4962467e-06
4.4799363e-06
4.4115222e-06
4.2909182e-06
4.3346431e-06
4.4200797e-06
4.5068041e-06
4.5306233e-06
4.4824255e-06
4.3954174e-06
4.3794771e-06
4.3811269e-06
4.299879e-06
4.2672295e-06
4.3336677e-06
4.3086784e-06
4.3247696e-06
4.274465e-06
4.2319421e-06
4.2871698e-06
4.2928787e-06
4.1927824e-06
4.1736389e-06
4.1951448e-06
4.2043948e-06
4.2188035e-06
4.2126476e-06
4.2133411e-06
4.1924554e-06
4.1500057e-06
4.1578228e-06
4.201589e-06
4.200293e-06
4.1694802e-06
4.18637e-06
4.1456929e-06
4.1044732e-06
4.1089638e-06
4.1092662e-06
3.9938459e-06
3.9563465e-06
4.0633108e-06
4.1356002e-06
4.0901718e-06
4.0098571e-06
4.0266309e-06
4.038005e-06
4.1033691e-06
4.1598591e-06
4.1740514e-06
4.0856967e-06
3.996377e-06
3.8836156e-06
3.9007309e-06
3.996548e-06
3.9739261e-06
3.9430938e-06
4.0007189e-06
3.9709516e-06
3.9483184e-06
3.9403931e-06
3.9186057e-06
3.8778421e-06
3.8054891e-06
3.7986013e-06
3.7918755e-06
3.7283405e-06
3.7100951e-06
3.7903314e-06
3.8185349e-06
3.8236913e-06
3.7423586e-06
3.7413356e-06
3.8031626e-06
3.8243124e-06
3.7629723e-06
3.7117943e-06
3.7810041e-06
3.8352664e-06
3.7446807e-06
3.6963399e-06
3.7369755e-06
3.7357365e-06
3.7125687e-06
3.75579e-06
3.7220825e-06
3.6740093e-06
3.7060036e-06
3.7049945e-06
3.7542482e-06
3.7202726e-06
3.6285603e-06
3.6374036e-06
3.7290199e-06
3.7426503e-06
3.6412955e-06
3.5854644e-06
3.6037256e-06
3.6309516e-06
3.5797214e-06
3.5044629e-06
3.4839913e-06
3.4914779e-06
3.5283499e-06
3.5254147e-06
3.4947723e-06
3.5362966e-06
3.560217e-06
3.568792e-06
3.5311054e-06
3.5451371e-06
3.5497173e-06
3.5062794e-06
3.5115654e-06
3.5133007e-06
3.4628599e-06
3.4694704e-06
3.52184e-06
3.5386388e-06
3.5210164e-06
3.485736e-06
3.4209579e-06
3.432569e-06
3.4420152e-06
3.417005e-06
3.3960039e-06
3.4110562e-06
3.4314082e-06
3.3896711e-06
3.3674587e-06
3.3169219e-06
3.2796979e-06
3.2611588e-06
3.2570438e-06
3.336628e-06
3.3407191e-06
3.2972744e-06
3.3280337e-06
3.3721353e-06
3.3773265e-06
3.3309436e-06
3.242315e-06
3.2400517e-06
3.3374415e-06
3.4103634e-06
3.3679542e-06
3.3127546e-06
3.2961486e-06
3.2807568e-06
3.2652397e-06
3.2632147e-06
3.2696523e-06
3.2165549e-06
3.1377667e-06
3.106504e-06
3.1340207e-06
3.20659e-06
3.2747469e-06
3.2701298e-06
3.233115e-06
3.2538303e-06
3.2822234e-06
3.1985483e-06
3.1101692e-06
3.1436703e-06
3.1715547e-06
3.1529794e-06
3.1758373e-06
3.2154462e-06
3.2242242e-06
3.1307225e-06
3.0971485e-06
3.1521347e-06
3.1619929e-06
3.1106952e-06
3.0860758e-06
3.1547106e-06
3.1599279e-06
3.1872705e-06
3.1960908e-06
3.1852903e-06
3.1378115e-06
3.1320426e-06
3.1350462e-06
3.117578e-06
3.1175402e-06
3.0885637e-06
3.075063e-06
3.0588758e-06
3.0851577e-06
3.0798542e-06
3.1057093e-06
3.1235568e-06
3.0992849e-06
3.123231e-06
3.0216402e-06
2.9723517e-06
3.0437729e-06
3.0070976e-06
2.9671314e-06
2.9743953e-06
2.9513503e-06
2.9592611e-06
2.9913929e-06
3.0116705e-06
2.9809667e-06
2.9830983e-06
3.008141e-06
2.9434445e-06
2.9598364e-06
2.9788662e-06
2.9683663e-06
3.0129472e-06
3.0211093e-06
2.9225546e-06
2.8131785e-06
2.8262557e-06
2.9087571e-06
2.955634e-06
3.0041572e-06
3.0273884e-06
2.9913633e-06
2.9061011e-06
2.863469e-06
2.8449015e-06
2.7963122e-06
2.8550462e-06
2.9008634e-06
2.8962679e-06
2.8709678e-06
2.8204402e-06
2.8043924e-06
2.8645068e-06
2.8753591e-06
2.824379e-06
2.7672813e-06
2.7534973e-06
2.8110635e-06
2.8571817e-06
2.8291277e-06
2.833744e-06
2.8423945e-06
2.7829458e-06
2.7723693e-06
2.7872145e-06
2.790448e-06
2.7720557e-06
2.7520919e-06
2.7462872e-06
2.7738458e-06
2.8124898e-06
2.7987878e-06
2.7598928e-06
2.7271917e-06
2.7202238e-06
2.7147696e-06
2.7174567e-06
2.7071587e-06
2.7397098e-06
2.7675944e-06
2.804491e-06
2.7655835e-06
2.7829396e-06
3.0857302e-06
3.5182882e-06
3.2361088e-06
2.7920325e-06
2.7211408e-06
2.7198714e-06
2.7031579e-06
2.6777243e-06
2.6399955e-06
2.6292e-06
2.6576577e-06
2.7144149e-06
2.7185488e-06
2.7028047e-06
2.7082081e-06
2.7015824e-06
2.6780065e-06
2.6530074e-06
2.6728687e-06
2.6985408e-06
2.6718271e-06
2.6611381e-06
2.6500322e-06
2.6304476e-06
2.6086007e-06
2.5879208e-06
2.6185926e-06
2.6077157e-06
2.590946e-06
2.6519881e-06
2.6242599e-06
2.5378847e-06
2.549139e-06
2.6301125e-06
2.6650066e-06
2.6352056e-06
2.5716765e-06
2.5767554e-06
2.5872646e-06
2.6085547e-06
2.6332909e-06
2.6286575e-06
2.6040104e-06
2.5751772e-06
2.6048799e-06
2.6134599e-06
2.5666413e-06
2.564447e-06
2.5532315e-06
2.5396853e-06
2.5439244e-06
2.589288e-06
2.5849504e-06
2.5710835e-06
2.5522813e-06
2.554614e-06
2.5850838e-06
2.6090331e-06
2.5976997e-06
2.5726874e-06
2.5485876e-06
2.5295167e-06
2.5212844e-06
2.5259642e-06
2.5429135e-06
2.4958952e-06
2.4417839e-06
2.4383332e-06
2.45244e-06
2.4776509e-06
2.499002e-06
2.4967449e-06
2.4700646e-06
2.4801113e-06
2.5007421e-06
2.4844012e-06
2.4608717e-06
2.4647331e-06
2.4921135e-06
2.4657129e-06
2.4797846e-06
2.4634101e-06
2.4304857e-06
2.4690912e-06
2.4613607e-06
2.4187989e-06
2.4504347e-06
2.4229614e-06
2.3975037e-06
2.4381566e-06
2.4412184e-06
2.4386627e-06
2.4218496e-06
2.4209696e-06
2.4525502e-06
2.4348581e-06
2.3670141e-06
2.3705406e-06
2.4279998e-06
2.4460826e-06
2.4124308e-06
2.4189476e-06
2.4406206e-06
2.4376909e-06
2.3852133e-06
2.3650189e-06
2.3630098e-06
2.379639e-06
2.3765606e-06
2.3963064e-06
2.3888826e-06
2.3633343e-06
2.3524274e-06
2.2994818e-06
2.248177e-06
2.2619333e-06
2.3094431e-06
2.3494383e-06
2.3762659e-06
2.3390708e-06
2.3144896e-06
2.3305931e-06
2.3305113e-06
2.2667366e-06
2.238148e-06
2.2817785e-06
2.2938659e-06
2.2915376e-06
2.3282016e-06
2.3752459e-06
2.3732803e-06
2.3251644e-06
2.2758938e-06
2.2898198e-06
2.3075295e-06
2.322136e-06
2.3340297e-06
2.3492501e-06
2.3539983e-06
2.3040561e-06
2.260203e-06
2.2283668e-06
2.2533986e-06
2.3243194e-06
2.3365758e-06
2.2901843e-06
2.295224e-06
2.2952768e-06
2.2623481e-06
2.2672543e-06
2.2560648e-06
2.2306704e-06
2.2255233e-06
2.2082368e-06
2.2019324e-06
2.2478066e-06
2.3066302e-06
2.2699494e-06
2.1965861e-06
2.1809656e-06
2.1893795e-06
2.1916187e-06
2.2036058e-06
2.2238428e-06
2.2589998e-06
2.2128168e-06
2.1644576e-06
2.1776873e-06
2.1678968e-06
2.1892665e-06
2.2074682e-06
2.2009533e-06
2.2236866e-06
2.2112695e-06
2.1966971e-06
2.1952239e-06
2.1973822e-06
2.1766571e-06
2.1609076e-06
2.1701378e-06
2.1729415e-06
2.1678181e-06
2.181351e-06
2.1956409e-06
2.1838721e-06
2.1463065e-06
2.1528206e-06
2.1689586e-06
2.1379406e-06
2.0921802e-06
