9.436117069457908e-16
8.478561665350587e-16
1.2451074712847177e-15
1.6770916608177205e-15
1.4548447815997146e-15
9.135571003094557e-16
7.737020776240427e-16
7.887772874179756e-16
7.789185179572122e-16
7.663874792880243e-16
8.041162511048841e-16
8.548705943914838e-16
8.752163596736111e-16
9.133554332090727e-16
9.284592335877426e-16
9.367070424066398e-16
9.354725883391105e-16
9.164287294423901e-16
8.982587613139965e-16
9.109263066114903e-16
9.158724777709804e-16
8.77601259012767e-16
8.242480852288327e-16
7.842087725882415e-16
7.676275364969588e-16
7.479468050788919e-16
7.222820642753843e-16
6.856144247292514e-16
6.509941239964752e-16
6.326313035592393e-16
6.201476961335774e-16
5.8750216165215e-16
5.741091053555892e-16
5.658790027701352e-16
5.435128642717299e-16
5.165895551970516e-16
4.965655528012747e-16
4.775028149205845e-16
4.639165690535922e-16
4.540212986908132e-16
4.3797116528742283e-16
4.1537012409200745e-16
4.0071492761744296e-16
3.9217721946735673e-16
3.826272819770049e-16
3.727213802091241e-16
3.5565397387169954e-16
3.4101940400934076e-16
3.328522390354886e-16
3.2220113479074186e-16
3.1159651899007814e-16
2.9689620611289666e-16
2.797862358298839e-16
2.7094268507347365e-16
2.681562834771851e-16
2.5531016583314556e-16
2.4257048488070306e-16
2.3362492782357446e-16
2.260557199826749e-16
2.2037722360700474e-16
2.159073884523115e-16
2.104237296298393e-16
2.0235750551668432e-16
1.9762486693349495e-16
1.9468917342864845e-16
1.9241848312771812e-16
1.847154514211557e-16
1.7855766033674546e-16
1.7410479557202743e-16
1.682774518598944e-16
1.6561417373884174e-16
1.6540464231139698e-16
1.6266533469704516e-16
1.5879036000071106e-16
1.5375371075483093e-16
1.524333776225853e-16
1.508755280160116e-16
1.483237301803246e-16
1.4689139554025691e-16
1.4411380107047322e-16
1.394112937442814e-16
1.366981239031073e-16
1.3761856443580586e-16
1.346833231680906e-16
1.3150467101326917e-16
1.3031957211333284e-16
1.291480020021527e-16
1.2794971924008567e-16
1.2774042542876075e-16
1.263039440041508e-16
1.2473124722260782e-16
1.2051938652365358e-16
1.1751840990615173e-16
1.1803373028466762e-16
1.1812110403142806e-16
1.1629234905317673e-16
1.1519450125942285e-16
1.161180691268594e-16
1.1304370745352072e-16
1.0724234054880685e-16
1.0601076086982367e-16
1.0709114004625435e-16
1.0641905434896103e-16
1.0700158942923516e-16
1.0457034728168286e-16
1.0322304088732211e-16
1.0454842527837249e-16
1.0430581155502304e-16
1.0159426670150693e-16
9.893582521824753e-17
1.0101243680455607e-16
1.0049339888352077e-16
9.676665832075974e-17
9.451722316499711e-17
9.198708672139228e-17
9.095656093990235e-17
9.098893038744767e-17
8.987273249721651e-17
8.854031160300565e-17
8.91396101172797e-17
9.070066370895259e-17
9.226515123680834e-17
9.105108616536506e-17
8.88017123298914e-17
8.773864847006142e-17
8.790323979071994e-17
8.731924835358254e-17
8.744685587494998e-17
8.696562191207085e-17
8.617016745838586e-17
8.351321299213422e-17
8.122528402496436e-17
8.241132572434377e-17
8.433254403334082e-17
8.563849755782067e-17
8.50537702772155e-17
8.492303542111009e-17
8.524692152246646e-17
8.487307471566363e-17
8.306375060398287e-17
8.373127560478332e-17
8.607230794220985e-17
8.579642029705261e-17
8.298007140463351e-17
8.06643950067002e-17
7.923282687024478e-17
7.949275591019498e-17
8.080205905546035e-17
8.055862517324577e-17
7.971834558831637e-17
7.869132272833442e-17
7.57779206815394e-17
7.400704745706359e-17
7.584393197262642e-17
7.729697600728987e-17
7.656826485564156e-17
7.463627103886348e-17
7.411592546266569e-17
7.395318754774161e-17
7.23448782418699e-17
7.178941147015878e-17
7.156527661589343e-17
7.116487965696946e-17
7.070373422076019e-17
7.014777228771558e-17
7.017042246945759e-17
7.045923643153181e-17
7.032020110780934e-17
6.810968900547678e-17
6.733875270283681e-17
6.859215933868246e-17
6.874242623983523e-17
6.671029639115279e-17
6.442617464742498e-17
6.358757523841363e-17
6.425035098283255e-17
6.506189511384232e-17
6.411258422258836e-17
6.34777069101445e-17
6.210621349429921e-17
6.100754860769466e-17
6.146109569359569e-17
6.071126123540097e-17
6.041608912586311e-17
5.995760728970641e-17
5.877511910107341e-17
5.796397968397093e-17
5.804575335534022e-17
5.832192154081957e-17
5.777749012161403e-17
5.708632308339735e-17
5.683359917740228e-17
5.767310536018694e-17
5.765145239964449e-17
5.721583613274484e-17
5.670177511966388e-17
5.615723562344901e-17
5.606168711566394e-17
5.646681033586106e-17
5.582796330120935e-17
5.496942943275421e-17
5.474176329634722e-17
5.47540886744322e-17
5.3990200372506897e-17
5.297249053141377e-17
5.2986624858023677e-17
5.266617115984297e-17
5.18234165347496e-17
5.1486929114007826e-17
5.197875845631909e-17
5.2057349604690336e-17
5.2147219853715836e-17
5.212500964504728e-17
5.130510679214594e-17
5.133914415155152e-17
5.150123053840519e-17
5.10335253642823e-17
5.095032982871226e-17
5.1336324184762047e-17
5.131868693664417e-17
5.151124107558118e-17
5.1343877311357157e-17
5.120791643362343e-17
5.1094918471105484e-17
5.094115554697724e-17
4.9349901712981704e-17
4.844763268141877e-17
4.8072590128980816e-17
4.7943551545369316e-17
4.830146580808792e-17
4.8982175437522675e-17
4.927929599924288e-17
4.838155853703557e-17
4.853841353673564e-17
4.913342499630635e-17
4.892305501390981e-17
4.8075177078672154e-17
4.664596057529912e-17
4.62900476535121e-17
4.677874659507091e-17
4.672597742038916e-17
4.575397802221259e-17
4.560131656377515e-17
4.645419746808995e-17
4.6642530471634296e-17
4.6654207387663315e-17
4.670802590579025e-17
4.6273127852775277e-17
4.481617311668212e-17
4.489157101100474e-17
4.5107580926980225e-17
4.475107166538287e-17
4.488033330154553e-17
4.487594890088347e-17
4.48918185916715e-17
4.532587349071299e-17
4.562099654401967e-17
4.5028460124612914e-17
4.420456991992064e-17
4.2932354051933994e-17
4.2842180267478025e-17
4.3476304873374654e-17
4.39110388946166e-17
4.3542466399169654e-17
4.353137815791484e-17
4.320743533529116e-17
4.2421336824697274e-17
4.159282460322314e-17
4.1146196745429893e-17
4.17033958153047e-17
4.2089707503849956e-17
4.122252594164139e-17
4.142970266998931e-17
4.165406364282026e-17
4.188492916530477e-17
4.212535222133043e-17
4.1905445400990256e-17
4.112162647213922e-17
4.0848389396473115e-17
4.1355489790251235e-17
4.1141948015907195e-17
4.0272754381716475e-17
4.0441442664182474e-17
3.9707586740288724e-17
3.9397433317649426e-17
3.967947522030945e-17
4.0059264729618073e-17
3.983903061223548e-17
3.936798654837761e-17
3.960761474015736e-17
3.940902668478472e-17
3.9071594165089045e-17
3.92571424610101e-17
3.978006732186312e-17
3.930238303721233e-17
3.7580040988946135e-17
3.7820327607328816e-17
3.8651314868966913e-17
3.8364742163454884e-17
3.96029612967274e-17
4.022114262748921e-17
3.9175546618478824e-17
3.872692891730818e-17
3.8703122081615297e-17
3.856860759619788e-17
3.9417639885875574e-17
3.9449460516834533e-17
3.882463589926534e-17
3.86364661609904e-17
3.8540202505335104e-17
3.796006811437456e-17
3.797198877855227e-17
3.8159983754003626e-17
3.740574419954931e-17
3.692817795645481e-17
3.6531719293090585e-17
3.577402204084141e-17
3.5817529552376345e-17
3.611369198458124e-17
3.6592655563760866e-17
3.7710320541905883e-17
3.797328187014614e-17
3.772854339878351e-17
3.7074432211197456e-17
3.569339505887602e-17
3.5346342152343e-17
3.64517867633979e-17
3.680932773885735e-17
3.637701893504455e-17
3.615265106368109e-17
3.639603665616809e-17
3.612305099368682e-17
3.5919764271171076e-17
3.6124002224669625e-17
3.500189689109885e-17
3.4122501093829083e-17
3.4051955167372013e-17
3.446919144415351e-17
3.4840936498051574e-17
3.498725743860848e-17
3.453279438089082e-17
3.407349621838708e-17
3.449747389443832e-17
3.510365407814314e-17
3.466697083821524e-17
3.429644605806788e-17
3.423087397355071e-17
3.446389337118564e-17
3.4338873566013164e-17
3.381447701822462e-17
3.289004300170625e-17
3.322519593965909e-17
3.3880070564842935e-17
3.454481622354535e-17
3.472739125195448e-17
3.4357953373929296e-17
3.3691033144478933e-17
3.3568850169175393e-17
3.35814959457703e-17
3.295872785739278e-17
3.270846826051111e-17
3.32177194634252e-17
3.302617557624914e-17
3.314951520550356e-17
3.2763928629375485e-17
3.243798906484189e-17
3.286131138030466e-17
3.2905070305024416e-17
3.21378285497955e-17
3.1991092930784365e-17
3.215593643113131e-17
3.2226838015264454e-17
3.233728122124277e-17
3.229009602537625e-17
3.229541172792721e-17
3.2135322082983444e-17
3.1809943599094025e-17
3.186986195296724e-17
3.2205331456911935e-17
3.2195397570097176e-17
3.1959216345061707e-17
3.208867727216356e-17
3.177688583130489e-17
3.1460935341846145e-17
3.149535595305786e-17
3.1497673859981305e-17
3.061297309121115e-17
3.0325538835638956e-17
3.114542405895722e-17
3.1699524921231303e-17
3.1351314594243777e-17
3.0735699517575773e-17
3.0864271300487424e-17
3.095145418784838e-17
3.145247237546329e-17
3.188547026602349e-17
3.19942547581849e-17
3.1317012791091965e-17
3.063237406414082e-17
2.97680538599168e-17
2.9899243252664266e-17
3.0633684785317766e-17
3.046028710465812e-17
3.022395641141826e-17
3.0665654884481114e-17
3.0437487454711733e-17
3.026400315914389e-17
3.020325544836222e-17
3.003625424034679e-17
2.9723799773863523e-17
2.916921141529205e-17
2.9116416179487474e-17
2.906486267953474e-17
2.85778646094915e-17
2.843801295942198e-17
2.905302709725798e-17
2.9269207943539004e-17
2.9308731935801074e-17
2.8685313852360363e-17
2.867747252040704e-17
2.9151378708753047e-17
2.9313492689736765e-17
2.88433186074788e-17
2.845103738880134e-17
2.898153300583256e-17
2.9397455495422666e-17
2.870311283274043e-17
2.8332578854549727e-17
2.864405219640932e-17
2.863455521665354e-17
2.845697319277461e-17
2.8788266018536155e-17
2.8529896813436874e-17
2.8161413998912556e-17
2.840665146412676e-17
2.839891667617554e-17
2.877644806584248e-17
2.851602386455876e-17
2.781304577218091e-17
2.7880829986123044e-17
2.858307223503313e-17
2.868754974339729e-17
2.7910661540208206e-17
2.7482714141949128e-17
2.7622686899589382e-17
2.783137517306065e-17
2.7438693839497588e-17
2.6861834718472186e-17
2.670491916498675e-17
2.6762304224421482e-17
2.7044929436330417e-17
2.702243102230365e-17
2.6787555919423458e-17
2.7105841178885112e-17
2.7289191908949843e-17
2.7354919593700305e-17
2.706605044336598e-17
2.7173603930726108e-17
2.7208711329174398e-17
2.6875758256588715e-17
2.6916275637532267e-17
2.6929576774715647e-17
2.6542946220667688e-17
2.6593615941955496e-17
2.699503081767654e-17
2.7123794226491245e-17
2.6988717893926043e-17
2.6718292353509684e-17
2.6221765877062562e-17
2.6310765377984558e-17
2.6383170842204945e-17
2.6191466755773918e-17
2.6030492565661613e-17
2.614586898888837e-17
2.6301867804053558e-17
2.5981951424905028e-17
2.581169257653754e-17
2.5424326179021827e-17
2.5139002874397766e-17
2.4996900003219064e-17
2.496535837957497e-17
2.557537414735548e-17
2.5606732576636257e-17
2.5273727381804942e-17
2.5509498527407853e-17
2.584753888446804e-17
2.5887329619987173e-17
2.5531803016020722e-17
2.4852461595533843e-17
2.4835113319277778e-17
2.5581609654241138e-17
2.6140558651862704e-17
2.5815490601936238e-17
2.5392383673988516e-17
2.526509808413823e-17
2.5147119381147886e-17
2.502818024913139e-17
2.5012658550983318e-17
2.5062002987525543e-17
2.4655009498514548e-17
2.4051095099487542e-17
2.3811465374700564e-17
2.402238187417265e-17
2.4578628180057414e-17
2.510105328055525e-17
2.506566304227404e-17
2.4781943263206813e-17
2.4940726785995305e-17
2.5158360923125143e-17
2.451698825907108e-17
2.3839559265096763e-17
2.4096346406740352e-17
2.431008133999468e-17
2.4167700994508347e-17
2.434290762369291e-17
2.464651127296553e-17
2.4713794960048857e-17
2.3997101052033405e-17
2.3739755129256486e-17
2.4161226338495666e-17
2.423678979759853e-17
2.38435910740972e-17
2.3654882483782846e-17
2.4180970705043627e-17
2.422096149800556e-17
2.4430543514688716e-17
2.4498151432800027e-17
2.4415365210158934e-17
2.4051438493105832e-17
2.4007219666218726e-17
2.4030242368716272e-17
2.3896347984721166e-17
2.3896058246355732e-17
2.3673952327152023e-17
2.3570468973972943e-17
2.344639350125076e-17
2.3647845214118774e-17
2.3607193695043077e-17
2.3805373970494012e-17
2.3942175702690384e-17
2.37561307124286e-17
2.393967843392167e-17
2.3160981282207686e-17
2.2783183149283685e-17
2.3330629227196206e-17
2.304951172789257e-17
2.274316936121338e-17
2.279884741710363e-17
2.2622206659660548e-17
2.2682843227418442e-17
2.2929134635099485e-17
2.3084563171577157e-17
2.2849217435479045e-17
2.2865556226477774e-17
2.3057509426582783e-17
2.256160841708326e-17
2.2687252922699718e-17
2.283311702710373e-17
2.275263491432106e-17
2.309434912319476e-17
2.3156911914530243e-17
2.240148657898778e-17
2.1563114821549263e-17
2.166335203193046e-17
2.2295728243087543e-17
2.265504137489851e-17
2.302697345567796e-17
2.3205041442847052e-17
2.2928907750030265e-17
2.2275369907146178e-17
2.1948593320668007e-17
2.180627276246343e-17
2.143383402279629e-17
2.188403225441539e-17
2.223522274744734e-17
2.219999807394638e-17
2.2006071893543434e-17
2.1618776014360042e-17
2.1495769047673336e-17
2.195654809515594e-17
2.203973136666818e-17
2.1648967058639358e-17
2.121131112562751e-17
2.1105656267714927e-17
2.1546903270150166e-17
2.1900400939054994e-17
2.1685366015674292e-17
2.1720750121926602e-17
2.1787056516904316e-17
2.133138008396846e-17
2.1250310829418805e-17
2.136409982366459e-17
2.1388884717966703e-17
2.1247907074090787e-17
2.109488382594836e-17
2.1050390590768064e-17
2.1261628255253683e-17
2.1557835911171694e-17
2.1452809586221158e-17
2.1154678006236397e-17
2.0904022893490803e-17
2.0850613688292822e-17
2.080880704827346e-17
2.082940376683824e-17
2.0750469224848702e-17
2.0999974582175915e-17
2.121371104843747e-17
2.1496524820235013e-17
2.1198297427298726e-17
2.1331332560744502e-17
2.3652233447298905e-17
2.696780614237663e-17
2.480489084835036e-17
2.140102996770281e-17
2.0857642526417153e-17
2.084791252956325e-17
2.071980294832979e-17
2.052485348560449e-17
2.0235660870745794e-17
2.0152912973285316e-17
2.0371042271748674e-17
2.080608825996081e-17
2.0837774752787623e-17
2.0717095657571324e-17
2.0758512913755656e-17
2.070772668391879e-17
2.0527016558798266e-17
2.0335397554268195e-17
2.0487635136208066e-17
2.068441271004858e-17
2.047965123458287e-17
2.0397719663469436e-17
2.0312592538796524e-17
2.016247587235175e-17
1.9995018594687033e-17
1.983650641417728e-17
2.0071606869119476e-17
1.9988235037718616e-17
1.9859694681455076e-17
2.0327584582948526e-17
2.0115046928336536e-17
1.94529779002481e-17
1.9539242516281587e-17
2.01599073187471e-17
2.042737185570934e-17
2.019894611422262e-17
1.9711993267892504e-17
1.9750923219855086e-17
1.9831476617473694e-17
1.99946660030254e-17
2.018426986955886e-17
2.0148754691188856e-17
1.9959833779373908e-17
1.973882625984655e-17
1.9966498528282427e-17
2.0032264538213498e-17
1.9673398278008474e-17
1.9656578889244866e-17
1.9570611676612934e-17
1.946677956429028e-17
1.9499272418917186e-17
1.9846986051563967e-17
1.9813738190878998e-17
1.9707447901471857e-17
1.956332835928933e-17
1.9581208589052297e-17
1.9814760706697743e-17
1.999833295630641e-17
1.9911462035915627e-17
1.9719741852908745e-17
1.953501601536364e-17
1.9388836877974997e-17
1.9325736001103712e-17
1.9361606837149803e-17
1.9491523833900944e-17
1.9131126865982256e-17
1.871636179684665e-17
1.8689912056698732e-17
1.8798041188271656e-17
1.8991283647452472e-17
1.915494060020765e-17
1.9137639847175543e-17
1.8933134383916325e-17
1.9010142702328276e-17
1.9168278529564413e-17
1.9043024940790203e-17
1.8862670473345765e-17
1.88922682438292e-17
1.9102139998877785e-17
1.8899778446222028e-17
1.9007638535027055e-17
1.8882127401039128e-17
1.8629760685727385e-17
1.892567323775468e-17
1.886641867600967e-17
1.854018094157091e-17
1.87826704913352e-17
1.8572086654430835e-17
1.8376952464334985e-17
1.8688558411319493e-17
1.8712027218919373e-17
1.8692437686101092e-17
1.8563564667269837e-17
1.8556819435482033e-17
1.8798885875252353e-17
1.8663275289669416e-17
1.8143248578974313e-17
1.817027932886032e-17
1.8610706172430452e-17
1.8749311487626454e-17
1.8491369225039202e-17
1.8541320732442332e-17
1.8707445060325344e-17
1.868498880399724e-17
1.8282746104374973e-17
1.8127955298902697e-17
1.8112555474828973e-17
1.8240018893517302e-17
1.8216422846317792e-17
1.8367775116585513e-17
1.8310871421419274e-17
1.8115042779050727e-17
1.8031440996566194e-17
1.762561106003859e-17
1.7232357914780792e-17
1.7337800451192782e-17
1.7701964784365682e-17
1.800852943709242e-17
1.821416396017249e-17
1.792906217509237e-17
1.7740646389157896e-17
1.7864080298356625e-17
1.7863453298401802e-17
1.7374617919200004e-17
1.7155485267508206e-17
1.748991462605108e-17
1.7582564983678228e-17
1.7564718480074204e-17
1.7845749364469657e-17
1.8206345623327537e-17
1.8191279228325142e-17
1.782246911675839e-17
1.7444808187980987e-17
1.7551551481022968e-17
1.768729697124166e-17
1.7799256321365004e-17
1.789042196149522e-17
1.8007086877294167e-17
1.8043482001811034e-17
1.766067323477376e-17
1.7324537639190014e-17
1.708051201618678e-17
1.7272381667398053e-17
1.7815992161234876e-17
1.7909937909966726e-17
1.755434538668962e-17
1.7592974869236195e-17
1.7593379583143466e-17
1.7340979908176397e-17
1.7378586108400623e-17
1.7292818186707872e-17
1.7098169193398577e-17
1.7058716485972443e-17
1.6926214839040792e-17
1.6877891385310082e-17
1.7229518785401016e-17
1.7680403804256694e-17
1.739924414725438e-17
1.6836911802688342e-17
1.6717180105936784e-17
1.678167295336791e-17
1.679883650225342e-17
1.689071805675748e-17
1.7045835392768577e-17
1.731531506772742e-17
1.6961320704481858e-17
1.6590645689626502e-17
1.669205181801638e-17
1.6617007281859014e-17
1.678080680428607e-17
1.6920323492277034e-17
1.687038654844254e-17
1.704463811412624e-17
1.6949460594089507e-17
1.6837762621697944e-17
1.6826470490482272e-17
1.684301393794547e-17
1.6684155297802977e-17
1.6563434811391615e-17
1.6634184627809542e-17
1.6655675089586207e-17
1.661640404351617e-17
1.6720134210858397e-17
1.6829666810545354e-17
1.673945853342684e-17
1.645151685246333e-17
1.6501447664268933e-17
1.662514601721389e-17
1.6387391926766086e-17
1.603663680778589e-17
