49.32275442047672
81.31054778260788
658.8430858867891
82.06493917962376
36.12433142596959
14.900938703854223
6.1521781255427035
36.9953407422846
42.95560728498413
30.20008399362137
50.25437768232984
20.379558044795598
31.551595091408796
92.44152258607669
203.0591378675946
61.75932648411245
129.5144470993582
546.5610426387902
151.18451212769148
90.89697225336018
90.58069115491708
189.72382171541034
202.31045991952212
119.68117307074164
100.2316099961653
127.20554242245018
146.91391418173268
396.9058684445994
131.49669338934973
108.62389530431516
199.69985407017614
459.98586454813346
242.46437087477528
104.76881870877982
80.04721109390943
99.25387909534723
156.79236058720122
214.96315080353884
237.44138435289008
169.21649961899203
125.28632635277874
156.37054613594177
324.74371119675806
910.254186546479
127.98167966471239
151.5799224858712
98.54562916694253
97.19325250865806
125.50649977878449
133.55044432606783
382.3152674612824
253.69426676141583
311.9436212865324
147.2370421271274
150.917893285898
1242.9779197761636
1726.9739000604184
411.3432614088508
330.6605201316871
222.68722712562635
167.2445236359132
182.5787570124959
258.40540463600956
461.47642944149663
379.428964644462
294.109861189324
236.6469059240005
99.97449265074688
119.47940300249424
79.2579953231216
124.13319077150129
193.87262786864716
177.62406082530782
70.0042077316985
84.70136220506376
142.65991607168587
92.56840214663622
66.8817190602322
65.44064593015442
72.37579653640822
76.23945508599611
69.78535513337964
84.34340757798778
102.80604269258367
113.7907442623523
57.54011765685688
52.46699823261041
57.26203602527636
59.67309406398535
71.80840519868971
69.0709621812233
46.08583967820167
42.502752107154905
53.91312522988004
55.10510515655142
49.28743705368751
44.87411874561554
34.15944809685522
30.58684063160268
36.61574450672655
48.57124072343762
48.26456268106502
58.648021524047344
61.11852353122044
49.937122736882145
59.32562808916259
59.27404135686723
52.971016943271486
52.5159046558704
78.23474542327264
96.5162866427987
60.30620049171049
43.33588138808799
31.789363110864425
38.25186266056676
54.118028573434096
49.67475450023562
43.99903143771038
36.96023052081576
49.78002344966547
75.63726994841217
55.244711844488776
37.3093501963995
32.139502850364956
34.29733492145381
42.42904896014834
67.54611451340169
50.53970675899132
37.854779022582115
45.82885605785532
44.435397012507536
35.57673521867703
41.840653924265865
66.7683638455623
67.54476007267546
45.44569363027233
40.22578230933198
31.235513091581964
28.283120096591002
32.53717039538998
39.57469130477298
34.27293746113868
32.353930804879866
42.40981688177365
40.4473819497327
38.52036259409164
38.89699317866811
41.59782610691029
52.57751798362451
88.79922108974867
100.37968012642412
56.256486678001394
33.919627412082704
37.62610433201985
48.34291525922555
42.54635636488141
35.509357306876716
31.087592108544406
36.85975081026419
47.1557897878094
39.66847562559204
29.667200061714304
24.40999058237918
24.283828481031104
31.139975803829802
36.62982147096555
59.97595141344133
54.36571340288771
35.61592833982193
34.416846757556385
47.23890345499516
67.99291029810335
39.649559013471546
29.238333580973137
37.73889417530261
61.95125905130813
43.601400825802735
25.982445069494357
23.551221618399413
22.990578670366013
25.596832882183502
26.61741898324533
27.591844718945726
28.293943362595577
25.083832740809505
24.22199237282404
24.779763342220708
21.77203567548122
20.07090833378042
23.00157645423079
26.200520224713575
23.404393607899248
24.176151454368657
26.176821060419268
24.031377987401672
21.740596534953998
22.588106110319302
23.59366989214342
22.115862641475495
22.670685292743354
24.31819942289807
22.971665909658988
22.44039886312772
21.681610183780318
20.884191465043074
19.483701140245188
17.428289027316747
17.206516522934802
17.245572972712672
18.88162787630993
19.39038543572396
17.817916889363783
16.663129705333066
18.891874935882626
23.41064985318587
20.64077726592432
20.361510940879764
24.748545800683956
28.19494524190391
26.106652850907228
22.09343114689649
22.637688047852716
21.787210383828246
27.94241985341072
93.66717804437991
152.0905428594923
96.63485939240711
195.5185617573454
55.97796471681904
23.2992800988652
22.270402095535765
23.883626678593732
27.349908949770445
32.887949108933874
38.36043553767195
33.69530187957753
36.87835866755479
73.11763613514076
255.92210377196827
913.9038081126909
682.6838551865491
574.2095574921627
159.69989001953664
64.61222302815396
51.262010342142425
52.98488368418831
48.76063812962187
32.47220356446956
25.476820275209295
27.734123830302615
29.179648981263025
27.300158663504973
23.798885597413893
19.740707190867827
17.880067711062868
17.055126955377172
16.18543391626868
17.46347273383818
18.399384133930884
17.623637377200108
17.118520115810213
16.112475229389446
15.30792627618555
15.879802797174635
15.772855699938999
15.830754831287885
16.066815803318367
14.78063829727043
14.060149993022467
14.872167337167888
14.670639490313242
14.11349326183233
14.322103380460723
14.08865385688922
14.034636605162419
14.924526194510166
16.763436576992873
17.736351006694573
17.99520738050815
16.857211210120774
15.561886003676614
15.095132704697413
13.401693277188741
12.67435303452137
13.217347173736435
13.354891999626439
13.608781606910151
14.11465291088369
13.986168036547445
13.81192219937907
14.097576135274926
13.459145889959762
12.166820340266787
13.180929500208112
12.848721469950531
12.007934959385645
12.08864987722602
11.749740301854452
12.432432707407083
13.669882874851323
13.587681610249739
13.821267926638988
31.33657757464446
67.24680896384145
58.84843463957898
27.944523726556408
14.107900437763568
14.287513377346686
31.217163391942975
92.29500803291592
197.61699704755483
469.4050414710398
165.0674040507298
18.36590942266647
12.752441718576703
18.152325382477997
36.52585274995898
45.65495080880645
32.568176291587406
14.309789075996697
11.91523747818985
11.508875382562639
11.559003606294569
11.005486014000047
10.661962449818391
11.026248953797321
11.315083408773921
11.625434433593602
12.77718061319112
13.587966588413384
12.739464198522587
11.774382964151652
12.093930578590822
11.339280642134753
11.185142157002671
12.340640051191269
12.021064888249812
11.768511800274888
11.159572989081811
10.454470473537192
11.08723006953311
11.218894556584408
10.715013492388973
10.406561730138296
10.041602629730937
9.575353203687014
9.807568604289697
9.804511611223619
9.598773813574574
10.14955914737237
10.684505923203593
10.283335206683228
10.232939831036576
9.895906592097813
9.537749393201391
9.816011757149536
10.289100080568112
10.389550242961114
10.193486772556058
10.185425003224282
10.386543624491031
10.26556715981533
10.805061901870799
11.284402786821177
11.339269605964613
10.86901033626167
10.436424354744824
10.266514253200928
10.529025153092672
10.293990901104296
10.632782384252325
11.182412076574977
10.844003399289928
10.032138104645638
9.84956964998472
9.574715146546819
9.705847898366098
9.592382539994222
9.94001634133106
10.376356319968487
10.53095525416715
10.770810190144845
10.732652030330213
11.789382654348758
12.97729331121001
13.075914222669095
12.594535664550873
13.903458452671224
16.55502885037905
20.055078248270085
27.730780908377778
32.962645516172444
26.853580353018398
14.453969806381169
12.11061105019985
12.38907689458413
12.055029436539558
12.397778699889
13.512048924780968
16.39142762597249
17.605729697529377
17.199229726797185
15.05995796427722
14.08018201858613
14.14444647621292
13.570338010637816
12.540148861054172
12.179910929042912
12.614593858448735
13.586262026162892
14.006678540004737
14.63996563701448
16.579822913854084
17.25850334151696
16.980584148226566
20.15843519998232
27.070690482504727
28.074884391538586
33.09792040093671
48.73384217346024
68.3715778226275
65.33449536942669
49.380149469359075
47.16611597349101
53.21097175427672
40.61813068327483
29.966503489889682
23.575902543381115
23.541563397256365
23.534410539763094
21.691507780924287
22.24898384839879
22.572612607494744
23.964771234664667
27.750266287250998
29.776714527033235
30.121742149988865
36.66455729995366
60.382456454620915
64.80239542265473
58.646059076973486
58.28978683489886
68.43486083440222
238.462190962783
171.6916822979602
184.37120937338932
146.83147565474195
108.07787856739266
107.43216939724705
70.92716304792721
48.2344971110715
46.80508753901689
45.72324656327802
45.4014864335329
32.854366478779454
31.45736170090845
35.89824568734605
30.867724280179765
26.3269046392761
25.996930819154183
22.88746911163977
22.861883770805868
24.901686516543712
21.317437022378883
17.543623342415465
15.180223348754762
14.610284124513425
13.64790440195029
13.06499202544945
13.8374577026584
13.666961823837738
13.189270466814824
12.3579457064825
11.643557923476047
11.758564103045925
11.90762959631028
11.366485104808453
10.57525370575826
10.073487678855571
10.185738387714446
10.597049747917964
10.739189640226757
10.633750168027877
10.830651541535246
11.956320023579956
11.67616605996306
10.613219893833609
10.096356996475494
9.97236498288009
9.222522640537779
8.74465434583142
8.979841443126455
8.859475247365062
8.574889102828198
8.19134724417339
7.993947616406615
8.142867802741224
8.37451543165909
8.101335683825717
7.807054463837446
7.725112034627662
7.965085758777919
8.187513579022335
7.804224349810657
7.452831843886805
7.18479617162472
6.71955255650837
6.8028819688449005
7.189030915618626
7.505874684880864
7.635813304150046
7.339026876130147
7.086902380475322
6.755705777784032
6.44222583174389
6.6321548034329405
6.851270810965512
6.775403419554622
6.949108181727661
7.952783205914972
10.693400312714889
10.374078781428981
7.066560848847271
6.107604062809108
6.272181129990996
6.374021853652265
6.221097160873321
6.303710311408916
6.407511846698484
6.3848228577143065
6.5716590201244935
6.602995811408681
6.430270590932365
6.140122143729278
5.983614751743501
5.7723875746964195
5.730764291742156
5.828853576566793
5.951269833608417
5.913902671294089
5.81492102102279
5.784118499175087
5.838118712624009
5.8623320762293245
5.777575518326397
5.821909104588215
5.828113713002457
5.54859387256306
5.476286663958826
5.745076156612695
5.691722671714027
5.459528487779453
5.2701844193435345
5.193103843359997
5.2792855189747785
5.157015750243971
4.975438860954947
5.112074174597179
5.435858400829492
5.54648547110564
5.411844187729315
5.1961571544969765
5.044872976805365
4.873870324969862
5.063037714403281
5.177889782396164
5.115149913760169
5.111468012120641
5.1314497043488405
5.14215475791413
5.274026039385199
5.272668557412224
5.142593185325516
5.140539359423657
5.065932234533838
5.015358652711327
5.159664741334488
5.141412116892158
5.034343778341793
5.045795699934152
5.119785642969985
5.025116850970321
4.909957724824273
4.901882380190541
5.001297470416848
5.143426932719569
5.033404936269401
4.895706980555717
4.827856625688089
4.668987898621905
4.704599418167034
4.879535893390438
4.878715950309625
4.917142448407013
4.933410459230971
4.866808743266328
4.716693833635325
4.623280144939798
4.555980754868955
4.525859460917753
4.466495277368003
4.496357399904434
4.501993066961269
4.5039226816240765
4.468237556197471
4.318958528393471
4.3323403890490235
4.366441083688628
4.378022744469275
4.508497109462485
5.148891121231546
6.368112947331714
5.820037821118327
4.583083771546446
4.320519478727465
4.242254145284371
4.242500183841086
4.295151789494441
4.261398505966896
4.123619606160581
4.260565118962796
4.489718886490986
4.6994597491872945
4.621881056431447
4.416367188490885
4.26350183621337
4.168891572750083
4.2007597612176575
4.251403047147422
4.225854413745891
4.182363497627445
4.088443692217109
4.080716153865084
4.053006984112268
4.0334054408110935
4.059848599139469
4.0742993102871266
4.055938103243592
4.074512175206502
4.201679863555149
4.412769482059654
4.7036761750283
4.9222586137152655
5.034349255493436
5.123097789900042
5.870216281403439
7.720310952330167
9.38106782918893
8.987940418617491
11.112566123079642
16.837947381280443
21.824263672648673
16.710237713499364
10.005363696792232
6.419009324771064
4.362611343474577
3.998092143488327
3.890092194834022
3.87151229393569
3.8924571822343146
3.9296146073523315
3.8959590213079656
3.8862328962558927
4.062177765544326
4.2109281343283005
4.209513185443619
4.240466662725221
4.342743257348498
4.5050788093792935
4.710337858193154
4.824856055237018
4.874586180572877
4.831361457348818
4.683765741416456
4.6175385384869
4.814077928608916
5.1278958786522475
5.584359942385631
6.781157242412379
20.6356726984984
82.4472004147057
262.8423936718436
200.8827580083732
58.86531429178369
12.020768697989606
6.463088646847976
5.634813544266919
4.95384399417196
4.7163602818003145
4.596060685980556
4.472058759223296
4.34879882819782
4.237247962311448
3.8571738559380457
3.6257587254670502
3.5875461452720065
3.6242384021068026
3.5522083090814065
3.419029735066821
3.4079465999742817
3.474589572833342
3.522392989947401
3.4984328872918296
3.4164723542870914
3.405959958364745
3.435496679972412
3.389113260525713
3.3513500838673567
3.2793087709578694
3.2547745128318755
3.344145136854726
3.3781660536800002
3.2877323888247005
3.2045631148626215
3.168405138873964
3.214278075640812
3.2649523048221503
3.310329904777692
3.3440548485602424
3.323781453945845
3.1806865434685307
3.053189204060995
3.063399906100091
3.0553329990556026
3.0705029084826934
3.0867019686728305
3.1281356023476903
3.0851157759420893
3.0631578628411016
3.13225288225618
3.1052515869016855
3.0452154007564274
2.9583485038077053
2.900061828221505
3.017487715117727
3.1094677606872496
3.1521798716233644
3.1561543323791588
3.0910032972407215
3.1005257503107364
3.152386873484148
3.2840724976461657
3.6047177201390697
6.233050545330279
8.714419351023738
6.197525502213197
3.476795516279528
3.0396908582750886
2.9305906003327684
3.0044578078875817
3.0606817802833906
3.060012013632861
3.0388196985096547
3.004793819928377
3.116495292429028
3.3590736309153777
3.579933426772587
3.526852348319002
3.263494696621583
3.031849874751552
2.9640768324325344
2.949945665560062
2.8852925767028785
2.866609329417411
2.8762773880186225
2.819129018082498
2.807478651136592
2.862395438694224
2.9632258548520487
2.9503378522796013
2.889761729241793
2.8074548023908674
2.7390989176098928
2.7997504919948213
2.8565949737933676
2.858366197330175
2.8867870814667405
2.915695552660259
2.8819831490819765
2.9936823619718544
3.293824160963947
3.1156126345268396
2.8592673487057207
2.8487933712679765
2.844204845770151
2.819045911486915
2.793038517857397
2.7127775194840664
2.7186658400079344
2.76062360819306
2.6992336786952666
2.653212987713641
2.6092956993155796
2.584554433204323
2.631204100314243
2.659660435189845
2.6394258582926646
2.608756820907998
2.5768196268533
2.5366253684308844
