0.00042363702
0.00015811816
2.8878119e-05
6.279975e-06
2.5916543e-06
1.7321271e-06
1.1764703e-06
9.3012665e-07
8.8005629e-07
9.1049111e-07
9.3427292e-07
1.0197359e-06
9.3241499e-07
8.1882814e-07
7.9439906e-07
8.6722696e-07
1.2287437e-06
1.4398747e-06
1.1410167e-06
9.3714647e-07
7.4589354e-07
6.7368501e-07
6.527722e-07
6.5950729e-07
7.0695683e-07
6.9080346e-07
6.5033845e-07
6.06002e-07
5.7301418e-07
5.734837e-07
5.7664954e-07
5.8761071e-07
5.8961155e-07
5.5343645e-07
5.6508071e-07
5.7011113e-07
5.4380428e-07
5.3256804e-07
5.312674e-07
5.3541396e-07
5.3780656e-07
5.3836783e-07
5.4844594e-07
5.6935295e-07
5.9539616e-07
6.1764928e-07
6.4975609e-07
7.153937e-07
7.9620133e-07
8.5069109e-07
9.4766534e-07
1.1471316e-06
1.3901438e-06
1.8248678e-06
3.5688115e-06
1.71191e-05
4.3338103e-05
5.0546878e-05
2.7704187e-05
6.9336961e-06
2.3002924e-06
1.6745346e-06
1.3330368e-06
1.1454715e-06
1.0251051e-06
9.3606258e-07
8.622755e-07
7.8472709e-07
7.2379379e-07
6.9582836e-07
6.806456e-07
6.5288759e-07
6.2374454e-07
6.1437703e-07
5.9432762e-07
5.6652942e-07
5.1960973e-07
5.1161061e-07
5.2942909e-07
5.2969597e-07
4.9070792e-07
4.6869914e-07
4.7305173e-07
4.7022382e-07
4.6838636e-07
4.530161e-07
4.4379945e-07
4.3173208e-07
4.2097622e-07
4.2322253e-07
4.2488378e-07
4.0761662e-07
4.0750342e-07
4.2001915e-07
4.1511538e-07
4.0497531e-07
3.9666551e-07
3.8195623e-07
3.8021687e-07
3.8414532e-07
3.7454743e-07
3.7400582e-07
3.7042827e-07
3.6835618e-07
3.6961208e-07
3.6848522e-07
3.6218336e-07
3.5979534e-07
3.478155e-07
3.4371058e-07
3.4438108e-07
3.5024473e-07
3.5604987e-07
3.4742277e-07
3.3227175e-07
3.2352207e-07
3.2255662e-07
3.3756766e-07
3.9132524e-07
4.7574775e-07
4.7234434e-07
3.8671234e-07
3.514516e-07
3.4102212e-07
3.350159e-07
3.2666165e-07
3.2740277e-07
3.2544341e-07
3.1608127e-07
3.070906e-07
2.9708181e-07
3.0065826e-07
3.484657e-07
4.2953209e-07
3.9244657e-07
3.1747251e-07
2.9841922e-07
2.9386783e-07
2.9057662e-07
2.8920417e-07
2.9451482e-07
2.9996352e-07
3.0010253e-07
3.1956276e-07
3.9707294e-07
4.0559519e-07
3.3527459e-07
3.2868863e-07
4.2342472e-07
5.3159943e-07
5.4975783e-07
4.4495971e-07
3.3945986e-07
3.3832089e-07
3.5926087e-07
3.411356e-07
3.1926817e-07
3.075701e-07
2.9629155e-07
2.83606e-07
2.788191e-07
2.8403664e-07
2.9095906e-07
2.8730523e-07
2.9066499e-07
3.3625412e-07
4.4435237e-07
4.559212e-07
3.3926423e-07
3.1466055e-07
3.5420049e-07
3.9832921e-07
3.6225217e-07
3.1560828e-07
3.968951e-07
4.9063522e-07
3.8891801e-07
2.831564e-07
2.7480669e-07
2.7589022e-07
2.7467547e-07
2.8104094e-07
2.859162e-07
2.8566015e-07
2.869304e-07
2.8335481e-07
2.8639471e-07
2.8575644e-07
2.7287732e-07
2.6748447e-07
2.6366035e-07
2.7437588e-07
2.9605448e-07
3.0895407e-07
2.9672486e-07
2.8949961e-07
3.1511658e-07
3.2738407e-07
3.1528097e-07
3.0797392e-07
3.2703633e-07
3.5486147e-07
3.4714594e-07
3.3751246e-07
3.3974621e-07
3.0568916e-07
2.8295159e-07
2.7737394e-07
2.7218491e-07
2.8026778e-07
2.8692943e-07
2.8545571e-07
2.874128e-07
2.8462199e-07
2.8036135e-07
2.8503197e-07
2.9343707e-07
3.0674283e-07
3.5321679e-07
3.752167e-07
3.354248e-07
3.2207038e-07
3.3010633e-07
3.6340984e-07
9.1472964e-07
2.7698347e-06
3.8943549e-06
2.57175e-06
8.0708361e-07
3.9978471e-07
4.1722095e-07
4.6022737e-07
5.2240415e-07
5.8905829e-07
6.5030275e-07
7.524435e-07
9.4554099e-07
1.6073607e-06
9.4389379e-06
2.9944458e-05
4.1894691e-05
2.7366703e-05
7.7510394e-06
1.3992213e-06
9.2080586e-07
7.5643447e-07
7.1474915e-07
6.4347864e-07
5.2164472e-07
4.617529e-07
4.4058248e-07
4.1489758e-07
3.8114143e-07
3.6735091e-07
3.5892415e-07
3.4670597e-07
3.350755e-07
3.340125e-07
3.4281169e-07
3.3188164e-07
3.1164555e-07
3.0544692e-07
3.0243817e-07
2.9408668e-07
2.8934485e-07
2.9155899e-07
2.8872032e-07
2.9017809e-07
2.9989533e-07
2.9789709e-07
2.8964715e-07
2.8045156e-07
2.7535759e-07
2.7890636e-07
2.8504388e-07
2.8749045e-07
2.9734809e-07
3.2114664e-07
3.7313421e-07
3.6627719e-07
2.9844611e-07
2.7910241e-07
2.8063729e-07
2.7900376e-07
2.7499354e-07
2.7322628e-07
2.7174238e-07
2.6526172e-07
2.6018242e-07
2.6463715e-07
2.7897252e-07
2.8716488e-07
2.8462949e-07
2.8915653e-07
2.8199293e-07
2.6786446e-07
2.6178969e-07
2.6654396e-07
2.6862756e-07
2.6556361e-07
2.6561904e-07
2.7646118e-07
5.4166264e-07
1.1287221e-06
1.180554e-06
6.267569e-07
3.2388886e-07
2.9473512e-07
6.5497403e-07
2.6445125e-06
4.7554722e-06
3.9717406e-06
1.5034078e-06
3.5723869e-07
2.8970948e-07
3.8798396e-07
8.5761599e-07
1.1254242e-06
7.4022017e-07
3.4421399e-07
2.9517165e-07
2.8960389e-07
2.8641639e-07
2.8176112e-07
2.7225275e-07
2.6578707e-07
2.7156639e-07
2.8324655e-07
2.9465909e-07
3.0293901e-07
3.0098258e-07
2.9568741e-07
2.9172838e-07
2.9196775e-07
2.8627744e-07
2.8393157e-07
2.7853608e-07
2.7462059e-07
2.7759023e-07
2.7702757e-07
2.7481212e-07
2.7626183e-07
2.824689e-07
2.8135833e-07
2.7940166e-07
2.7290727e-07
2.6591405e-07
2.7069802e-07
2.7367304e-07
2.7367784e-07
2.7249169e-07
2.7701662e-07
2.7812871e-07
2.7785981e-07
2.7967513e-07
2.8116438e-07
2.8087806e-07
2.8454701e-07
2.8208737e-07
2.7906933e-07
2.8285996e-07
2.8086203e-07
2.7750005e-07
2.8104679e-07
2.8410713e-07
2.8638212e-07
2.9413738e-07
2.9427693e-07
2.9688258e-07
3.0532689e-07
3.1782616e-07
3.2071111e-07
3.133157e-07
3.1268235e-07
3.1448269e-07
3.0374167e-07
2.9902174e-07
3.0893915e-07
3.1784396e-07
3.1646951e-07
3.1250215e-07
3.1440328e-07
3.2394505e-07
3.4170125e-07
3.6860419e-07
3.7306458e-07
3.6277117e-07
3.8320255e-07
4.5357152e-07
5.8767006e-07
9.5894745e-07
1.3143658e-06
9.9106978e-07
4.7369051e-07
3.7397953e-07
3.7690049e-07
3.6678264e-07
3.7370495e-07
3.9357323e-07
4.4701486e-07
5.3576912e-07
5.5610315e-07
4.893526e-07
4.2413569e-07
4.0220536e-07
4.1135411e-07
4.1828505e-07
4.1843847e-07
4.2637595e-07
4.3717088e-07
4.4973135e-07
4.8265963e-07
5.110868e-07
5.3668936e-07
5.9124585e-07
6.5243614e-07
7.2979782e-07
8.6620872e-07
1.1128785e-06
1.5051553e-06
1.9124348e-06
2.0622692e-06
1.797517e-06
1.3841811e-06
1.0881071e-06
9.1398874e-07
8.0885786e-07
7.6951676e-07
7.5313699e-07
7.3569419e-07
7.5175814e-07
7.8020645e-07
8.1112029e-07
8.6173225e-07
9.1642852e-07
1.0024074e-06
1.1417836e-06
1.3047896e-06
1.4991008e-06
1.7556856e-06
2.1586027e-06
2.8375332e-06
5.3855169e-06
2.2917917e-05
5.4718646e-05
6.133128e-05
3.2578377e-05
8.4014746e-06
3.2138473e-06
2.3429777e-06
1.8291687e-06
1.5420499e-06
1.3797187e-06
1.2188168e-06
1.0987341e-06
1.0132516e-06
9.3403395e-07
8.8954948e-07
8.7783576e-07
8.558269e-07
8.2821623e-07
7.7338422e-07
7.0152493e-07
6.4776731e-07
6.3192823e-07
6.182504e-07
5.9561648e-07
5.6989643e-07
5.4395298e-07
5.2474553e-07
5.1301913e-07
4.9954548e-07
4.9166522e-07
4.8214849e-07
4.7099113e-07
4.5855785e-07
4.4583504e-07
4.3673333e-07
4.3088869e-07
4.3250924e-07
4.4059362e-07
4.4789624e-07
4.6402471e-07
4.7179597e-07
4.5788116e-07
4.3314367e-07
4.1359587e-07
4.0782794e-07
4.0598326e-07
3.9788685e-07
3.9081129e-07
3.8416135e-07
3.8379457e-07
3.8416684e-07
3.757601e-07
3.7119125e-07
3.7226098e-07
3.6385379e-07
3.5778078e-07
3.6191304e-07
3.5816319e-07
3.5783734e-07
3.6099195e-07
3.610831e-07
3.6159054e-07
3.5771558e-07
3.6070983e-07
3.6231779e-07
3.6369963e-07
3.7344245e-07
3.6566402e-07
3.5320826e-07
3.5634514e-07
3.5268667e-07
3.4792205e-07
3.4048338e-07
3.4141175e-07
3.4543876e-07
3.4781053e-07
3.7125361e-07
4.4825538e-07
4.4504324e-07
3.643743e-07
3.4337111e-07
3.4538076e-07
3.4647653e-07
3.4352797e-07
3.4206764e-07
3.4328289e-07
3.4601271e-07
3.6537506e-07
3.8043277e-07
3.6742875e-07
3.4810967e-07
3.3391606e-07
3.3165944e-07
3.4027858e-07
3.3996787e-07
3.3424581e-07
3.3426306e-07
3.3653555e-07
3.3490778e-07
3.2941915e-07
3.3673956e-07
3.473217e-07
3.4204209e-07
3.3949973e-07
3.4260626e-07
3.4559241e-07
3.4316344e-07
3.3713505e-07
3.3709543e-07
3.4186263e-07
3.4516771e-07
3.4462542e-07
3.4206161e-07
3.438642e-07
3.4082598e-07
3.4336733e-07
3.4289829e-07
3.4009071e-07
3.435955e-07
3.4359775e-07
3.4483816e-07
3.4775326e-07
3.5546901e-07
3.6215116e-07
3.6168939e-07
3.5170908e-07
3.376737e-07
3.3554747e-07
3.4100302e-07
3.4253819e-07
3.4803821e-07
3.5195012e-07
3.5493122e-07
3.5173034e-07
3.456224e-07
3.4477191e-07
3.4359135e-07
3.4536254e-07
3.4576624e-07
3.4596712e-07
3.4554083e-07
3.4297773e-07
3.464655e-07
3.4772691e-07
3.4600131e-07
3.4968679e-07
3.5050016e-07
3.4743039e-07
3.5331493e-07
3.5885284e-07
3.5586342e-07
3.5245904e-07
3.4907649e-07
3.5318229e-07
3.5720495e-07
3.5390468e-07
3.5706694e-07
3.6427392e-07
3.6223904e-07
3.5735559e-07
3.5910074e-07
3.6410677e-07
3.6995149e-07
3.6978582e-07
3.7419434e-07
3.7262532e-07
3.6787279e-07
3.7512032e-07
3.8052761e-07
3.7491279e-07
3.6835175e-07
3.6598453e-07
3.6771047e-07
3.6917447e-07
3.6997628e-07
3.6900994e-07
3.6685634e-07
3.656877e-07
3.7889873e-07
3.8884158e-07
3.7346416e-07
3.6687166e-07
3.7441464e-07
3.806513e-07
3.7961289e-07
3.767226e-07
3.766279e-07
3.7733443e-07
3.8168332e-07
3.7858936e-07
3.7920839e-07
3.7725033e-07
3.7829889e-07
3.8874811e-07
3.848499e-07
3.8233344e-07
3.9196641e-07
3.9071733e-07
3.9348075e-07
4.1841918e-07
4.4476579e-07
4.4885374e-07
4.8576811e-07
5.8265294e-07
6.9832191e-07
6.7561831e-07
7.8731699e-07
1.0983807e-06
1.4322607e-06
1.0755404e-06
6.6525337e-07
4.9216806e-07
4.1829011e-07
4.0642345e-07
4.0177898e-07
4.0193297e-07
4.0071592e-07
4.0057648e-07
4.1110761e-07
4.1425031e-07
4.1256905e-07
4.0956138e-07
4.1522068e-07
4.2261379e-07
4.3418308e-07
4.3735284e-07
4.4156363e-07
4.5396609e-07
4.5662554e-07
4.5108882e-07
4.5538187e-07
4.5820101e-07
4.4873696e-07
4.5800635e-07
5.0432237e-07
5.7766215e-07
1.3560153e-06
5.732873e-06
1.1046939e-05
9.9343606e-06
4.1071057e-06
8.9016112e-07
5.5752884e-07
5.0824019e-07
4.8972083e-07
4.8335488e-07
4.5999246e-07
4.6263489e-07
4.6198264e-07
4.6055342e-07
4.572577e-07
4.4813973e-07
4.3743495e-07
4.3723855e-07
4.3385094e-07
4.3336772e-07
4.3807421e-07
4.4213368e-07
4.4774282e-07
4.4463152e-07
4.3802706e-07
4.3683454e-07
4.3703938e-07
4.3136299e-07
4.3574235e-07
4.4606861e-07
4.4948649e-07
4.4732809e-07
4.5012408e-07
4.5465296e-07
4.5691843e-07
4.4700994e-07
4.4203756e-07
4.4292372e-07
4.4289987e-07
4.434356e-07
4.506428e-07
4.521157e-07
4.4672834e-07
4.429738e-07
4.3705762e-07
4.2898819e-07
4.3316507e-07
4.4493623e-07
4.5131719e-07
4.561991e-07
4.6257597e-07
4.6682149e-07
4.6568704e-07
4.6270398e-07
4.5626771e-07
4.5325339e-07
4.5863388e-07
4.635038e-07
4.6759249e-07
4.8047536e-07
4.8763366e-07
4.8621473e-07
4.8197808e-07
4.863237e-07
5.9806212e-07
7.2770149e-07
6.2181556e-07
5.0968862e-07
4.9368936e-07
4.9020821e-07
4.834456e-07
4.8610372e-07
4.8631244e-07
4.8673337e-07
4.9462585e-07
5.0199606e-07
5.1276794e-07
5.2678098e-07
5.2512996e-07
5.0588466e-07
4.9780215e-07
4.8564124e-07
4.8413193e-07
4.8791856e-07
4.9307454e-07
4.9220802e-07
4.9840924e-07
5.1330875e-07
5.1372371e-07
5.035555e-07
4.9791146e-07
4.9257886e-07
4.8924733e-07
5.0531565e-07
5.1105371e-07
5.1125744e-07
5.0987279e-07
5.0524517e-07
5.0337144e-07
5.0956106e-07
5.1796809e-07
5.2261237e-07
5.2405863e-07
5.2650461e-07
5.2467641e-07
5.1974382e-07
5.1893807e-07
5.2524649e-07
5.2552161e-07
5.2480777e-07
5.2889516e-07
5.2963202e-07
5.2448752e-07
5.2805092e-07
5.3423952e-07
5.2733594e-07
5.135139e-07
5.1473603e-07
5.2337151e-07
5.248977e-07
5.2034562e-07
