0.0000000e+00 3.0801253e+00 
2.5012213e+01 2.8391106e+00 
5.0024426e+01 2.6232462e+00 
7.5036639e+01 2.4446256e+00 
1.0004885e+02 2.3054681e+00 
1.2506106e+02 2.2108741e+00 
1.5007328e+02 2.1641512e+00 
1.7508549e+02 2.1690230e+00 
2.0009770e+02 2.2244847e+00 
2.2510992e+02 2.3267307e+00 
2.5012213e+02 2.4731252e+00 
2.7513434e+02 2.6590157e+00 
3.0014656e+02 2.8780422e+00 
3.2515877e+02 3.1238649e+00 
3.5017098e+02 3.3886497e+00 
3.7518319e+02 3.6614420e+00 
4.0019541e+02 3.9338157e+00 
4.2520762e+02 4.1942782e+00 
4.5021983e+02 4.4412122e+00 
4.7523205e+02 4.6612825e+00 
5.0024426e+02 4.8441453e+00 
5.2525647e+02 4.9912057e+00 
5.5026869e+02 5.0899458e+00 
5.7528090e+02 5.1408100e+00 
6.0029311e+02 5.1446214e+00 
6.2530532e+02 5.1180868e+00 
6.5031754e+02 5.0727315e+00 
6.7532975e+02 5.0176191e+00 
7.0034196e+02 4.9639754e+00 
7.2535418e+02 4.9122186e+00 
7.5036639e+02 4.8689961e+00 
7.7537860e+02 4.8356109e+00 
8.0039082e+02 4.8144016e+00 
8.2540303e+02 4.8011212e+00 
8.5041524e+02 4.8008437e+00 
8.7542745e+02 4.8126769e+00 
9.0043967e+02 4.8335905e+00 
9.2545188e+02 4.8612466e+00 
9.5046409e+02 4.8971505e+00 
9.7547631e+02 4.9379659e+00 
1.0004885e+03 4.9785266e+00 
1.0255007e+03 5.0223041e+00 
1.0505129e+03 5.0609775e+00 
1.0755252e+03 5.0959759e+00 
1.1005374e+03 5.1247025e+00 
1.1255496e+03 5.1427612e+00 
1.1505618e+03 5.1500921e+00 
1.1755740e+03 5.1415281e+00 
1.2005862e+03 5.1164446e+00 
1.2255984e+03 5.0734596e+00 
1.2506106e+03 5.0102072e+00 
1.2756229e+03 4.9257550e+00 
1.3006351e+03 4.8191371e+00 
1.3256473e+03 4.6924186e+00 
1.3506595e+03 4.5449419e+00 
1.3756717e+03 4.3801708e+00 
1.4006839e+03 4.1958957e+00 
1.4256961e+03 4.0000720e+00 
1.4507084e+03 3.7912724e+00 
1.4757206e+03 3.5778854e+00 
1.5007328e+03 3.3658447e+00 
1.5257450e+03 3.1515355e+00 
1.5507572e+03 2.9484665e+00 
1.5757694e+03 2.7586417e+00 
1.6007816e+03 2.5880356e+00 
1.6257938e+03 2.4400268e+00 
1.6508061e+03 2.3193386e+00 
1.6758183e+03 2.2312639e+00 
1.7008305e+03 2.1770098e+00 
1.7258427e+03 2.1598012e+00 
1.7508549e+03 2.1803002e+00 
1.7758671e+03 2.2416975e+00 
1.8008793e+03 2.3409972e+00 
1.8258915e+03 2.4737291e+00 
1.8509038e+03 2.6394894e+00 
1.8759160e+03 2.8338788e+00 
1.9009282e+03 3.0529189e+00 
1.9259404e+03 3.2905178e+00 
1.9509526e+03 3.5368569e+00 
1.9759648e+03 3.7905946e+00 
2.0009770e+03 4.0412731e+00 
2.0259893e+03 4.2789435e+00 
2.0510015e+03 4.5032635e+00 
2.0760137e+03 4.7020426e+00 
2.1010259e+03 4.8694973e+00 
2.1260381e+03 5.0004249e+00 
2.1510503e+03 5.0921402e+00 
2.1760625e+03 5.1411090e+00 
2.2010747e+03 5.1451416e+00 
2.2260870e+03 5.1037111e+00 
2.2510992e+03 5.0186577e+00 
2.2761114e+03 4.8921175e+00 
2.3011236e+03 4.7267265e+00 
2.3261358e+03 4.5271945e+00 
2.3511480e+03 4.3015871e+00 
2.3761602e+03 4.0560813e+00 
2.4011724e+03 3.7962096e+00 
2.4261847e+03 3.5328763e+00 
2.4511969e+03 3.2725515e+00 
2.4762091e+03 3.0240169e+00 
2.5012213e+03 2.7925410e+00 
2.5262335e+03 2.5913832e+00 
2.5512457e+03 2.4229198e+00 
2.5762579e+03 2.2928927e+00 
2.6012702e+03 2.2033858e+00 
2.6262824e+03 2.1633885e+00 
2.6512946e+03 2.1690550e+00 
2.6763068e+03 2.2232976e+00 
2.7013190e+03 2.3226087e+00 
2.7263312e+03 2.4639277e+00 
2.7513434e+03 2.6431279e+00 
2.7763556e+03 2.8538468e+00 
2.8013679e+03 3.0897272e+00 
2.8263801e+03 3.3468561e+00 
2.8513923e+03 3.6135185e+00 
2.8764045e+03 3.8803115e+00 
2.9014167e+03 4.1390934e+00 
2.9264289e+03 4.3848333e+00 
2.9514411e+03 4.6078615e+00 
2.9764533e+03 4.7970805e+00 
3.0014656e+03 4.9513803e+00 
3.0264778e+03 5.0629139e+00 
3.0514900e+03 5.1294866e+00 
3.0765022e+03 5.1469655e+00 
3.1015144e+03 5.1164756e+00 
3.1265266e+03 5.0401411e+00 
3.1515388e+03 4.9169912e+00 
3.1765511e+03 4.7527642e+00 
3.2015633e+03 4.5517054e+00 
3.2265755e+03 4.3200026e+00 
3.2515877e+03 4.0700574e+00 
3.2765999e+03 3.8062255e+00 
3.3016121e+03 3.5371506e+00 
3.3266243e+03 3.2717938e+00 
3.3516365e+03 3.0161300e+00 
3.3766488e+03 2.7871494e+00 
3.4016610e+03 2.5834477e+00 
3.4266732e+03 2.4138360e+00 
3.4516854e+03 2.2851696e+00 
3.4766976e+03 2.1988711e+00 
3.5017098e+03 2.1611953e+00 
3.5267220e+03 2.1727121e+00 
3.5517342e+03 2.2329540e+00 
3.5767465e+03 2.3376093e+00 
3.6017587e+03 2.4884658e+00 
3.6267709e+03 2.6744297e+00 
3.6517831e+03 2.8936725e+00 
3.6767953e+03 3.1384766e+00 
3.7018075e+03 3.3994560e+00 
3.7268197e+03 3.6694236e+00 
3.7518319e+03 3.9375443e+00 
3.7768442e+03 4.1959519e+00 
3.8018564e+03 4.4389167e+00 
3.8268686e+03 4.6557674e+00 
3.8518808e+03 4.8400855e+00 
3.8768930e+03 4.9848008e+00 
3.9019052e+03 5.0847864e+00 
3.9269174e+03 5.1375804e+00 
3.9519297e+03 5.1435432e+00 
3.9769419e+03 5.0988259e+00 
4.0019541e+03 5.0087180e+00 
4.0269663e+03 4.8731322e+00 
4.0519785e+03 4.6985903e+00 
4.0769907e+03 4.4871616e+00 
4.1020029e+03 4.2477036e+00 
4.1270151e+03 3.9934831e+00 
4.1520274e+03 3.7270911e+00 
4.1770396e+03 3.4588637e+00 
4.2020518e+03 3.1952677e+00 
4.2270640e+03 2.9452446e+00 
4.2520762e+03 2.7194455e+00 
4.2770884e+03 2.5256586e+00 
4.3021006e+03 2.3667810e+00 
4.3271128e+03 2.2517154e+00 
4.3521251e+03 2.1826105e+00 
4.3771373e+03 2.1609106e+00 
4.4021495e+03 2.1868520e+00 
4.4271617e+03 2.2607894e+00 
4.4521739e+03 2.3806875e+00 
4.4771861e+03 2.5433376e+00 
4.5021983e+03 2.7410536e+00 
4.5272106e+03 2.9686396e+00 
4.5522228e+03 3.2183876e+00 
4.5772350e+03 3.4831398e+00 
4.6022472e+03 3.7514555e+00 
4.6272594e+03 4.0235753e+00 
4.6522716e+03 4.2771635e+00 
4.6772838e+03 4.5126448e+00 
4.7022960e+03 4.7191687e+00 
4.7273083e+03 4.8901548e+00 
4.7523205e+03 5.0207777e+00 
4.7773327e+03 5.1065722e+00 
4.8023449e+03 5.1453133e+00 
4.8273571e+03 5.1345739e+00 
4.8523693e+03 5.0754886e+00 
4.8773815e+03 4.9695530e+00 
4.9023937e+03 4.8202558e+00 
4.9274060e+03 4.6302071e+00 
4.9524182e+03 4.4104075e+00 
4.9774304e+03 4.1661062e+00 
5.0024426e+03 3.9060237e+00 
5.0274548e+03 3.6385629e+00 
5.0524670e+03 3.3689761e+00 
5.0774792e+03 3.1081965e+00 
5.1024915e+03 2.8689663e+00 
5.1275037e+03 2.6515136e+00 
5.1525159e+03 2.4696612e+00 
5.1775281e+03 2.3243225e+00 
5.2025403e+03 2.2231095e+00 
5.2275525e+03 2.1679175e+00 
5.2525647e+03 2.1639321e+00 
5.2775769e+03 2.2085602e+00 
5.3025892e+03 2.3002832e+00 
5.3276014e+03 2.4373114e+00 
5.3526136e+03 2.6142342e+00 
5.3776258e+03 2.8248167e+00 
5.4026380e+03 3.0613744e+00 
5.4276502e+03 3.3200974e+00 
5.4526624e+03 3.5873170e+00 
5.4776746e+03 3.8561385e+00 
5.5026869e+03 4.1189098e+00 
5.5276991e+03 4.3676949e+00 
5.5527113e+03 4.5943222e+00 
5.5777235e+03 4.7879357e+00 
5.6027357e+03 4.9448957e+00 
5.6277479e+03 5.0591521e+00 
5.6527601e+03 5.1257095e+00 
5.6777723e+03 5.1450601e+00 
5.7027846e+03 5.1153183e+00 
5.7277968e+03 5.0392981e+00 
5.7528090e+03 4.9153099e+00 
5.7778212e+03 4.7503462e+00 
5.8028334e+03 4.5471873e+00 
5.8278456e+03 4.3162794e+00 
5.8528578e+03 4.0639367e+00 
5.8778701e+03 3.7961986e+00 
5.9028823e+03 3.5275011e+00 
5.9278945e+03 3.2596374e+00 
5.9529067e+03 3.0066366e+00 
5.9779189e+03 2.7742388e+00 
6.0029311e+03 2.5702744e+00 
6.0279433e+03 2.4031897e+00 
6.0529555e+03 2.2751033e+00 
6.0779678e+03 2.1939950e+00 
6.1029800e+03 2.1608849e+00 
6.1279922e+03 2.1768990e+00 
6.1530044e+03 2.2406123e+00 
6.1780166e+03 2.3518169e+00 
6.2030288e+03 2.5066619e+00 
6.2280410e+03 2.6964257e+00 
6.2530532e+03 2.9174380e+00 
6.2780655e+03 3.1658607e+00 
6.3030777e+03 3.4297392e+00 
6.3280899e+03 3.6960001e+00 
6.3531021e+03 3.9652524e+00 
6.3781143e+03 4.2243152e+00 
6.4031265e+03 4.4621739e+00 
6.4281387e+03 4.6750307e+00 
6.4531510e+03 4.8561606e+00 
6.4781632e+03 4.9959784e+00 
6.5031754e+03 5.0907788e+00 
6.5281876e+03 5.1397533e+00 
6.5531998e+03 5.1402807e+00 
6.5782120e+03 5.0921898e+00 
6.6032242e+03 4.9971218e+00 
6.6282364e+03 4.8564215e+00 
6.6532487e+03 4.6763391e+00 
6.6782609e+03 4.4635458e+00 
6.7032731e+03 4.2247624e+00 
6.7282853e+03 3.9666975e+00 
6.7532975e+03 3.6980662e+00 
6.7783097e+03 3.4312472e+00 
6.8033219e+03 3.1698010e+00 
6.8283341e+03 2.9193654e+00 
6.8533464e+03 2.6969845e+00 
6.8783586e+03 2.5073838e+00 
6.9033708e+03 2.3533638e+00 
6.9283830e+03 2.2428916e+00 
6.9533952e+03 2.1772461e+00 
6.9784074e+03 2.1611540e+00 
7.0034196e+03 2.1937356e+00 
7.0284319e+03 2.2743688e+00 
7.0534441e+03 2.4005568e+00 
7.0784563e+03 2.5683081e+00 
7.1034685e+03 2.7691364e+00 
7.1284807e+03 2.9998865e+00 
7.1534929e+03 3.2563629e+00 
7.1785051e+03 3.5220590e+00 
7.2035173e+03 3.7908969e+00 
7.2285296e+03 4.0575624e+00 
7.2535418e+03 4.3084340e+00 
7.2785540e+03 4.5394158e+00 
7.3035662e+03 4.7425623e+00 
7.3285784e+03 4.9106812e+00 
7.3535906e+03 5.0345058e+00 
7.3786028e+03 5.1146607e+00 
7.4036150e+03 5.1459208e+00 
7.4286273e+03 5.1291251e+00 
7.4536395e+03 5.0640826e+00 
7.4786517e+03 4.9518232e+00 
7.5036639e+03 4.7968273e+00 
7.5286761e+03 4.6032414e+00 
7.5536883e+03 4.3804331e+00 
7.5787005e+03 4.1313915e+00 
7.6037128e+03 3.8685217e+00 
7.6287250e+03 3.6001585e+00 
7.6537372e+03 3.3311126e+00 
7.6787494e+03 3.0713191e+00 
7.7037616e+03 2.8330865e+00 
7.7287738e+03 2.6216252e+00 
7.7537860e+03 2.4435148e+00 
7.7787982e+03 2.3057089e+00 
7.8038105e+03 2.2114100e+00 
7.8288227e+03 2.1642897e+00 
7.8538349e+03 2.1678226e+00 
7.8788471e+03 2.2207625e+00 
7.9038593e+03 2.3200402e+00 
7.9288715e+03 2.4647210e+00 
7.9538837e+03 2.6460280e+00 
7.9788959e+03 2.8619447e+00 
8.0039082e+03 3.1036406e+00 
8.0289204e+03 3.3641741e+00 
8.0539326e+03 3.6326392e+00 
8.0789448e+03 3.9010763e+00 
8.1039570e+03 4.1632371e+00 
8.1289692e+03 4.4100471e+00 
8.1539814e+03 4.6317592e+00 
8.1789936e+03 4.8209648e+00 
8.2040059e+03 4.9683390e+00 
8.2290181e+03 5.0745158e+00 
8.2540303e+03 5.1340122e+00 
8.2790425e+03 5.1448150e+00 
8.3040547e+03 5.1052995e+00 
8.3290669e+03 5.0197272e+00 
8.3540791e+03 4.8868122e+00 
8.3790914e+03 4.7147126e+00 
8.4041036e+03 4.5071383e+00 
8.4291158e+03 4.2706079e+00 
8.4541280e+03 4.0161753e+00 
8.4791402e+03 3.7467933e+00 
8.5041524e+03 3.4778404e+00 
8.5291646e+03 3.2125504e+00 
8.5541768e+03 2.9614205e+00 
8.5791891e+03 2.7347038e+00 
8.6042013e+03 2.5379143e+00 
8.6292135e+03 2.3770864e+00 
8.6542257e+03 2.2563658e+00 
8.6792379e+03 2.1859710e+00 
8.7042501e+03 2.1605580e+00 
8.7292623e+03 2.1847181e+00 
8.7542745e+03 2.2591538e+00 
8.7792868e+03 2.3784273e+00 
8.8042990e+03 2.5370317e+00 
8.8293112e+03 2.7348542e+00 
8.8543234e+03 2.9634340e+00 
8.8793356e+03 3.2130525e+00 
8.9043478e+03 3.4793463e+00 
8.9293600e+03 3.7439578e+00 
8.9543723e+03 4.0125008e+00 
8.9793845e+03 4.2670565e+00 
9.0043967e+03 4.5028286e+00 
9.0294089e+03 4.7116098e+00 
9.0544211e+03 4.8840270e+00 
9.0794333e+03 5.0180531e+00 
9.1044455e+03 5.1046610e+00 
9.1294577e+03 5.1420054e+00 
9.1544700e+03 5.1336403e+00 
9.1794822e+03 5.0767188e+00 
9.2044944e+03 4.9726348e+00 
9.2295066e+03 4.8248382e+00 
9.2545188e+03 4.6385431e+00 
9.2795310e+03 4.4173784e+00 
9.3045432e+03 4.1734428e+00 
9.3295554e+03 3.9116573e+00 
9.3545677e+03 3.6435881e+00 
9.3795799e+03 3.3734565e+00 
9.4045921e+03 3.1096115e+00 
9.4296043e+03 2.8715711e+00 
9.4546165e+03 2.6536665e+00 
9.4796287e+03 2.4710503e+00 
9.5046409e+03 2.3247733e+00 
9.5296532e+03 2.2232900e+00 
9.5546654e+03 2.1697514e+00 
9.5796776e+03 2.1634290e+00 
9.6046898e+03 2.2072890e+00 
9.6297020e+03 2.3003600e+00 
9.6547142e+03 2.4368398e+00 
9.6797264e+03 2.6118026e+00 
9.7047386e+03 2.8236079e+00 
9.7297509e+03 3.0589828e+00 
9.7547631e+03 3.3171966e+00 
9.7797753e+03 3.5848644e+00 
9.8047875e+03 3.8555605e+00 
9.8297997e+03 4.1216078e+00 
9.8548119e+03 4.3673921e+00 
9.8798241e+03 4.5954857e+00 
9.9048363e+03 4.7899542e+00 
9.9298486e+03 4.9476252e+00 
9.9548608e+03 5.0593944e+00 
9.9798730e+03 5.1264229e+00 
1.0004885e+04 5.1444464e+00 
1.0029897e+04 5.1142607e+00 
1.0054910e+04 5.0371842e+00 
1.0079922e+04 4.9106946e+00 
1.0104934e+04 4.7454472e+00 
1.0129946e+04 4.5415654e+00 
1.0154958e+04 4.3084273e+00 
1.0179971e+04 4.0562162e+00 
1.0204983e+04 3.7875161e+00 
1.0229995e+04 3.5196700e+00 
1.0255007e+04 3.2516956e+00 
1.0280020e+04 2.9962513e+00 
1.0305032e+04 2.7639630e+00 
1.0330044e+04 2.5628943e+00 
1.0355056e+04 2.3965890e+00 
1.0380068e+04 2.2718725e+00 
1.0405081e+04 2.1933711e+00 
1.0430093e+04 2.1605222e+00 
1.0455105e+04 2.1782029e+00 
1.0480117e+04 2.2454309e+00 
1.0505129e+04 2.3572886e+00 
1.0530142e+04 2.5128736e+00 
1.0555154e+04 2.7052913e+00 
1.0580166e+04 2.9286129e+00 
1.0605178e+04 3.1768456e+00 
1.0630191e+04 3.4409614e+00 
1.0655203e+04 3.7099934e+00 
1.0680215e+04 3.9811659e+00 
1.0705227e+04 4.2368526e+00 
1.0730239e+04 4.4745398e+00 
1.0755252e+04 4.6884441e+00 
1.0780264e+04 4.8654566e+00 
1.0805276e+04 5.0012574e+00 
1.0830288e+04 5.0958500e+00 
1.0855300e+04 5.1405544e+00 
1.0880313e+04 5.1377149e+00 
1.0905325e+04 5.0856700e+00 
1.0930337e+04 4.9855328e+00 
1.0955349e+04 4.8408566e+00 
1.0980362e+04 4.6587405e+00 
1.1005374e+04 4.4416952e+00 
1.1030386e+04 4.1973805e+00 
1.1055398e+04 3.9375269e+00 
1.1080410e+04 3.6695020e+00 
1.1105423e+04 3.4019251e+00 
1.1130435e+04 3.1379724e+00 
1.1155447e+04 2.8938625e+00 
1.1180459e+04 2.6722140e+00 
1.1205471e+04 2.4857335e+00 
1.1230484e+04 2.3361387e+00 
1.1255496e+04 2.2311289e+00 
1.1280508e+04 2.1719551e+00 
1.1305520e+04 2.1622405e+00 
1.1330532e+04 2.2037892e+00 
1.1355545e+04 2.2902071e+00 
1.1380557e+04 2.4236588e+00 
1.1405569e+04 2.5972118e+00 
1.1430581e+04 2.8046248e+00 
1.1455594e+04 3.0421536e+00 
1.1480606e+04 3.3003292e+00 
1.1505618e+04 3.5710378e+00 
1.1530630e+04 3.8404522e+00 
1.1555642e+04 4.1058455e+00 
1.1580655e+04 4.3546629e+00 
1.1605667e+04 4.5840721e+00 
1.1630679e+04 4.7794747e+00 
1.1655691e+04 4.9379840e+00 
1.1680703e+04 5.0533476e+00 
1.1705716e+04 5.1243286e+00 
1.1730728e+04 5.1471334e+00 
1.1755740e+04 5.1181669e+00 
1.1780752e+04 5.0433707e+00 
1.1805765e+04 4.9193201e+00 
1.1830777e+04 4.7551408e+00 
1.1855789e+04 4.5552979e+00 
1.1880801e+04 4.3232951e+00 
1.1905813e+04 4.0736237e+00 
1.1930826e+04 3.8083570e+00 
1.1955838e+04 3.5370650e+00 
1.1980850e+04 3.2712951e+00 
1.2005862e+04 3.0158706e+00 
1.2030874e+04 2.7805624e+00 
1.2055887e+04 2.5755801e+00 
1.2080899e+04 2.4078763e+00 
1.2105911e+04 2.2783129e+00 
1.2130923e+04 2.1954224e+00 
1.2155936e+04 2.1611850e+00 
1.2180948e+04 2.1772280e+00 
1.2205960e+04 2.2396574e+00 
1.2230972e+04 2.3520977e+00 
1.2255984e+04 2.5066435e+00 
1.2280997e+04 2.6991093e+00 
1.2306009e+04 2.9229124e+00 
1.2331021e+04 3.1717749e+00 
1.2356033e+04 3.4345980e+00 
1.2381045e+04 3.7048223e+00 
1.2406058e+04 3.9746621e+00 
1.2431070e+04 4.2309594e+00 
1.2456082e+04 4.4706869e+00 
1.2481094e+04 4.6843696e+00 
1.2506106e+04 4.8623152e+00 
1.2531119e+04 5.0016742e+00 
1.2556131e+04 5.0951233e+00 
1.2581143e+04 5.1404734e+00 
1.2606155e+04 5.1368747e+00 
1.2631168e+04 5.0854445e+00 
1.2656180e+04 4.9862561e+00 
1.2681192e+04 4.8439012e+00 
1.2706204e+04 4.6629319e+00 
1.2731216e+04 4.4447546e+00 
1.2756229e+04 4.2022390e+00 
1.2781241e+04 3.9439127e+00 
1.2806253e+04 3.6710501e+00 
1.2831265e+04 3.4018545e+00 
1.2856277e+04 3.1381533e+00 
1.2881290e+04 2.8926075e+00 
1.2906302e+04 2.6726551e+00 
1.2931314e+04 2.4850900e+00 
1.2956326e+04 2.3348770e+00 
1.2981339e+04 2.2292044e+00 
1.3006351e+04 2.1723032e+00 
1.3031363e+04 2.1630046e+00 
1.3056375e+04 2.2037065e+00 
1.3081387e+04 2.2925465e+00 
1.3106400e+04 2.4271052e+00 
1.3131412e+04 2.6013315e+00 
1.3156424e+04 2.8113978e+00 
1.3181436e+04 3.0479250e+00 
1.3206448e+04 3.3088448e+00 
1.3231461e+04 3.5780249e+00 
1.3256473e+04 3.8469234e+00 
1.3281485e+04 4.1121302e+00 
1.3306497e+04 4.3603439e+00 
1.3331510e+04 4.5890999e+00 
1.3356522e+04 4.7851682e+00 
1.3381534e+04 4.9426646e+00 
1.3406546e+04 5.0559964e+00 
1.3431558e+04 5.1260366e+00 
1.3456571e+04 5.1454382e+00 
1.3481583e+04 5.1159024e+00 
1.3506595e+04 5.0383577e+00 
1.3531607e+04 4.9112763e+00 
1.3556619e+04 4.7429457e+00 
1.3581632e+04 4.5407405e+00 
1.3606644e+04 4.3087721e+00 
1.3631656e+04 4.0539436e+00 
1.3656668e+04 3.7850060e+00 
1.3681681e+04 3.5134463e+00 
1.3706693e+04 3.2449281e+00 
1.3731705e+04 2.9898424e+00 
1.3756717e+04 2.7583909e+00 
1.3781729e+04 2.5573821e+00 
1.3806742e+04 2.3908043e+00 
1.3831754e+04 2.2679975e+00 
1.3856766e+04 2.1883423e+00 
1.3881778e+04 2.1600862e+00 
1.3906790e+04 2.1809626e+00 
1.3931803e+04 2.2508693e+00 
1.3956815e+04 2.3677382e+00 
1.3981827e+04 2.5265906e+00 
1.4006839e+04 2.7218068e+00 
1.4031851e+04 2.9479527e+00 
1.4056864e+04 3.1997838e+00 
1.4081876e+04 3.4666417e+00 
1.4106888e+04 3.7356234e+00 
1.4131900e+04 4.0087352e+00 
1.4156913e+04 4.2617350e+00 
1.4181925e+04 4.4970775e+00 
1.4206937e+04 4.7089834e+00 
1.4231949e+04 4.8826232e+00 
1.4256961e+04 5.0157833e+00 
1.4281974e+04 5.1029305e+00 
1.4306986e+04 5.1424103e+00 
1.4331998e+04 5.1327648e+00 
1.4357010e+04 5.0732861e+00 
1.4382022e+04 4.9663253e+00 
1.4407035e+04 4.8168998e+00 
1.4432047e+04 4.6266646e+00 
1.4457059e+04 4.4024196e+00 
1.4482071e+04 4.1554694e+00 
1.4507084e+04 3.8924477e+00 
1.4532096e+04 3.6204858e+00 
1.4557108e+04 3.3504744e+00 
1.4582120e+04 3.0880868e+00 
1.4607132e+04 2.8464766e+00 
1.4632145e+04 2.6318538e+00 
1.4657157e+04 2.4529636e+00 
1.4682169e+04 2.3102205e+00 
1.4707181e+04 2.2144117e+00 
1.4732193e+04 2.1653287e+00 
1.4757206e+04 2.1670794e+00 
1.4782218e+04 2.2195499e+00 
1.4807230e+04 2.3173885e+00 
1.4832242e+04 2.4613097e+00 
1.4857255e+04 2.6429958e+00 
1.4882267e+04 2.8604534e+00 
1.4907279e+04 3.1050000e+00 
1.4932291e+04 3.3685954e+00 
1.4957303e+04 3.6385949e+00 
1.4982316e+04 3.9109266e+00 
1.5007328e+04 4.1748891e+00 
1.5032340e+04 4.4215641e+00 
1.5057352e+04 4.6426187e+00 
1.5082364e+04 4.8298125e+00 
1.5107377e+04 4.9761600e+00 
1.5132389e+04 5.0795441e+00 
1.5157401e+04 5.1353908e+00 
1.5182413e+04 5.1421700e+00 
1.5207426e+04 5.0984550e+00 
1.5232438e+04 5.0077353e+00 
1.5257450e+04 4.8711386e+00 
1.5282462e+04 4.6942029e+00 
1.5307474e+04 4.4808650e+00 
1.5332487e+04 4.2388210e+00 
1.5357499e+04 3.9809511e+00 
1.5382511e+04 3.7091217e+00 
1.5407523e+04 3.4362624e+00 
1.5432535e+04 3.1706903e+00 
1.5457548e+04 2.9211051e+00 
1.5482560e+04 2.6974931e+00 
1.5507572e+04 2.5030060e+00 
1.5532584e+04 2.3487422e+00 
1.5557596e+04 2.2386613e+00 
1.5582609e+04 2.1749613e+00 
1.5607621e+04 2.1607096e+00 
1.5632633e+04 2.1974723e+00 
1.5657645e+04 2.2818084e+00 
1.5682658e+04 2.4148686e+00 
1.5707670e+04 2.5859208e+00 
1.5732682e+04 2.7968664e+00 
1.5757694e+04 3.0349095e+00 
1.5782706e+04 3.2931726e+00 
1.5807719e+04 3.5629196e+00 
1.5832731e+04 3.8353477e+00 
1.5857743e+04 4.1026392e+00 
1.5882755e+04 4.3548460e+00 
1.5907767e+04 4.5865846e+00 
1.5932780e+04 4.7845645e+00 
1.5957792e+04 4.9434528e+00 
1.5982804e+04 5.0591483e+00 
1.6007816e+04 5.1268048e+00 
1.6032829e+04 5.1448603e+00 
1.6057841e+04 5.1140590e+00 
1.6082853e+04 5.0320206e+00 
1.6107865e+04 4.9043264e+00 
1.6132877e+04 4.7325478e+00 
1.6157890e+04 4.5251327e+00 
1.6182902e+04 4.2890067e+00 
1.6207914e+04 4.0319576e+00 
1.6232926e+04 3.7608578e+00 
1.6257938e+04 3.4865079e+00 
1.6282951e+04 3.2167435e+00 
1.6307963e+04 2.9621637e+00 
1.6332975e+04 2.7318187e+00 
1.6357987e+04 2.5345838e+00 
1.6383000e+04 2.3733816e+00 
1.6408012e+04 2.2546487e+00 
1.6433024e+04 2.1816902e+00 
1.6458036e+04 2.1607881e+00 
1.6483048e+04 2.1889882e+00 
1.6508061e+04 2.2682705e+00 
1.6533073e+04 2.3922932e+00 
1.6558085e+04 2.5602672e+00 
1.6583097e+04 2.7647090e+00 
1.6608109e+04 3.0005949e+00 
1.6633122e+04 3.2572029e+00 
1.6658134e+04 3.5249629e+00 
1.6683146e+04 3.7964778e+00 
1.6708158e+04 4.0661583e+00 
1.6733170e+04 4.3190970e+00 
1.6758183e+04 4.5523229e+00 
1.6783195e+04 4.7560186e+00 
1.6808207e+04 4.9213386e+00 
1.6833219e+04 5.0442686e+00 
1.6858232e+04 5.1191406e+00 
1.6883244e+04 5.1448135e+00 
1.6908256e+04 5.1206598e+00 
1.6933268e+04 5.0505233e+00 
1.6958280e+04 4.9314289e+00 
1.6983293e+04 4.7808137e+00 
1.7008305e+04 4.6258979e+00 
1.7033317e+04 4.4761443e+00 
1.7058329e+04 4.3366170e+00 
1.7083341e+04 4.2138557e+00 
1.7108354e+04 4.1125174e+00 
1.7133366e+04 4.0314217e+00 
1.7158378e+04 3.9699740e+00 
1.7183390e+04 3.9279535e+00 
1.7208403e+04 3.9019248e+00 
1.7233415e+04 3.8975360e+00 
1.7258427e+04 3.9070387e+00 
1.7283439e+04 3.9325752e+00 
1.7308451e+04 3.9761477e+00 
1.7333464e+04 4.0293570e+00 
1.7358476e+04 4.0946946e+00 
1.7383488e+04 4.1702771e+00 
1.7408500e+04 4.2545786e+00 
1.7433512e+04 4.3495617e+00 
1.7458525e+04 4.4479399e+00 
1.7483537e+04 4.5510654e+00 
1.7508549e+04 4.6540012e+00 
1.7533561e+04 4.7532253e+00 
1.7558574e+04 4.8470912e+00 
1.7583586e+04 4.9324307e+00 
1.7608598e+04 5.0087504e+00 
1.7633610e+04 5.0709686e+00 
1.7658622e+04 5.1161661e+00 
1.7683635e+04 5.1415749e+00 
1.7708647e+04 5.1451807e+00 
1.7733659e+04 5.1245565e+00 
1.7758671e+04 5.0797286e+00 
1.7783683e+04 5.0077968e+00 
1.7808696e+04 4.9097714e+00 
1.7833708e+04 4.7856154e+00 
1.7858720e+04 4.6363344e+00 
1.7883732e+04 4.4655828e+00 
1.7908745e+04 4.2719193e+00 
1.7933757e+04 4.0651069e+00 
1.7958769e+04 3.8453355e+00 
1.7983781e+04 3.6183765e+00 
1.8008793e+04 3.3908954e+00 
1.8033806e+04 3.1648998e+00 
1.8058818e+04 2.9487455e+00 
1.8083830e+04 2.7502904e+00 
1.8108842e+04 2.5719399e+00 
1.8133854e+04 2.4217422e+00 
1.8158867e+04 2.3016133e+00 
1.8183879e+04 2.2155106e+00 
1.8208891e+04 2.1687846e+00 
1.8233903e+04 2.1619589e+00 
1.8258915e+04 2.1979547e+00 
1.8283928e+04 2.2724602e+00 
1.8308940e+04 2.3877666e+00 
1.8333952e+04 2.5378671e+00 
1.8358964e+04 2.7201316e+00 
1.8383977e+04 2.9318416e+00 
1.8408989e+04 3.1645756e+00 
1.8434001e+04 3.4135561e+00 
1.8459013e+04 3.6677661e+00 
1.8484025e+04 3.9237514e+00 
1.8509038e+04 4.1725426e+00 
1.8534050e+04 4.4048219e+00 
1.8559062e+04 4.6168056e+00 
1.8584074e+04 4.8029027e+00 
1.8609086e+04 4.9507885e+00 
1.8634099e+04 5.0588646e+00 
1.8659111e+04 5.1246381e+00 
1.8684123e+04 5.1452909e+00 
1.8709135e+04 5.1207757e+00 
1.8734148e+04 5.0509329e+00 
1.8759160e+04 4.9383535e+00 
1.8784172e+04 4.7849908e+00 
1.8809184e+04 4.5933743e+00 
1.8834196e+04 4.3760767e+00 
1.8859209e+04 4.1327734e+00 
1.8884221e+04 3.8746333e+00 
1.8909233e+04 3.6102231e+00 
1.8934245e+04 3.3485496e+00 
1.8959257e+04 3.0922277e+00 
1.8984270e+04 2.8561649e+00 
1.9009282e+04 2.6418839e+00 
1.9034294e+04 2.4643269e+00 
1.9059306e+04 2.3221393e+00 
1.9084319e+04 2.2223141e+00 
1.9109331e+04 2.1690972e+00 
1.9134343e+04 2.1639163e+00 
1.9159355e+04 2.2075837e+00 
1.9184367e+04 2.2960446e+00 
1.9209380e+04 2.4296310e+00 
1.9234392e+04 2.6017139e+00 
1.9259404e+04 2.8071792e+00 
1.9284416e+04 3.0427585e+00 
1.9309428e+04 3.2981067e+00 
1.9334441e+04 3.5627642e+00 
1.9359453e+04 3.8321202e+00 
1.9384465e+04 4.0921621e+00 
1.9409477e+04 4.3406692e+00 
1.9434489e+04 4.5690374e+00 
1.9459502e+04 4.7679009e+00 
1.9484514e+04 4.9273710e+00 
1.9509526e+04 5.0456262e+00 
1.9534538e+04 5.1200237e+00 
1.9559551e+04 5.1456113e+00 
1.9584563e+04 5.1234083e+00 
1.9609575e+04 5.0539408e+00 
1.9634587e+04 4.9382634e+00 
1.9659599e+04 4.7797151e+00 
1.9684612e+04 4.5832562e+00 
1.9709624e+04 4.3587117e+00 
1.9734636e+04 4.1100426e+00 
1.9759648e+04 3.8463221e+00 
1.9784660e+04 3.5777400e+00 
1.9809673e+04 3.3127761e+00 
1.9834685e+04 3.0548785e+00 
1.9859697e+04 2.8205211e+00 
1.9884709e+04 2.6077776e+00 
1.9909722e+04 2.4343748e+00 
1.9934734e+04 2.3010700e+00 
1.9959746e+04 2.2076368e+00 
1.9984758e+04 2.1652656e+00 
2.0009770e+04 2.1683834e+00 
2.0034783e+04 2.2230418e+00 
2.0059795e+04 2.3246017e+00 
2.0084807e+04 2.4705880e+00 
2.0109819e+04 2.6520951e+00 
2.0134831e+04 2.8693748e+00 
2.0159844e+04 3.1131895e+00 
2.0184856e+04 3.3748457e+00 
2.0209868e+04 3.6413395e+00 
2.0234880e+04 3.9096119e+00 
2.0259893e+04 4.1696968e+00 
2.0284905e+04 4.4133062e+00 
2.0309917e+04 4.6349173e+00 
2.0334929e+04 4.8221788e+00 
2.0359941e+04 4.9692202e+00 
2.0384954e+04 5.0749950e+00 
2.0409966e+04 5.1330638e+00 
2.0434978e+04 5.1436267e+00 
2.0459990e+04 5.1050935e+00 
2.0485002e+04 5.0190153e+00 
2.0510015e+04 4.8871503e+00 
2.0535027e+04 4.7145109e+00 
2.0560039e+04 4.5050912e+00 
2.0585051e+04 4.2690678e+00 
2.0610064e+04 4.0172796e+00 
2.0635076e+04 3.7474575e+00 
2.0660088e+04 3.4788883e+00 
2.0685100e+04 3.2132127e+00 
2.0710112e+04 2.9636796e+00 
2.0735125e+04 2.7353437e+00 
2.0760137e+04 2.5383928e+00 
2.0785149e+04 2.3770185e+00 
2.0810161e+04 2.2590563e+00 
2.0835173e+04 2.1859422e+00 
2.0860186e+04 2.1607912e+00 
2.0885198e+04 2.1837454e+00 
2.0910210e+04 2.2568777e+00 
2.0935222e+04 2.3755021e+00 
2.0960234e+04 2.5357752e+00 
2.0985247e+04 2.7329090e+00 
2.1010259e+04 2.9602754e+00 
2.1035271e+04 3.2116752e+00 
2.1060283e+04 3.4770834e+00 
2.1085296e+04 3.7456708e+00 
2.1110308e+04 4.0131817e+00 
2.1135320e+04 4.2664170e+00 
2.1160332e+04 4.5030937e+00 
2.1185344e+04 4.7128277e+00 
2.1210357e+04 4.8852181e+00 
2.1235369e+04 5.0170269e+00 
2.1260381e+04 5.1040845e+00 
2.1285393e+04 5.1429820e+00 
2.1310405e+04 5.1334352e+00 
2.1335418e+04 5.0739064e+00 
2.1360430e+04 4.9696975e+00 
2.1385442e+04 4.8220806e+00 
2.1410454e+04 4.6349401e+00 
2.1435467e+04 4.4133782e+00 
2.1460479e+04 4.1689386e+00 
2.1485491e+04 3.9090714e+00 
2.1510503e+04 3.6398370e+00 
2.1535515e+04 3.3701060e+00 
2.1560528e+04 3.1072783e+00 
2.1585540e+04 2.8641341e+00 
2.1610552e+04 2.6496851e+00 
2.1635564e+04 2.4662416e+00 
2.1660576e+04 2.3222175e+00 
2.1685589e+04 2.2206326e+00 
2.1710601e+04 2.1684864e+00 
2.1735613e+04 2.1644683e+00 
2.1760625e+04 2.2084413e+00 
2.1785638e+04 2.3028345e+00 
2.1810650e+04 2.4399829e+00 
2.1835662e+04 2.6160746e+00 
2.1860674e+04 2.8261144e+00 
2.1885686e+04 3.0629561e+00 
2.1910699e+04 3.3207109e+00 
2.1935711e+04 3.5890751e+00 
2.1960723e+04 3.8574173e+00 
2.1985735e+04 4.1212206e+00 
2.2010747e+04 4.3694596e+00 
2.2035760e+04 4.5959802e+00 
2.2060772e+04 4.7893310e+00 
2.2085784e+04 4.9461207e+00 
2.2110796e+04 5.0598373e+00 
2.2135809e+04 5.1261992e+00 
2.2160821e+04 5.1449609e+00 
2.2185833e+04 5.1138577e+00 
2.2210845e+04 5.0363388e+00 
2.2235857e+04 4.9109039e+00 
2.2260870e+04 4.7472291e+00 
2.2285882e+04 4.5459981e+00 
2.2310894e+04 4.3129649e+00 
2.2335906e+04 4.0612292e+00 
2.2360918e+04 3.7914457e+00 
2.2385931e+04 3.5219927e+00 
2.2410943e+04 3.2563260e+00 
2.2435955e+04 2.9992964e+00 
2.2460967e+04 2.7692573e+00 
2.2485979e+04 2.5668142e+00 
2.2510992e+04 2.4008691e+00 
2.2536004e+04 2.2749248e+00 
2.2561016e+04 2.1942220e+00 
2.2586028e+04 2.1612058e+00 
2.2611041e+04 2.1771562e+00 
2.2636053e+04 2.2428689e+00 
2.2661065e+04 2.3539233e+00 
2.2686077e+04 2.5073993e+00 
2.2711089e+04 2.6990325e+00 
2.2736102e+04 2.9223278e+00 
2.2761114e+04 3.1697884e+00 
2.2786126e+04 3.4333274e+00 
2.2811138e+04 3.7051644e+00 
2.2836150e+04 3.9748023e+00 
2.2861163e+04 4.2305312e+00 
2.2886175e+04 4.4709473e+00 
2.2911187e+04 4.6867704e+00 
2.2936199e+04 4.8655272e+00 
2.2961212e+04 5.0037799e+00 
2.2986224e+04 5.0949092e+00 
2.3011236e+04 5.1409574e+00 
2.3036248e+04 5.1379747e+00 
2.3061260e+04 5.0858622e+00 
2.3086273e+04 4.9860673e+00 
2.3111285e+04 4.8424420e+00 
2.3136297e+04 4.6582680e+00 
2.3161309e+04 4.4406285e+00 
2.3186321e+04 4.1977539e+00 
2.3211334e+04 3.9397638e+00 
2.3236346e+04 3.6707997e+00 
2.3261358e+04 3.4002910e+00 
2.3286370e+04 3.1390445e+00 
2.3311383e+04 2.8962476e+00 
2.3336395e+04 2.6762834e+00 
2.3361407e+04 2.4891057e+00 
2.3386419e+04 2.3396297e+00 
2.3411431e+04 2.2326019e+00 
2.3436444e+04 2.1737645e+00 
2.3461456e+04 2.1611164e+00 
2.3486468e+04 2.1991019e+00 
2.3511480e+04 2.2855995e+00 
2.3536492e+04 2.4168403e+00 
2.3561505e+04 2.5869730e+00 
2.3586517e+04 2.7933292e+00 
2.3611529e+04 3.0259311e+00 
2.3636541e+04 3.2792811e+00 
2.3661553e+04 3.5462461e+00 
2.3686566e+04 3.8143852e+00 
2.3711578e+04 4.0797157e+00 
2.3736590e+04 4.3296189e+00 
2.3761602e+04 4.5579224e+00 
2.3786615e+04 4.7589808e+00 
2.3811627e+04 4.9217591e+00 
2.3836639e+04 5.0420098e+00 
2.3861651e+04 5.1174593e+00 
2.3886663e+04 5.1453657e+00 
2.3911676e+04 5.1248107e+00 
2.3936688e+04 5.0563149e+00 
2.3961700e+04 4.9410796e+00 
2.3986712e+04 4.7825260e+00 
2.4011724e+04 4.5883446e+00 
2.4036737e+04 4.3640518e+00 
2.4061749e+04 4.1141992e+00 
2.4086761e+04 3.8477750e+00 
2.4111773e+04 3.5789280e+00 
2.4136786e+04 3.3117838e+00 
2.4161798e+04 3.0538805e+00 
2.4186810e+04 2.8176005e+00 
2.4211822e+04 2.6070495e+00 
2.4236834e+04 2.4311125e+00 
2.4261847e+04 2.2951171e+00 
2.4286859e+04 2.2054172e+00 
2.4311871e+04 2.1636076e+00 
2.4336883e+04 2.1697624e+00 
2.4361895e+04 2.2251096e+00 
2.4386908e+04 2.3281476e+00 
2.4411920e+04 2.4762495e+00 
2.4436932e+04 2.6586242e+00 
2.4461944e+04 2.8749039e+00 
2.4486957e+04 3.1174788e+00 
2.4511969e+04 3.3774052e+00 
2.4536981e+04 3.6486819e+00 
2.4561993e+04 3.9177563e+00 
2.4587005e+04 4.1779423e+00 
2.4612018e+04 4.4202294e+00 
2.4637030e+04 4.6410713e+00 
2.4662042e+04 4.8282695e+00 
2.4687054e+04 4.9757266e+00 
2.4712066e+04 5.0793271e+00 
2.4737079e+04 5.1345119e+00 
2.4762091e+04 5.1425080e+00 
2.4787103e+04 5.1012797e+00 
2.4812115e+04 5.0132475e+00 
2.4837128e+04 4.8808103e+00 
2.4862140e+04 4.7066636e+00 
2.4887152e+04 4.4964185e+00 
2.4912164e+04 4.2592034e+00 
2.4937176e+04 4.0058942e+00 
2.4962189e+04 3.7377081e+00 
2.4987201e+04 3.4668114e+00 
2.5012213e+04 3.2010474e+00 
2.5037225e+04 2.9519255e+00 
2.5062237e+04 2.7256002e+00 
2.5087250e+04 2.5304773e+00 
2.5112262e+04 2.3737459e+00 
2.5137274e+04 2.2525392e+00 
2.5162286e+04 2.1820495e+00 
2.5187298e+04 2.1592987e+00 
2.5212311e+04 2.1861722e+00 
2.5237323e+04 2.2629433e+00 
2.5262335e+04 2.3838174e+00 
2.5287347e+04 2.5467238e+00 
2.5312360e+04 2.7463391e+00 
2.5337372e+04 2.9775140e+00 
2.5362384e+04 3.2312062e+00 
2.5387396e+04 3.4959400e+00 
2.5412408e+04 3.7667933e+00 
2.5437421e+04 4.0331907e+00 
2.5462433e+04 4.2868996e+00 
2.5487445e+04 4.5221591e+00 
2.5512457e+04 4.7282314e+00 
2.5537469e+04 4.8994899e+00 
2.5562482e+04 5.0269928e+00 
2.5587494e+04 5.1091352e+00 
2.5612506e+04 5.1452317e+00 
2.5637518e+04 5.1305981e+00 
2.5662531e+04 5.0682168e+00 
2.5687543e+04 4.9594975e+00 
2.5712555e+04 4.8081856e+00 
2.5737567e+04 4.6186476e+00 
2.5762579e+04 4.3961873e+00 
2.5787592e+04 4.1497331e+00 
2.5812604e+04 3.8884499e+00 
2.5837616e+04 3.6209066e+00 
2.5862628e+04 3.3503273e+00 
2.5887640e+04 3.0895457e+00 
2.5912653e+04 2.8524008e+00 
2.5937665e+04 2.6354349e+00 
2.5962677e+04 2.4557788e+00 
2.5987689e+04 2.3139808e+00 
2.6012702e+04 2.2150769e+00 
2.6037714e+04 2.1672070e+00 
2.6062726e+04 2.1658726e+00 
2.6087738e+04 2.2152448e+00 
2.6112750e+04 2.3108871e+00 
2.6137763e+04 2.4491425e+00 
2.6162775e+04 2.6279235e+00 
2.6187787e+04 2.8400500e+00 
2.6212799e+04 3.0802212e+00 
2.6237811e+04 3.3385661e+00 
2.6262824e+04 3.6051795e+00 
2.6287836e+04 3.8759937e+00 
2.6312848e+04 4.1384916e+00 
2.6337860e+04 4.3873544e+00 
2.6362872e+04 4.6102338e+00 
2.6387885e+04 4.8005810e+00 
2.6412897e+04 4.9551363e+00 
2.6437909e+04 5.0674949e+00 
2.6462921e+04 5.1289234e+00 
2.6487934e+04 5.1446805e+00 
2.6512946e+04 5.1115093e+00 
2.6537958e+04 5.0288944e+00 
2.6562970e+04 4.9008536e+00 
2.6587982e+04 4.7315445e+00 
2.6612995e+04 4.5245662e+00 
2.6638007e+04 4.2898474e+00 
2.6663019e+04 4.0376830e+00 
2.6688031e+04 3.7673843e+00 
2.6713043e+04 3.4985332e+00 
2.6738056e+04 3.2309499e+00 
2.6763068e+04 2.9775763e+00 
2.6788080e+04 2.7464244e+00 
2.6813092e+04 2.5466499e+00 
2.6838105e+04 2.3829947e+00 
2.6863117e+04 2.2620544e+00 
2.6888129e+04 2.1877325e+00 
2.6913141e+04 2.1600902e+00 
2.6938153e+04 2.1826196e+00 
2.6963166e+04 2.2531285e+00 
2.6988178e+04 2.3719110e+00 
2.7013190e+04 2.5312402e+00 
2.7038202e+04 2.7278411e+00 
2.7063214e+04 2.9553375e+00 
2.7088227e+04 3.2049558e+00 
2.7113239e+04 3.4735096e+00 
2.7138251e+04 3.7443278e+00 
2.7163263e+04 4.0139380e+00 
2.7188276e+04 4.2686653e+00 
2.7213288e+04 4.5050411e+00 
2.7238300e+04 4.7158570e+00 
2.7263312e+04 4.8890004e+00 
2.7288324e+04 5.0195298e+00 
2.7313337e+04 5.1065340e+00 
2.7338349e+04 5.1436019e+00 
2.7363361e+04 5.1324644e+00 
2.7388373e+04 5.0722055e+00 
2.7413385e+04 4.9685373e+00 
2.7438398e+04 4.8189940e+00 
2.7463410e+04 4.6280446e+00 
2.7488422e+04 4.4054432e+00 
2.7513434e+04 4.1595354e+00 
2.7538447e+04 3.8985472e+00 
2.7563459e+04 3.6264663e+00 
2.7588471e+04 3.3566723e+00 
2.7613483e+04 3.0967510e+00 
2.7638495e+04 2.8565366e+00 
2.7663508e+04 2.6394579e+00 
2.7688520e+04 2.4567187e+00 
2.7713532e+04 2.3142219e+00 
2.7738544e+04 2.2166688e+00 
2.7763556e+04 2.1667433e+00 
2.7788569e+04 2.1656532e+00 
2.7813581e+04 2.2155397e+00 
2.7838593e+04 2.3117447e+00 
2.7863605e+04 2.4525278e+00 
2.7888617e+04 2.6317673e+00 
2.7913630e+04 2.8494051e+00 
2.7938642e+04 3.0893300e+00 
2.7963654e+04 3.3510392e+00 
2.7988666e+04 3.6195061e+00 
2.8013679e+04 3.8890631e+00 
2.8038691e+04 4.1508665e+00 
2.8063703e+04 4.3978467e+00 
2.8088715e+04 4.6223655e+00 
2.8113727e+04 4.8123474e+00 
2.8138740e+04 4.9630280e+00 
2.8163752e+04 5.0705910e+00 
2.8188764e+04 5.1320357e+00 
2.8213776e+04 5.1451468e+00 
2.8238788e+04 5.1079192e+00 
2.8263801e+04 5.0231786e+00 
2.8288813e+04 4.8930206e+00 
2.8313825e+04 4.7211218e+00 
2.8338837e+04 4.5138807e+00 
2.8363850e+04 4.2748170e+00 
2.8388862e+04 4.0221596e+00 
2.8413874e+04 3.7508304e+00 
2.8438886e+04 3.4805202e+00 
2.8463898e+04 3.2126734e+00 
2.8488911e+04 2.9629962e+00 
2.8513923e+04 2.7355351e+00 
2.8538935e+04 2.5374331e+00 
2.8563947e+04 2.3762538e+00 
2.8588959e+04 2.2562912e+00 
2.8613972e+04 2.1844192e+00 
2.8638984e+04 2.1603777e+00 
2.8663996e+04 2.1856265e+00 
2.8689008e+04 2.2612233e+00 
2.8714021e+04 2.3832738e+00 
2.8739033e+04 2.5479894e+00 
2.8764045e+04 2.7487197e+00 
2.8789057e+04 2.9793875e+00 
2.8814069e+04 3.2319109e+00 
2.8839082e+04 3.5020425e+00 
2.8864094e+04 3.7717221e+00 
2.8889106e+04 4.0409403e+00 
2.8914118e+04 4.2960677e+00 
2.8939130e+04 4.5296898e+00 
2.8964143e+04 4.7356505e+00 
2.8989155e+04 4.9055943e+00 
2.9014167e+04 5.0334129e+00 
2.9039179e+04 5.1141167e+00 
2.9064191e+04 5.1458707e+00 
2.9089204e+04 5.1282005e+00 
2.9114216e+04 5.0630183e+00 
2.9139228e+04 4.9500351e+00 
2.9164240e+04 4.7933102e+00 
2.9189253e+04 4.5966182e+00 
2.9214265e+04 4.3697953e+00 
2.9239277e+04 4.1203132e+00 
2.9264289e+04 3.8553748e+00 
2.9289301e+04 3.5848651e+00 
2.9314314e+04 3.3185623e+00 
2.9339326e+04 3.0580273e+00 
2.9364338e+04 2.8203623e+00 
2.9389350e+04 2.6102347e+00 
2.9414362e+04 2.4330373e+00 
2.9439375e+04 2.2967384e+00 
2.9464387e+04 2.2062728e+00 
2.9489399e+04 2.1642282e+00 
2.9514411e+04 2.1704051e+00 
2.9539424e+04 2.2270503e+00 
2.9564436e+04 2.3319461e+00 
2.9589448e+04 2.4800708e+00 
2.9614460e+04 2.6653230e+00 
2.9639472e+04 2.8851044e+00 
2.9664485e+04 3.1277087e+00 
2.9689497e+04 3.3921125e+00 
2.9714509e+04 3.6621385e+00 
2.9739521e+04 3.9332402e+00 
2.9764533e+04 4.1935592e+00 
2.9789546e+04 4.4377394e+00 
2.9814558e+04 4.6547523e+00 
2.9839570e+04 4.8396988e+00 
2.9864582e+04 4.9843755e+00 
2.9889595e+04 5.0860486e+00 
2.9914607e+04 5.1396127e+00 
2.9939619e+04 5.1420774e+00 
2.9964631e+04 5.0958672e+00 
2.9989643e+04 5.0035939e+00 
3.0014656e+04 4.8653169e+00 
3.0039668e+04 4.6844792e+00 
3.0064680e+04 4.4700251e+00 
3.0089692e+04 4.2281117e+00 
3.0114704e+04 3.9674571e+00 
3.0139717e+04 3.6974137e+00 
3.0164729e+04 3.4261274e+00 
3.0189741e+04 3.1623533e+00 
3.0214753e+04 2.9147782e+00 
3.0239766e+04 2.6931255e+00 
3.0264778e+04 2.5032961e+00 
3.0289790e+04 2.3491802e+00 
3.0314802e+04 2.2390397e+00 
3.0339814e+04 2.1745887e+00 
3.0364827e+04 2.1620247e+00 
3.0389839e+04 2.1964171e+00 
3.0414851e+04 2.2817037e+00 
3.0439863e+04 2.4115889e+00 
3.0464875e+04 2.5822377e+00 
3.0489888e+04 2.7909317e+00 
3.0514900e+04 3.0271783e+00 
3.0539912e+04 3.2867761e+00 
3.0564924e+04 3.5526197e+00 
3.0589936e+04 3.8242812e+00 
3.0614949e+04 4.0926728e+00 
3.0639961e+04 4.3447223e+00 
3.0664973e+04 4.5750675e+00 
3.0689985e+04 4.7722292e+00 
3.0714998e+04 4.9358058e+00 
3.0740010e+04 5.0537734e+00 
3.0765022e+04 5.1248202e+00 
3.0790034e+04 5.1469998e+00 
3.0815046e+04 5.1187415e+00 
3.0840059e+04 5.0421095e+00 
3.0865071e+04 4.9201069e+00 
3.0890083e+04 4.7570295e+00 
3.0915095e+04 4.5540619e+00 
3.0940107e+04 4.3201809e+00 
3.0965120e+04 4.0662017e+00 
3.0990132e+04 3.7955296e+00 
3.1015144e+04 3.5238039e+00 
3.1040156e+04 3.2552214e+00 
3.1065169e+04 2.9968228e+00 
3.1090181e+04 2.7605450e+00 
3.1115193e+04 2.5585911e+00 
3.1140205e+04 2.3928263e+00 
3.1165217e+04 2.2676229e+00 
3.1190230e+04 2.1888099e+00 
3.1215242e+04 2.1606090e+00 
3.1240254e+04 2.1820219e+00 
3.1265266e+04 2.2526193e+00 
3.1290278e+04 2.3708754e+00 
3.1315291e+04 2.5331433e+00 
3.1340303e+04 2.7315526e+00 
3.1365315e+04 2.9607790e+00 
3.1390327e+04 3.2153337e+00 
3.1415340e+04 3.4841328e+00 
3.1440352e+04 3.7557468e+00 
3.1465364e+04 4.0271344e+00 
3.1490376e+04 4.2825875e+00 
3.1515388e+04 4.5183191e+00 
3.1540401e+04 4.7282376e+00 
3.1565413e+04 4.9005156e+00 
3.1590425e+04 5.0294032e+00 
3.1615437e+04 5.1121330e+00 
3.1640449e+04 5.1464434e+00 
3.1665462e+04 5.1303949e+00 
3.1690474e+04 5.0639076e+00 
3.1715486e+04 4.9516449e+00 
3.1740498e+04 4.7936683e+00 
3.1765511e+04 4.5983524e+00 
3.1790523e+04 4.3708053e+00 
3.1815535e+04 4.1223397e+00 
3.1840547e+04 3.8580368e+00 
3.1865559e+04 3.5863004e+00 
3.1890572e+04 3.3156195e+00 
3.1915584e+04 3.0554612e+00 
3.1940596e+04 2.8167217e+00 
3.1965608e+04 2.6056933e+00 
3.1990620e+04 2.4280052e+00 
3.2015633e+04 2.2930121e+00 
3.2040645e+04 2.2042928e+00 
3.2065657e+04 2.1614845e+00 
3.2090669e+04 2.1727581e+00 
3.2115681e+04 2.2310951e+00 
3.2140694e+04 2.3384054e+00 
3.2165706e+04 2.4894674e+00 
3.2190718e+04 2.6772020e+00 
3.2215730e+04 2.8985052e+00 
3.2240743e+04 3.1478536e+00 
3.2265755e+04 3.4126785e+00 
3.2290767e+04 3.6842935e+00 
3.2315779e+04 3.9564586e+00 
3.2340791e+04 4.2156134e+00 
3.2365804e+04 4.4594846e+00 
3.2390816e+04 4.6770458e+00 
3.2415828e+04 4.8572960e+00 
3.2440840e+04 4.9994040e+00 
3.2465852e+04 5.0943284e+00 
3.2490865e+04 5.1419530e+00 
3.2515877e+04 5.1398563e+00 
3.2540889e+04 5.0875926e+00 
3.2565901e+04 4.9877148e+00 
3.2590914e+04 4.8432384e+00 
3.2615926e+04 4.6588616e+00 
3.2640938e+04 4.4379740e+00 
3.2665950e+04 4.1894956e+00 
3.2690962e+04 3.9284134e+00 
3.2715975e+04 3.6547220e+00 
3.2740987e+04 3.3815813e+00 
3.2765999e+04 3.1184554e+00 
3.2791011e+04 2.8741286e+00 
3.2816023e+04 2.6552479e+00 
3.2841036e+04 2.4702899e+00 
3.2866048e+04 2.3239388e+00 
3.2891060e+04 2.2220213e+00 
3.2916072e+04 2.1676166e+00 
3.2941085e+04 2.1663103e+00 
3.2966097e+04 2.2123528e+00 
3.2991109e+04 2.3088191e+00 
3.3016121e+04 2.4504614e+00 
3.3041133e+04 2.6326699e+00 
3.3066146e+04 2.8495698e+00 
3.3091158e+04 3.0929890e+00 
3.3116170e+04 3.3574154e+00 
3.3141182e+04 3.6301434e+00 
3.3166194e+04 3.9015737e+00 
3.3191207e+04 4.1639056e+00 
3.3216219e+04 4.4130330e+00 
3.3241231e+04 4.6357894e+00 
3.3266243e+04 4.8266125e+00 
3.3291255e+04 4.9752579e+00 
3.3316268e+04 5.0795364e+00 
3.3341280e+04 5.1361556e+00 
3.3366292e+04 5.1450958e+00 
3.3391304e+04 5.1145749e+00 
3.3416317e+04 5.0588756e+00 
3.3441329e+04 4.9924312e+00 
3.3466341e+04 4.9233713e+00 
3.3491353e+04 4.8560138e+00 
3.3516365e+04 4.7977705e+00 
3.3541378e+04 4.7502995e+00 
3.3566390e+04 4.7178202e+00 
3.3591402e+04 4.6962152e+00 
3.3616414e+04 4.6877956e+00 
3.3641426e+04 4.6937442e+00 
3.3666439e+04 4.7090907e+00 
3.3691451e+04 4.7345195e+00 
3.3716463e+04 4.7682462e+00 
3.3741475e+04 4.8119040e+00 
3.3766488e+04 4.8589501e+00 
3.3791500e+04 4.9108806e+00 
3.3816512e+04 4.9606137e+00 
3.3841524e+04 5.0099754e+00 
3.3866536e+04 5.0567842e+00 
3.3891549e+04 5.0973082e+00 
3.3916561e+04 5.1276951e+00 
3.3941573e+04 5.1450720e+00 
3.3966585e+04 5.1491714e+00 
3.3991597e+04 5.1355987e+00 
3.4016610e+04 5.1046863e+00 
3.4041622e+04 5.0534158e+00 
3.4066634e+04 4.9803929e+00 
3.4091646e+04 4.8846354e+00 
3.4116659e+04 4.7659869e+00 
3.4141671e+04 4.6255836e+00 
3.4166683e+04 4.4672174e+00 
3.4191695e+04 4.2878771e+00 
3.4216707e+04 4.0947037e+00 
3.4241720e+04 3.8894587e+00 
3.4266732e+04 3.6769359e+00 
3.4291744e+04 3.4615302e+00 
3.4316756e+04 3.2448142e+00 
3.4341768e+04 3.0328085e+00 
3.4366781e+04 2.8354723e+00 
3.4391793e+04 2.6533818e+00 
3.4416805e+04 2.4955094e+00 
3.4441817e+04 2.3635292e+00 
3.4466830e+04 2.2601063e+00 
3.4491842e+04 2.1922619e+00 
3.4516854e+04 2.1623433e+00 
3.4541866e+04 2.1687624e+00 
3.4566878e+04 2.2157300e+00 
3.4591891e+04 2.3000207e+00 
3.4616903e+04 2.4224999e+00 
3.4641915e+04 2.5799804e+00 
3.4666927e+04 2.7662222e+00 
3.4691939e+04 2.9772532e+00 
3.4716952e+04 3.2104056e+00 
3.4741964e+04 3.4568021e+00 
3.4766976e+04 3.7082462e+00 
3.4791988e+04 3.9601378e+00 
3.4817000e+04 4.2039781e+00 
3.4842013e+04 4.4350085e+00 
3.4867025e+04 4.6424508e+00 
3.4892037e+04 4.8204532e+00 
3.4917049e+04 4.9638271e+00 
3.4942062e+04 5.0684023e+00 
3.4967074e+04 5.1291175e+00 
3.4992086e+04 5.1481690e+00 
3.5017098e+04 5.1207047e+00 
3.5042110e+04 5.0481668e+00 
3.5067123e+04 4.9325747e+00 
3.5092135e+04 4.7771459e+00 
3.5117147e+04 4.5872841e+00 
3.5142159e+04 4.3664298e+00 
3.5167171e+04 4.1264005e+00 
3.5192184e+04 3.8693681e+00 
3.5217196e+04 3.6058502e+00 
3.5242208e+04 3.3432868e+00 
3.5267220e+04 3.0884745e+00 
3.5292233e+04 2.8529100e+00 
3.5317245e+04 2.6443558e+00 
3.5342257e+04 2.4661145e+00 
3.5367269e+04 2.3254013e+00 
3.5392281e+04 2.2248266e+00 
3.5417294e+04 2.1696608e+00 
3.5442306e+04 2.1628101e+00 
3.5467318e+04 2.2036617e+00 
3.5492330e+04 2.2909029e+00 
3.5517342e+04 2.4239874e+00 
3.5542355e+04 2.5927801e+00 
3.5567367e+04 2.7954834e+00 
3.5592379e+04 3.0244553e+00 
3.5617391e+04 3.2810378e+00 
3.5642404e+04 3.5439568e+00 
3.5667416e+04 3.8074079e+00 
3.5692428e+04 4.0712085e+00 
3.5717440e+04 4.3175383e+00 
3.5742452e+04 4.5481400e+00 
3.5767465e+04 4.7473502e+00 
3.5792477e+04 4.9122319e+00 
3.5817489e+04 5.0362482e+00 
3.5842501e+04 5.1146517e+00 
3.5867513e+04 5.1462994e+00 
3.5892526e+04 5.1299419e+00 
3.5917538e+04 5.0650601e+00 
3.5942550e+04 4.9534826e+00 
3.5967562e+04 4.8000388e+00 
3.5992574e+04 4.6091204e+00 
3.6017587e+04 4.3858132e+00 
3.6042599e+04 4.1392236e+00 
3.6067611e+04 3.8772602e+00 
3.6092623e+04 3.6082819e+00 
3.6117636e+04 3.3408942e+00 
3.6142648e+04 3.0797675e+00 
3.6167660e+04 2.8434389e+00 
3.6192672e+04 2.6289616e+00 
3.6217684e+04 2.4505243e+00 
3.6242697e+04 2.3106802e+00 
3.6267709e+04 2.2145474e+00 
3.6292721e+04 2.1663022e+00 
3.6317733e+04 2.1660533e+00 
3.6342745e+04 2.2139263e+00 
3.6367758e+04 2.3114939e+00 
3.6392770e+04 2.4510314e+00 
3.6417782e+04 2.6261766e+00 
3.6442794e+04 2.8381891e+00 
3.6467807e+04 3.0751622e+00 
3.6492819e+04 3.3332584e+00 
3.6517831e+04 3.6006660e+00 
3.6542843e+04 3.8709786e+00 
3.6567855e+04 4.1341057e+00 
3.6592868e+04 4.3800640e+00 
3.6617880e+04 4.6052179e+00 
3.6642892e+04 4.7978683e+00 
3.6667904e+04 4.9520397e+00 
3.6692916e+04 5.0628819e+00 
3.6717929e+04 5.1295829e+00 
3.6742941e+04 5.1462851e+00 
3.6767953e+04 5.1145854e+00 
3.6792965e+04 5.0343652e+00 
3.6817978e+04 4.9089141e+00 
3.6842990e+04 4.7415347e+00 
3.6868002e+04 4.5394506e+00 
3.6893014e+04 4.3082223e+00 
3.6918026e+04 4.0561924e+00 
3.6943039e+04 3.7906914e+00 
3.6968051e+04 3.5227053e+00 
3.6993063e+04 3.2544298e+00 
3.7018075e+04 3.0026212e+00 
3.7043087e+04 2.7712383e+00 
3.7068100e+04 2.5692737e+00 
3.7093112e+04 2.4042730e+00 
3.7118124e+04 2.2773800e+00 
3.7143136e+04 2.1945472e+00 
3.7168149e+04 2.1615524e+00 
3.7193161e+04 2.1770666e+00 
3.7218173e+04 2.2412789e+00 
3.7243185e+04 2.3518069e+00 
3.7268197e+04 2.5052369e+00 
3.7293210e+04 2.6943958e+00 
3.7318222e+04 2.9146163e+00 
3.7343234e+04 3.1598568e+00 
3.7368246e+04 3.4234920e+00 
3.7393258e+04 3.6918106e+00 
3.7418271e+04 3.9596102e+00 
3.7443283e+04 4.2183623e+00 
3.7468295e+04 4.4560971e+00 
3.7493307e+04 4.6708937e+00 
3.7518319e+04 4.8496356e+00 
3.7543332e+04 4.9914947e+00 
3.7568344e+04 5.0891261e+00 
3.7593356e+04 5.1403642e+00 
3.7618368e+04 5.1419978e+00 
3.7643381e+04 5.0947738e+00 
3.7668393e+04 5.0014458e+00 
3.7693405e+04 4.8627949e+00 
3.7718417e+04 4.6830869e+00 
3.7743429e+04 4.4711204e+00 
3.7768442e+04 4.2311845e+00 
3.7793454e+04 3.9777250e+00 
3.7818466e+04 3.7077725e+00 
3.7843478e+04 3.4376628e+00 
3.7868490e+04 3.1747291e+00 
3.7893503e+04 2.9263194e+00 
3.7918515e+04 2.7023177e+00 
3.7943527e+04 2.5110900e+00 
3.7968539e+04 2.3558245e+00 
3.7993552e+04 2.2446029e+00 
3.8018564e+04 2.1780007e+00 
3.8043576e+04 2.1608138e+00 
3.8068588e+04 2.1918213e+00 
3.8093600e+04 2.2736855e+00 
3.8118613e+04 2.3998425e+00 
3.8143625e+04 2.5650196e+00 
3.8168637e+04 2.7662454e+00 
3.8193649e+04 2.9958754e+00 
3.8218661e+04 3.2493868e+00 
3.8243674e+04 3.5149589e+00 
3.8268686e+04 3.7849526e+00 
3.8293698e+04 4.0506725e+00 
3.8318710e+04 4.3001418e+00 
3.8343723e+04 4.5307007e+00 
3.8368735e+04 4.7355003e+00 
3.8393747e+04 4.9037604e+00 
3.8418759e+04 5.0301299e+00 
3.8443771e+04 5.1104817e+00 
3.8468784e+04 5.1445246e+00 
3.8493796e+04 5.1309419e+00 
3.8518808e+04 5.0680084e+00 
3.8543820e+04 4.9580507e+00 
3.8568832e+04 4.8038154e+00 
3.8593845e+04 4.6114011e+00 
3.8618857e+04 4.3886366e+00 
3.8643869e+04 4.1406212e+00 
3.8668881e+04 3.8754976e+00 
3.8693894e+04 3.6064441e+00 
3.8718906e+04 3.3382721e+00 
3.8743918e+04 3.0798233e+00 
3.8768930e+04 2.8412066e+00 
3.8793942e+04 2.6274102e+00 
3.8818955e+04 2.4503095e+00 
3.8843967e+04 2.3097897e+00 
3.8868979e+04 2.2140086e+00 
3.8893991e+04 2.1647880e+00 
3.8919003e+04 2.1666801e+00 
3.8944016e+04 2.2163982e+00 
3.8969028e+04 2.3132837e+00 
3.8994040e+04 2.4560306e+00 
3.9019052e+04 2.6352589e+00 
3.9044064e+04 2.8505707e+00 
3.9069077e+04 3.0880344e+00 
3.9094089e+04 3.3482900e+00 
3.9119101e+04 3.6174188e+00 
3.9144113e+04 3.8865132e+00 
3.9169126e+04 4.1482596e+00 
3.9194138e+04 4.3958306e+00 
3.9219150e+04 4.6191630e+00 
3.9244162e+04 4.8095694e+00 
3.9269174e+04 4.9604683e+00 
3.9294187e+04 5.0685773e+00 
3.9319199e+04 5.1312108e+00 
3.9344211e+04 5.1443057e+00 
3.9369223e+04 5.1096911e+00 
3.9394235e+04 5.0268745e+00 
3.9419248e+04 4.9001369e+00 
3.9444260e+04 4.7308412e+00 
3.9469272e+04 4.5247030e+00 
3.9494284e+04 4.2902856e+00 
3.9519297e+04 4.0384684e+00 
3.9544309e+04 3.7689056e+00 
3.9569321e+04 3.5001488e+00 
3.9594333e+04 3.2325811e+00 
3.9619345e+04 2.9808855e+00 
3.9644358e+04 2.7522457e+00 
3.9669370e+04 2.5520453e+00 
3.9694382e+04 2.3870542e+00 
3.9719394e+04 2.2672412e+00 
3.9744406e+04 2.1900074e+00 
3.9769419e+04 2.1610034e+00 
3.9794431e+04 2.1812112e+00 
3.9819443e+04 2.2498236e+00 
3.9844455e+04 2.3632970e+00 
3.9869468e+04 2.5213759e+00 
3.9894480e+04 2.7145965e+00 
3.9919492e+04 2.9389601e+00 
3.9944504e+04 3.1889482e+00 
3.9969516e+04 3.4535697e+00 
3.9994529e+04 3.7247393e+00 
4.0019541e+04 3.9951761e+00 
4.0044553e+04 4.2489595e+00 
4.0069565e+04 4.4879518e+00 
4.0094577e+04 4.6967735e+00 
4.0119590e+04 4.8721328e+00 
4.0144602e+04 5.0070047e+00 
4.0169614e+04 5.0992732e+00 
4.0194626e+04 5.1423173e+00 
4.0219638e+04 5.1378093e+00 
4.0244651e+04 5.0831690e+00 
4.0269663e+04 4.9827504e+00 
4.0294675e+04 4.8382230e+00 
4.0319687e+04 4.6539254e+00 
4.0344700e+04 4.4370208e+00 
4.0369712e+04 4.1962538e+00 
4.0394724e+04 3.9388814e+00 
4.0419736e+04 3.6702254e+00 
4.0444748e+04 3.3999541e+00 
4.0469761e+04 3.1380601e+00 
4.0494773e+04 2.8941240e+00 
4.0519785e+04 2.6748734e+00 
4.0544797e+04 2.4894691e+00 
4.0569809e+04 2.3384528e+00 
4.0594822e+04 2.2314944e+00 
4.0619834e+04 2.1716604e+00 
4.0644846e+04 2.1618800e+00 
4.0669858e+04 2.2005508e+00 
4.0694871e+04 2.2854731e+00 
4.0719883e+04 2.4169946e+00 
4.0744895e+04 2.5894053e+00 
4.0769907e+04 2.7973666e+00 
4.0794919e+04 3.0302229e+00 
4.0819932e+04 3.2859137e+00 
4.0844944e+04 3.5545418e+00 
4.0869956e+04 3.8237321e+00 
4.0894968e+04 4.0882292e+00 
4.0919980e+04 4.3396397e+00 
4.0944993e+04 4.5699043e+00 
4.0970005e+04 4.7673936e+00 
4.0995017e+04 4.9290714e+00 
4.1020029e+04 5.0463314e+00 
4.1045042e+04 5.1208496e+00 
4.1070054e+04 5.1460133e+00 
4.1095066e+04 5.1199555e+00 
4.1120078e+04 5.0493879e+00 
4.1145090e+04 4.9313498e+00 
4.1170103e+04 4.7707558e+00 
4.1195115e+04 4.5738416e+00 
4.1220127e+04 4.3460269e+00 
4.1245139e+04 4.0963635e+00 
4.1270151e+04 3.8320739e+00 
4.1295164e+04 3.5636165e+00 
4.1320176e+04 3.2944834e+00 
4.1345188e+04 3.0356386e+00 
4.1370200e+04 2.8048370e+00 
4.1395213e+04 2.5949721e+00 
4.1420225e+04 2.4226320e+00 
4.1445237e+04 2.2899852e+00 
4.1470249e+04 2.2024822e+00 
4.1495261e+04 2.1632202e+00 
4.1520274e+04 2.1709316e+00 
4.1545286e+04 2.2303808e+00 
4.1570298e+04 2.3362939e+00 
4.1595310e+04 2.4836602e+00 
4.1620322e+04 2.6705225e+00 
4.1645335e+04 2.8907821e+00 
4.1670347e+04 3.1355855e+00 
4.1695359e+04 3.3975363e+00 
4.1720371e+04 3.6672537e+00 
4.1745383e+04 3.9367785e+00 
4.1770396e+04 4.1939559e+00 
4.1795408e+04 4.4380136e+00 
4.1820420e+04 4.6537309e+00 
4.1845432e+04 4.8364811e+00 
4.1870445e+04 4.9812651e+00 
4.1895457e+04 5.0806632e+00 
4.1920469e+04 5.1359200e+00 
4.1945481e+04 5.1421471e+00 
4.1970493e+04 5.0998092e+00 
4.1995506e+04 5.0092750e+00 
4.2020518e+04 4.8755288e+00 
4.2045530e+04 4.6996388e+00 
4.2070542e+04 4.4912205e+00 
4.2095554e+04 4.2545433e+00 
4.2120567e+04 4.0003161e+00 
4.2145579e+04 3.7333441e+00 
4.2170591e+04 3.4650083e+00 
4.2195603e+04 3.2033534e+00 
4.2220616e+04 2.9538271e+00 
4.2245628e+04 2.7254829e+00 
4.2270640e+04 2.5290499e+00 
4.2295652e+04 2.3713701e+00 
4.2320664e+04 2.2536836e+00 
4.2345677e+04 2.1821518e+00 
4.2370689e+04 2.1602337e+00 
4.2395701e+04 2.1865065e+00 
4.2420713e+04 2.2616587e+00 
4.2445725e+04 2.3818545e+00 
4.2470738e+04 2.5433450e+00 
4.2495750e+04 2.7435951e+00 
4.2520762e+04 2.9720635e+00 
4.2545774e+04 3.2237127e+00 
4.2570787e+04 3.4911711e+00 
4.2595799e+04 3.7622740e+00 
4.2620811e+04 4.0307660e+00 
4.2645823e+04 4.2837644e+00 
4.2670835e+04 4.5192232e+00 
4.2695848e+04 4.7248392e+00 
4.2720860e+04 4.8952575e+00 
4.2745872e+04 5.0253758e+00 
4.2770884e+04 5.1071806e+00 
4.2795896e+04 5.1429715e+00 
4.2820909e+04 5.1322842e+00 
4.2845921e+04 5.0696158e+00 
4.2870933e+04 4.9616241e+00 
4.2895945e+04 4.8105083e+00 
4.2920957e+04 4.6209054e+00 
4.2945970e+04 4.3975983e+00 
4.2970982e+04 4.1511483e+00 
4.2995994e+04 3.8850882e+00 
4.3021006e+04 3.6175320e+00 
4.3046019e+04 3.3502243e+00 
4.3071031e+04 3.0920479e+00 
4.3096043e+04 2.8505721e+00 
4.3121055e+04 2.6353076e+00 
4.3146067e+04 2.4564636e+00 
4.3171080e+04 2.3152070e+00 
4.3196092e+04 2.2176325e+00 
4.3221104e+04 2.1667500e+00 
4.3246116e+04 2.1660831e+00 
4.3271128e+04 2.2135758e+00 
4.3296141e+04 2.3078060e+00 
4.3321153e+04 2.4481082e+00 
4.3346165e+04 2.6275058e+00 
4.3371177e+04 2.8381469e+00 
4.3396190e+04 3.0766401e+00 
4.3421202e+04 3.3348861e+00 
4.3446214e+04 3.6025665e+00 
4.3471226e+04 3.8726375e+00 
4.3496238e+04 4.1359529e+00 
4.3521251e+04 4.3821168e+00 
4.3546263e+04 4.6060429e+00 
4.3571275e+04 4.7957125e+00 
4.3596287e+04 4.9509788e+00 
4.3621299e+04 5.0631690e+00 
4.3646312e+04 5.1272054e+00 
4.3671324e+04 5.1446834e+00 
4.3696336e+04 5.1130919e+00 
4.3721348e+04 5.0315356e+00 
4.3746361e+04 4.9049530e+00 
4.3771373e+04 4.7383323e+00 
4.3796385e+04 4.5336876e+00 
4.3821397e+04 4.3005743e+00 
4.3846409e+04 4.0482273e+00 
4.3871422e+04 3.7815423e+00 
4.3896434e+04 3.5125670e+00 
4.3921446e+04 3.2468700e+00 
4.3946458e+04 2.9921491e+00 
4.3971470e+04 2.7620897e+00 
4.3996483e+04 2.5624633e+00 
4.4021495e+04 2.3980579e+00 
4.4046507e+04 2.2718024e+00 
4.4071519e+04 2.1905072e+00 
4.4096532e+04 2.1615212e+00 
4.4121544e+04 2.1784906e+00 
4.4146556e+04 2.2438271e+00 
4.4171568e+04 2.3581002e+00 
4.4196580e+04 2.5131264e+00 
4.4221593e+04 2.7023656e+00 
4.4246605e+04 2.9273257e+00 
4.4271617e+04 3.1749945e+00 
4.4296629e+04 3.4382460e+00 
4.4321641e+04 3.7077994e+00 
4.4346654e+04 3.9788148e+00 
4.4371666e+04 4.2361851e+00 
4.4396678e+04 4.4730434e+00 
4.4421690e+04 4.6846390e+00 
4.4446702e+04 4.8636394e+00 
4.4471715e+04 5.0007873e+00 
4.4496727e+04 5.0941186e+00 
4.4521739e+04 5.1407809e+00 
4.4546751e+04 5.1376009e+00 
4.4571764e+04 5.0853910e+00 
4.4596776e+04 4.9875588e+00 
4.4621788e+04 4.8459697e+00 
4.4646800e+04 4.6633539e+00 
4.4671812e+04 4.4448886e+00 
4.4696825e+04 4.2015533e+00 
4.4721837e+04 3.9386830e+00 
4.4746849e+04 3.6710198e+00 
4.4771861e+04 3.4006054e+00 
4.4796873e+04 3.1376398e+00 
4.4821886e+04 2.8926730e+00 
4.4846898e+04 2.6712484e+00 
4.4871910e+04 2.4875474e+00 
4.4896922e+04 2.3366067e+00 
4.4921935e+04 2.2315643e+00 
4.4946947e+04 2.1721363e+00 
4.4971959e+04 2.1626959e+00 
4.4996971e+04 2.2026355e+00 
4.5021983e+04 2.2903733e+00 
4.5046996e+04 2.4225681e+00 
4.5072008e+04 2.5934205e+00 
4.5097020e+04 2.8015740e+00 
4.5122032e+04 3.0366635e+00 
4.5147044e+04 3.2948444e+00 
4.5172057e+04 3.5623887e+00 
4.5197069e+04 3.8313286e+00 
4.5222081e+04 4.0989423e+00 
4.5247093e+04 4.3482828e+00 
4.5272106e+04 4.5771308e+00 
4.5297118e+04 4.7737389e+00 
4.5322130e+04 4.9338784e+00 
4.5347142e+04 5.0506663e+00 
4.5372154e+04 5.1218777e+00 
4.5397167e+04 5.1446071e+00 
4.5422179e+04 5.1171622e+00 
4.5447191e+04 5.0415006e+00 
4.5472203e+04 4.9212818e+00 
4.5497215e+04 4.7583075e+00 
4.5522228e+04 4.5578837e+00 
4.5547240e+04 4.3273001e+00 
4.5572252e+04 4.0801244e+00 
4.5597264e+04 3.8126929e+00 
4.5622277e+04 3.5429029e+00 
4.5647289e+04 3.2725084e+00 
4.5672301e+04 3.0171552e+00 
4.5697313e+04 2.7849238e+00 
4.5722325e+04 2.5789516e+00 
4.5747338e+04 2.4091346e+00 
4.5772350e+04 2.2793701e+00 
4.5797362e+04 2.1976757e+00 
4.5822374e+04 2.1602483e+00 
4.5847386e+04 2.1760428e+00 
4.5872399e+04 2.2396934e+00 
4.5897411e+04 2.3508947e+00 
4.5922423e+04 2.5039032e+00 
4.5947435e+04 2.6961932e+00 
4.5972447e+04 2.9201472e+00 
4.5997460e+04 3.1675534e+00 
4.6022472e+04 3.4315405e+00 
4.6047484e+04 3.7049336e+00 
4.6072496e+04 3.9730892e+00 
4.6097509e+04 4.2304335e+00 
4.6122521e+04 4.4707093e+00 
4.6147533e+04 4.6845808e+00 
4.6172545e+04 4.8652153e+00 
4.6197557e+04 5.0020065e+00 
4.6222570e+04 5.0965247e+00 
4.6247582e+04 5.1407537e+00 
4.6272594e+04 5.1357989e+00 
4.6297606e+04 5.0849094e+00 
4.6322618e+04 4.9835086e+00 
4.6347631e+04 4.8380876e+00 
4.6372643e+04 4.6538720e+00 
4.6397655e+04 4.4359937e+00 
4.6422667e+04 4.1933479e+00 
4.6447680e+04 3.9308555e+00 
4.6472692e+04 3.6616712e+00 
4.6497704e+04 3.3918648e+00 
4.6522716e+04 3.1290064e+00 
4.6547728e+04 2.8836443e+00 
4.6572741e+04 2.6644185e+00 
4.6597753e+04 2.4798238e+00 
4.6622765e+04 2.3328800e+00 
4.6647777e+04 2.2262547e+00 
4.6672789e+04 2.1710010e+00 
4.6697802e+04 2.1633139e+00 
4.6722814e+04 2.2071178e+00 
4.6747826e+04 2.2997019e+00 
4.6772838e+04 2.4364073e+00 
4.6797851e+04 2.6127295e+00 
4.6822863e+04 2.8249848e+00 
4.6847875e+04 3.0638711e+00 
4.6872887e+04 3.3267710e+00 
4.6897899e+04 3.5970495e+00 
4.6922912e+04 3.8675652e+00 
4.6947924e+04 4.1324816e+00 
4.6972936e+04 4.3814912e+00 
4.6997948e+04 4.6061497e+00 
4.7022960e+04 4.7990050e+00 
4.7047973e+04 4.9520988e+00 
4.7072985e+04 5.0643997e+00 
4.7097997e+04 5.1307030e+00 
4.7123009e+04 5.1440039e+00 
4.7148021e+04 5.1091237e+00 
4.7173034e+04 5.0289178e+00 
4.7198046e+04 4.9014020e+00 
4.7223058e+04 4.7320132e+00 
4.7248070e+04 4.5278230e+00 
4.7273083e+04 4.2911410e+00 
4.7298095e+04 4.0362043e+00 
4.7323107e+04 3.7662127e+00 
4.7348119e+04 3.4955025e+00 
4.7373131e+04 3.2277234e+00 
4.7398144e+04 2.9757390e+00 
4.7423156e+04 2.7467620e+00 
4.7448168e+04 2.5459199e+00 
4.7473180e+04 2.3825653e+00 
4.7498192e+04 2.2612326e+00 
4.7523205e+04 2.1864460e+00 
4.7548217e+04 2.1597724e+00 
4.7573229e+04 2.1835773e+00 
4.7598241e+04 2.2576735e+00 
4.7623254e+04 2.3782833e+00 
4.7648266e+04 2.5409176e+00 
4.7673278e+04 2.7387443e+00 
4.7698290e+04 2.9695680e+00 
4.7723302e+04 3.2232339e+00 
4.7748315e+04 3.4876254e+00 
4.7773327e+04 3.7605596e+00 
4.7798339e+04 4.0318847e+00 
4.7823351e+04 4.2864103e+00 
4.7848363e+04 4.5216851e+00 
4.7873376e+04 4.7284374e+00 
4.7898388e+04 4.8998375e+00 
4.7923400e+04 5.0288358e+00 
4.7948412e+04 5.1108274e+00 
4.7973425e+04 5.1445842e+00 
4.7998437e+04 5.1268506e+00 
4.8023449e+04 5.0614352e+00 
4.8048461e+04 4.9498081e+00 
4.8073473e+04 4.7907820e+00 
4.8098486e+04 4.5955367e+00 
4.8123498e+04 4.3706489e+00 
4.8148510e+04 4.1197028e+00 
4.8173522e+04 3.8516426e+00 
4.8198534e+04 3.5812850e+00 
4.8223547e+04 3.3104382e+00 
4.8248559e+04 3.0492072e+00 
4.8273571e+04 2.8101676e+00 
4.8298583e+04 2.5991442e+00 
4.8323596e+04 2.4248412e+00 
4.8348608e+04 2.2909179e+00 
4.8373620e+04 2.2020442e+00 
4.8398632e+04 2.1625195e+00 
4.8423644e+04 2.1733234e+00 
4.8448657e+04 2.2319865e+00 
4.8473669e+04 2.3391745e+00 
4.8498681e+04 2.4897625e+00 
4.8523693e+04 2.6768751e+00 
4.8548705e+04 2.8996656e+00 
4.8573718e+04 3.1468694e+00 
4.8598730e+04 3.4109631e+00 
4.8623742e+04 3.6839764e+00 
4.8648754e+04 3.9538090e+00 
4.8673766e+04 4.2148185e+00 
4.8698779e+04 4.4588399e+00 
4.8723791e+04 4.6774220e+00 
4.8748803e+04 4.8578935e+00 
4.8773815e+04 4.9973006e+00 
4.8798828e+04 5.0921278e+00 
4.8823840e+04 5.1411347e+00 
4.8848852e+04 5.1374965e+00 
4.8873864e+04 5.0856771e+00 
4.8898876e+04 4.9860811e+00 
4.8923889e+04 4.8402686e+00 
4.8948901e+04 4.6540494e+00 
4.8973913e+04 4.4301248e+00 
4.8998925e+04 4.1865988e+00 
4.9023937e+04 3.9261620e+00 
4.9048950e+04 3.6544051e+00 
4.9073962e+04 3.3805225e+00 
4.9098974e+04 3.1151459e+00 
4.9123986e+04 2.8714306e+00 
4.9148999e+04 2.6537716e+00 
4.9174011e+04 2.4686346e+00 
4.9199023e+04 2.3229690e+00 
4.9224035e+04 2.2205005e+00 
4.9249047e+04 2.1677756e+00 
4.9274060e+04 2.1658123e+00 
4.9299072e+04 2.2142463e+00 
4.9324084e+04 2.3113377e+00 
4.9349096e+04 2.4510169e+00 
4.9374108e+04 2.6348617e+00 
4.9399121e+04 2.8518944e+00 
4.9424133e+04 3.0936952e+00 
4.9449145e+04 3.3568575e+00 
4.9474157e+04 3.6305454e+00 
4.9499170e+04 3.9034681e+00 
4.9524182e+04 4.1692777e+00 
4.9549194e+04 4.4180412e+00 
4.9574206e+04 4.6408958e+00 
4.9599218e+04 4.8297715e+00 
4.9624231e+04 4.9777627e+00 
4.9649243e+04 5.0802951e+00 
4.9674255e+04 5.1366343e+00 
4.9699267e+04 5.1398540e+00 
4.9724279e+04 5.0955496e+00 
4.9749292e+04 5.0040431e+00 
4.9774304e+04 4.8821073e+00 
4.9799316e+04 4.7511234e+00 
4.9824328e+04 4.6224456e+00 
4.9849340e+04 4.4983320e+00 
4.9874353e+04 4.3907194e+00 
4.9899365e+04 4.2998791e+00 
4.9924377e+04 4.2276874e+00 
4.9949389e+04 4.1742096e+00 
4.9974402e+04 4.1383128e+00 
4.9999414e+04 4.1214571e+00 
5.0024426e+04 4.1219606e+00 
5.0049438e+04 4.1360188e+00 
5.0074450e+04 4.1655736e+00 
5.0099463e+04 4.2078099e+00 
5.0124475e+04 4.2628126e+00 
5.0149487e+04 4.3285847e+00 
5.0174499e+04 4.4026003e+00 
5.0199511e+04 4.4841375e+00 
5.0224524e+04 4.5701265e+00 
5.0249536e+04 4.6595006e+00 
5.0274548e+04 4.7496338e+00 
5.0299560e+04 4.8375983e+00 
5.0324573e+04 4.9163437e+00 
5.0349585e+04 4.9908509e+00 
5.0374597e+04 5.0532479e+00 
5.0399609e+04 5.1021690e+00 
5.0424621e+04 5.1337967e+00 
5.0449634e+04 5.1455402e+00 
5.0474646e+04 5.1378193e+00 
5.0499658e+04 5.1067772e+00 
5.0524670e+04 5.0510798e+00 
5.0549682e+04 4.9704323e+00 
5.0574695e+04 4.8637762e+00 
5.0599707e+04 4.7319212e+00 
5.0624719e+04 4.5754509e+00 
5.0649731e+04 4.3979673e+00 
5.0674744e+04 4.2040243e+00 
5.0699756e+04 3.9958549e+00 
5.0724768e+04 3.7755051e+00 
5.0749780e+04 3.5495567e+00 
5.0774792e+04 3.3227482e+00 
5.0799805e+04 3.1024830e+00 
5.0824817e+04 2.8942852e+00 
5.0849829e+04 2.7011786e+00 
5.0874841e+04 2.5321879e+00 
5.0899853e+04 2.3878760e+00 
5.0924866e+04 2.2768476e+00 
5.0949878e+04 2.2008915e+00 
5.0974890e+04 2.1633279e+00 
5.0999902e+04 2.1672657e+00 
5.1024915e+04 2.2086668e+00 
5.1049927e+04 2.2913346e+00 
5.1074939e+04 2.4124839e+00 
5.1099951e+04 2.5693548e+00 
5.1124963e+04 2.7554793e+00 
5.1149976e+04 2.9712059e+00 
5.1174988e+04 3.2066407e+00 
5.1200000e+04 3.4547443e+00 
