0.0000000e+00 5.0079782e-04 
6.4000000e+01 3.7039167e-04 
1.2800000e+02 1.5696727e-04 
1.9200000e+02 5.6820700e-05 
2.5600000e+02 1.6742681e-05 
3.2000000e+02 3.7905811e-06 
3.8400000e+02 2.5852996e-06 
4.4800000e+02 2.1256524e-06 
5.1200000e+02 1.8616209e-06 
5.7600000e+02 1.7214001e-06 
6.4000000e+02 1.6600745e-06 
7.0400000e+02 1.5941351e-06 
7.6800000e+02 1.5335402e-06 
8.3200000e+02 1.4447126e-06 
8.9600000e+02 1.3349189e-06 
9.6000000e+02 1.2693473e-06 
1.0240000e+03 1.4611339e-06 
1.0880000e+03 2.4094475e-06 
1.1520000e+03 2.8433963e-06 
1.2160000e+03 1.9341344e-06 
1.2800000e+03 1.2436549e-06 
1.3440000e+03 1.0844645e-06 
1.4080000e+03 1.0660666e-06 
1.4720000e+03 1.0583994e-06 
1.5360000e+03 1.0265953e-06 
1.6000000e+03 1.0121975e-06 
1.6640000e+03 9.9807824e-07 
1.7280000e+03 9.6299379e-07 
1.7920000e+03 9.1966007e-07 
1.8560000e+03 8.9852040e-07 
1.9200000e+03 8.9591970e-07 
1.9840000e+03 9.1225928e-07 
2.0480000e+03 9.3200663e-07 
2.1120000e+03 9.2583110e-07 
2.1760000e+03 8.8459490e-07 
2.2400000e+03 8.9327648e-07 
2.3040000e+03 9.2929781e-07 
2.3680000e+03 9.1547918e-07 
2.4320000e+03 9.1001243e-07 
2.4960000e+03 9.3025329e-07 
2.5600000e+03 9.6783685e-07 
2.6240000e+03 9.6994643e-07 
2.6880000e+03 9.6730571e-07 
2.7520000e+03 9.9922295e-07 
2.8160000e+03 1.0395645e-06 
2.8800000e+03 1.0775640e-06 
2.9440000e+03 1.1478938e-06 
3.0080000e+03 1.2479841e-06 
3.0720000e+03 1.3623593e-06 
3.1360000e+03 1.4683403e-06 
3.2000000e+03 1.6040392e-06 
3.2640000e+03 1.8204692e-06 
3.3280000e+03 2.1431229e-06 
3.3920000e+03 2.6047855e-06 
3.4560000e+03 3.4362304e-06 
3.5200000e+03 5.3442077e-06 
3.5840000e+03 2.4238794e-05 
3.6480000e+03 8.0264210e-05 
3.7120000e+03 1.1969484e-04 
3.7760000e+03 8.4192870e-05 
3.8400000e+03 2.6750589e-05 
3.9040000e+03 5.9890317e-06 
3.9680000e+03 3.9475858e-06 
4.0320000e+03 3.1477218e-06 
4.0960000e+03 2.6470777e-06 
4.1600000e+03 2.2856000e-06 
4.2240000e+03 2.0418565e-06 
4.2880000e+03 1.8783666e-06 
4.3520000e+03 1.7182899e-06 
4.4160000e+03 1.5827831e-06 
4.4800000e+03 1.5037215e-06 
4.5440000e+03 1.4267657e-06 
4.6080000e+03 1.3613559e-06 
4.6720000e+03 1.2871570e-06 
4.7360000e+03 1.2212066e-06 
4.8000000e+03 1.1918810e-06 
4.8640000e+03 1.1756684e-06 
4.9280000e+03 1.1384426e-06 
4.9920000e+03 1.1223343e-06 
5.0560000e+03 1.1056781e-06 
5.1200000e+03 1.0668909e-06 
5.1840000e+03 1.0055767e-06 
5.2480000e+03 9.8035321e-07 
5.3120000e+03 9.7500958e-07 
5.3760000e+03 9.5227551e-07 
5.4400000e+03 9.4377361e-07 
5.5040000e+03 9.3631240e-07 
5.5680000e+03 9.3753960e-07 
5.6320000e+03 9.2678204e-07 
5.6960000e+03 9.2325473e-07 
5.7600000e+03 9.2225577e-07 
5.8240000e+03 9.0436180e-07 
5.8880000e+03 8.6681382e-07 
5.9520000e+03 8.6796234e-07 
6.0160000e+03 8.9325886e-07 
6.0800000e+03 8.8864260e-07 
6.1440000e+03 9.0604743e-07 
6.2080000e+03 9.2008327e-07 
6.2720000e+03 9.0182738e-07 
6.3360000e+03 8.3568085e-07 
6.4000000e+03 7.8013278e-07 
6.4640000e+03 7.7018956e-07 
6.5280000e+03 7.6965870e-07 
6.5920000e+03 7.6210489e-07 
6.6560000e+03 7.5692049e-07 
6.7200000e+03 7.6899306e-07 
6.7840000e+03 7.8399853e-07 
6.8480000e+03 7.6884788e-07 
6.9120000e+03 7.5129606e-07 
6.9760000e+03 7.3540991e-07 
7.0400000e+03 7.1578654e-07 
7.1040000e+03 7.0494156e-07 
7.1680000e+03 7.2079843e-07 
7.2320000e+03 7.2088710e-07 
7.2960000e+03 6.9947521e-07 
7.3600000e+03 6.8865052e-07 
7.4240000e+03 6.7810123e-07 
7.4880000e+03 6.5958693e-07 
7.5520000e+03 6.8951374e-07 
7.6160000e+03 7.7187593e-07 
7.6800000e+03 9.4156280e-07 
7.7440000e+03 1.0561254e-06 
7.8080000e+03 9.0485150e-07 
7.8720000e+03 7.4777051e-07 
7.9360000e+03 6.9590931e-07 
8.0000000e+03 6.9927711e-07 
8.0640000e+03 6.9460475e-07 
8.1280000e+03 6.7741291e-07 
8.1920000e+03 6.7417483e-07 
8.2560000e+03 6.6956432e-07 
8.3200000e+03 6.6141661e-07 
8.3840000e+03 6.5899843e-07 
8.4480000e+03 6.6740205e-07 
8.5120000e+03 7.6268918e-07 
8.5760000e+03 8.6809388e-07 
8.6400000e+03 7.5959207e-07 
8.7040000e+03 6.5476411e-07 
8.7680000e+03 6.2964205e-07 
8.8320000e+03 6.0863454e-07 
8.8960000e+03 6.0301653e-07 
8.9600000e+03 6.0892728e-07 
9.0240000e+03 6.0223908e-07 
9.0880000e+03 6.0507517e-07 
9.1520000e+03 6.0598535e-07 
9.2160000e+03 6.2586565e-07 
9.2800000e+03 7.6738718e-07 
9.3440000e+03 8.7309786e-07 
9.4080000e+03 7.6948970e-07 
9.4720000e+03 6.5072345e-07 
9.5360000e+03 6.1974492e-07 
9.6000000e+03 6.1831486e-07 
9.6640000e+03 6.2660069e-07 
9.7280000e+03 6.2108887e-07 
9.7920000e+03 6.2785409e-07 
9.8560000e+03 7.3981477e-07 
9.9200000e+03 9.5666962e-07 
9.9840000e+03 9.4801504e-07 
1.0048000e+04 7.3849839e-07 
1.0112000e+04 6.3200179e-07 
1.0176000e+04 6.0554771e-07 
1.0240000e+04 6.0730952e-07 
1.0304000e+04 6.0254928e-07 
1.0368000e+04 5.9018930e-07 
1.0432000e+04 6.0366642e-07 
1.0496000e+04 6.1354586e-07 
1.0560000e+04 6.0227876e-07 
1.0624000e+04 5.9987718e-07 
1.0688000e+04 6.4042814e-07 
1.0752000e+04 6.8900670e-07 
1.0816000e+04 7.0605932e-07 
1.0880000e+04 7.2554263e-07 
1.0944000e+04 8.6282768e-07 
1.1008000e+04 1.0520320e-06 
1.1072000e+04 9.0096142e-07 
1.1136000e+04 6.9561372e-07 
1.1200000e+04 7.6457985e-07 
1.1264000e+04 9.0938516e-07 
1.1328000e+04 7.6957758e-07 
1.1392000e+04 6.3143301e-07 
1.1456000e+04 6.0357627e-07 
1.1520000e+04 5.9260611e-07 
1.1584000e+04 6.0248709e-07 
1.1648000e+04 6.1093232e-07 
1.1712000e+04 6.1297555e-07 
1.1776000e+04 6.0790126e-07 
1.1840000e+04 6.2790235e-07 
1.1904000e+04 6.6496489e-07 
1.1968000e+04 6.6666752e-07 
1.2032000e+04 6.5536898e-07 
1.2096000e+04 6.3995645e-07 
1.2160000e+04 6.2283846e-07 
1.2224000e+04 6.1881065e-07 
1.2288000e+04 6.2424056e-07 
1.2352000e+04 6.5492156e-07 
1.2416000e+04 7.0137708e-07 
1.2480000e+04 6.8476152e-07 
1.2544000e+04 6.4907226e-07 
1.2608000e+04 6.9232743e-07 
1.2672000e+04 7.9516263e-07 
1.2736000e+04 7.9895455e-07 
1.2800000e+04 7.4221566e-07 
1.2864000e+04 7.4021045e-07 
1.2928000e+04 7.8837235e-07 
1.2992000e+04 8.6797758e-07 
1.3056000e+04 9.0267736e-07 
1.3120000e+04 8.8358928e-07 
1.3184000e+04 7.9162936e-07 
1.3248000e+04 7.2228625e-07 
1.3312000e+04 7.3187130e-07 
1.3376000e+04 7.4261675e-07 
1.3440000e+04 7.6016522e-07 
1.3504000e+04 7.9307267e-07 
1.3568000e+04 8.1910684e-07 
1.3632000e+04 8.3044080e-07 
1.3696000e+04 8.3811773e-07 
1.3760000e+04 8.6230676e-07 
1.3824000e+04 8.9622171e-07 
1.3888000e+04 9.2966314e-07 
1.3952000e+04 1.0472963e-06 
1.4016000e+04 1.3646497e-06 
1.4080000e+04 1.4878602e-06 
1.4144000e+04 1.2708953e-06 
1.4208000e+04 1.1268982e-06 
1.4272000e+04 1.1695580e-06 
1.4336000e+04 1.2864675e-06 
1.4400000e+04 2.5781903e-06 
1.4464000e+04 8.6988566e-06 
1.4528000e+04 1.4554850e-05 
1.4592000e+04 1.1557130e-05 
1.4656000e+04 4.4195699e-06 
1.4720000e+04 1.9091285e-06 
1.4784000e+04 1.9457555e-06 
1.4848000e+04 2.1860287e-06 
1.4912000e+04 2.4677495e-06 
1.4976000e+04 2.9024850e-06 
1.5040000e+04 3.4813108e-06 
1.5104000e+04 4.1707071e-06 
1.5168000e+04 5.3380913e-06 
1.5232000e+04 8.3058667e-06 
1.5296000e+04 2.9725899e-05 
1.5360000e+04 8.8436864e-05 
1.5424000e+04 1.2353173e-04 
1.5488000e+04 8.2443388e-05 
1.5552000e+04 2.6167560e-05 
1.5616000e+04 7.9240590e-06 
1.5680000e+04 5.3921494e-06 
1.5744000e+04 4.4156218e-06 
1.5808000e+04 3.9741835e-06 
1.5872000e+04 3.2969415e-06 
1.5936000e+04 2.7150618e-06 
1.6000000e+04 2.3737443e-06 
1.6064000e+04 2.1514452e-06 
1.6128000e+04 1.9980889e-06 
1.6192000e+04 1.8757512e-06 
1.6256000e+04 1.7257374e-06 
1.6320000e+04 1.6103637e-06 
1.6384000e+04 1.5110816e-06 
1.6448000e+04 1.4250404e-06 
1.6512000e+04 1.3703027e-06 
1.6576000e+04 1.3245531e-06 
1.6640000e+04 1.2662877e-06 
1.6704000e+04 1.1848808e-06 
1.6768000e+04 1.1304621e-06 
1.6832000e+04 1.1152551e-06 
1.6896000e+04 1.0986943e-06 
1.6960000e+04 1.0753656e-06 
1.7024000e+04 1.0400554e-06 
1.7088000e+04 9.9603108e-07 
1.7152000e+04 9.6310589e-07 
1.7216000e+04 9.3449353e-07 
1.7280000e+04 9.1646473e-07 
1.7344000e+04 9.0070228e-07 
1.7408000e+04 8.9324709e-07 
1.7472000e+04 8.8490481e-07 
1.7536000e+04 8.5238992e-07 
1.7600000e+04 8.3614714e-07 
1.7664000e+04 8.3554875e-07 
1.7728000e+04 8.5115357e-07 
1.7792000e+04 1.1248312e-06 
1.7856000e+04 1.7174468e-06 
1.7920000e+04 1.6125310e-06 
1.7984000e+04 9.9616238e-07 
1.8048000e+04 7.7700406e-07 
1.8112000e+04 7.5599110e-07 
1.8176000e+04 7.4896195e-07 
1.8240000e+04 7.4277739e-07 
1.8304000e+04 7.3892585e-07 
1.8368000e+04 7.2957351e-07 
1.8432000e+04 7.0970214e-07 
1.8496000e+04 6.8403489e-07 
1.8560000e+04 6.9299438e-07 
1.8624000e+04 7.1811189e-07 
1.8688000e+04 7.2756484e-07 
1.8752000e+04 7.3509506e-07 
1.8816000e+04 7.4669902e-07 
1.8880000e+04 7.4652030e-07 
1.8944000e+04 7.1716084e-07 
1.9008000e+04 7.0149645e-07 
1.9072000e+04 7.3370171e-07 
1.9136000e+04 8.0063091e-07 
1.9200000e+04 7.7497037e-07 
1.9264000e+04 7.6540636e-07 
1.9328000e+04 1.6050909e-06 
1.9392000e+04 6.3283642e-06 
1.9456000e+04 1.1442786e-05 
1.9520000e+04 9.6240510e-06 
1.9584000e+04 3.6849533e-06 
1.9648000e+04 1.0931940e-06 
1.9712000e+04 1.2512990e-06 
1.9776000e+04 6.1655774e-06 
1.9840000e+04 2.3889088e-05 
1.9904000e+04 3.9529685e-05 
1.9968000e+04 3.0465982e-05 
2.0032000e+04 1.0465538e-05 
2.0096000e+04 1.9032140e-06 
2.0160000e+04 1.6177962e-06 
2.0224000e+04 5.0094936e-06 
2.0288000e+04 1.0223783e-05 
2.0352000e+04 9.8971705e-06 
2.0416000e+04 4.4696480e-06 
2.0480000e+04 1.1348421e-06 
2.0544000e+04 7.7873443e-07 
2.0608000e+04 7.5635222e-07 
2.0672000e+04 7.1297853e-07 
2.0736000e+04 6.7005413e-07 
2.0800000e+04 6.5661141e-07 
2.0864000e+04 6.3930543e-07 
2.0928000e+04 6.2908441e-07 
2.0992000e+04 6.4602358e-07 
2.1056000e+04 6.6879579e-07 
2.1120000e+04 6.8195988e-07 
2.1184000e+04 6.6710612e-07 
2.1248000e+04 6.5015854e-07 
2.1312000e+04 6.5065342e-07 
2.1376000e+04 6.3546275e-07 
2.1440000e+04 6.2594262e-07 
2.1504000e+04 6.3426870e-07 
2.1568000e+04 6.2119324e-07 
2.1632000e+04 6.1072978e-07 
2.1696000e+04 6.0594209e-07 
2.1760000e+04 6.0333576e-07 
2.1824000e+04 6.0129031e-07 
2.1888000e+04 5.9417755e-07 
2.1952000e+04 5.9873025e-07 
2.2016000e+04 6.1797419e-07 
2.2080000e+04 6.1762825e-07 
2.2144000e+04 6.0639866e-07 
2.2208000e+04 5.9425452e-07 
2.2272000e+04 5.8504338e-07 
2.2336000e+04 5.8807410e-07 
2.2400000e+04 5.8567065e-07 
2.2464000e+04 5.8792563e-07 
2.2528000e+04 6.0120914e-07 
2.2592000e+04 5.9864220e-07 
2.2656000e+04 5.8375559e-07 
2.2720000e+04 5.8004935e-07 
2.2784000e+04 5.9002406e-07 
2.2848000e+04 5.9572835e-07 
2.2912000e+04 5.9796230e-07 
2.2976000e+04 5.9873884e-07 
2.3040000e+04 5.9350401e-07 
2.3104000e+04 5.8814453e-07 
2.3168000e+04 5.8558066e-07 
2.3232000e+04 5.9921757e-07 
2.3296000e+04 6.4730017e-07 
2.3360000e+04 6.6180598e-07 
2.3424000e+04 6.1581960e-07 
2.3488000e+04 6.0103616e-07 
2.3552000e+04 6.0330859e-07 
2.3616000e+04 6.1007432e-07 
2.3680000e+04 6.0559228e-07 
2.3744000e+04 6.0390306e-07 
2.3808000e+04 6.1005426e-07 
2.3872000e+04 6.0981785e-07 
2.3936000e+04 6.0049331e-07 
2.4000000e+04 5.9516282e-07 
2.4064000e+04 6.0700819e-07 
2.4128000e+04 6.2198421e-07 
2.4192000e+04 6.1751297e-07 
2.4256000e+04 6.1868161e-07 
2.4320000e+04 6.2864251e-07 
2.4384000e+04 6.3657865e-07 
2.4448000e+04 6.4948216e-07 
2.4512000e+04 6.7910634e-07 
2.4576000e+04 7.3840999e-07 
2.4640000e+04 8.1513514e-07 
2.4704000e+04 8.3919878e-07 
2.4768000e+04 8.1232974e-07 
2.4832000e+04 7.8479343e-07 
2.4896000e+04 7.3481181e-07 
2.4960000e+04 8.8846991e-07 
2.5024000e+04 1.9306483e-06 
2.5088000e+04 2.6485168e-06 
2.5152000e+04 1.8755618e-06 
2.5216000e+04 1.0410471e-06 
2.5280000e+04 8.9189763e-07 
2.5344000e+04 8.0737254e-07 
2.5408000e+04 7.6399749e-07 
2.5472000e+04 7.5606994e-07 
2.5536000e+04 7.5556540e-07 
2.5600000e+04 7.6577118e-07 
2.5664000e+04 8.0004656e-07 
2.5728000e+04 8.6736310e-07 
2.5792000e+04 1.0340207e-06 
2.5856000e+04 1.3245269e-06 
2.5920000e+04 1.4889944e-06 
2.5984000e+04 1.3121034e-06 
2.6048000e+04 1.0362255e-06 
2.6112000e+04 9.1182170e-07 
2.6176000e+04 8.8040230e-07 
2.6240000e+04 8.7024870e-07 
2.6304000e+04 8.7975104e-07 
2.6368000e+04 9.0382480e-07 
2.6432000e+04 9.2157148e-07 
2.6496000e+04 9.5307047e-07 
2.6560000e+04 1.0076069e-06 
2.6624000e+04 1.1000087e-06 
2.6688000e+04 1.2008566e-06 
2.6752000e+04 1.3139618e-06 
2.6816000e+04 1.4940678e-06 
2.6880000e+04 1.8082894e-06 
2.6944000e+04 2.3165462e-06 
2.7008000e+04 2.9396076e-06 
2.7072000e+04 3.3557694e-06 
2.7136000e+04 3.1795146e-06 
2.7200000e+04 2.5987836e-06 
2.7264000e+04 2.0603591e-06 
2.7328000e+04 1.7479938e-06 
2.7392000e+04 1.6123328e-06 
2.7456000e+04 1.5697270e-06 
2.7520000e+04 1.5648228e-06 
2.7584000e+04 1.5763263e-06 
2.7648000e+04 1.5865273e-06 
2.7712000e+04 1.6614858e-06 
2.7776000e+04 1.7803522e-06 
2.7840000e+04 1.9145946e-06 
2.7904000e+04 2.1109765e-06 
2.7968000e+04 2.3251157e-06 
2.8032000e+04 2.5800734e-06 
2.8096000e+04 2.9865655e-06 
2.8160000e+04 3.5119895e-06 
2.8224000e+04 4.2765778e-06 
2.8288000e+04 5.5610681e-06 
2.8352000e+04 9.6577014e-06 
2.8416000e+04 3.7376321e-05 
2.8480000e+04 9.1633599e-05 
2.8544000e+04 1.0675267e-04 
2.8608000e+04 5.9704253e-05 
2.8672000e+04 1.6804413e-05 
2.8736000e+04 6.6450075e-06 
2.8800000e+04 4.8241855e-06 
2.8864000e+04 3.8934186e-06 
2.8928000e+04 3.1781883e-06 
2.8992000e+04 2.7000315e-06 
2.9056000e+04 2.4188441e-06 
2.9120000e+04 2.2165152e-06 
2.9184000e+04 2.0417892e-06 
2.9248000e+04 1.9055013e-06 
2.9312000e+04 1.7668727e-06 
2.9376000e+04 1.6561839e-06 
2.9440000e+04 1.6358167e-06 
2.9504000e+04 1.5998987e-06 
2.9568000e+04 1.5116989e-06 
2.9632000e+04 1.4091439e-06 
2.9696000e+04 1.3091003e-06 
2.9760000e+04 1.2372074e-06 
2.9824000e+04 1.1688469e-06 
2.9888000e+04 1.1167194e-06 
2.9952000e+04 1.0908249e-06 
3.0016000e+04 1.0683691e-06 
3.0080000e+04 1.0321027e-06 
3.0144000e+04 1.0133194e-06 
3.0208000e+04 9.9948295e-07 
3.0272000e+04 9.7734187e-07 
3.0336000e+04 9.5469284e-07 
3.0400000e+04 9.0557501e-07 
3.0464000e+04 8.7249896e-07 
3.0528000e+04 8.5076306e-07 
3.0592000e+04 8.4167363e-07 
3.0656000e+04 8.3342218e-07 
3.0720000e+04 8.3227184e-07 
3.0784000e+04 8.4412704e-07 
3.0848000e+04 8.6110896e-07 
3.0912000e+04 8.4986209e-07 
3.0976000e+04 8.4052755e-07 
3.1040000e+04 8.3918678e-07 
3.1104000e+04 8.2748181e-07 
3.1168000e+04 8.0625193e-07 
3.1232000e+04 7.8367839e-07 
3.1296000e+04 7.8052176e-07 
3.1360000e+04 7.6553158e-07 
3.1424000e+04 7.5471803e-07 
3.1488000e+04 7.3595430e-07 
3.1552000e+04 7.0462431e-07 
3.1616000e+04 6.9564118e-07 
3.1680000e+04 6.9844225e-07 
3.1744000e+04 6.9849824e-07 
3.1808000e+04 6.9866854e-07 
3.1872000e+04 6.8764786e-07 
3.1936000e+04 6.9224001e-07 
3.2000000e+04 6.9196494e-07 
3.2064000e+04 6.8093112e-07 
3.2128000e+04 7.0087515e-07 
3.2192000e+04 8.0488189e-07 
3.2256000e+04 8.5529240e-07 
3.2320000e+04 7.2395591e-07 
3.2384000e+04 6.5821092e-07 
3.2448000e+04 6.6818586e-07 
3.2512000e+04 6.7729462e-07 
3.2576000e+04 6.9751269e-07 
3.2640000e+04 7.3109709e-07 
3.2704000e+04 6.9911283e-07 
3.2768000e+04 6.5105002e-07 
3.2832000e+04 6.4312269e-07 
3.2896000e+04 6.5615450e-07 
3.2960000e+04 6.5819722e-07 
3.3024000e+04 6.4618672e-07 
3.3088000e+04 6.5484966e-07 
3.3152000e+04 6.5194632e-07 
3.3216000e+04 6.5985859e-07 
3.3280000e+04 8.0118934e-07 
3.3344000e+04 1.0664600e-06 
3.3408000e+04 9.7396969e-07 
3.3472000e+04 6.8757089e-07 
3.3536000e+04 6.2721676e-07 
3.3600000e+04 6.3398812e-07 
3.3664000e+04 6.3230789e-07 
3.3728000e+04 6.3609656e-07 
3.3792000e+04 6.2281316e-07 
3.3856000e+04 6.0382149e-07 
3.3920000e+04 6.2932617e-07 
3.3984000e+04 6.5158281e-07 
3.4048000e+04 6.5168012e-07 
3.4112000e+04 6.4434545e-07 
3.4176000e+04 6.2792782e-07 
3.4240000e+04 6.2266685e-07 
3.4304000e+04 6.3215032e-07 
3.4368000e+04 6.3547810e-07 
3.4432000e+04 6.3078375e-07 
3.4496000e+04 6.1643181e-07 
3.4560000e+04 6.0516618e-07 
3.4624000e+04 6.0536490e-07 
3.4688000e+04 5.9829983e-07 
3.4752000e+04 5.9508113e-07 
3.4816000e+04 5.9871581e-07 
3.4880000e+04 6.0204405e-07 
3.4944000e+04 6.0914999e-07 
3.5008000e+04 6.0753359e-07 
3.5072000e+04 6.0995109e-07 
3.5136000e+04 6.0328739e-07 
3.5200000e+04 5.9254364e-07 
3.5264000e+04 6.0846480e-07 
3.5328000e+04 6.1670596e-07 
3.5392000e+04 6.1080289e-07 
3.5456000e+04 6.0545796e-07 
3.5520000e+04 6.1054072e-07 
3.5584000e+04 6.1017948e-07 
3.5648000e+04 6.0734419e-07 
3.5712000e+04 6.1565464e-07 
3.5776000e+04 6.1191179e-07 
3.5840000e+04 6.0607852e-07 
3.5904000e+04 6.0370485e-07 
3.5968000e+04 5.9876049e-07 
3.6032000e+04 6.0413981e-07 
3.6096000e+04 6.1493716e-07 
3.6160000e+04 6.1574997e-07 
3.6224000e+04 6.1239234e-07 
3.6288000e+04 6.0063775e-07 
3.6352000e+04 5.9418863e-07 
3.6416000e+04 6.0662040e-07 
3.6480000e+04 6.1579664e-07 
3.6544000e+04 6.1104703e-07 
3.6608000e+04 6.1922731e-07 
3.6672000e+04 6.1807526e-07 
3.6736000e+04 6.1986873e-07 
3.6800000e+04 6.2921220e-07 
3.6864000e+04 6.2418712e-07 
3.6928000e+04 6.2216520e-07 
3.6992000e+04 6.1972514e-07 
3.7056000e+04 6.3008258e-07 
3.7120000e+04 6.3185053e-07 
3.7184000e+04 6.3277736e-07 
3.7248000e+04 6.2381577e-07 
3.7312000e+04 6.0827847e-07 
3.7376000e+04 6.0412322e-07 
3.7440000e+04 6.0701217e-07 
3.7504000e+04 6.1698097e-07 
3.7568000e+04 6.1758078e-07 
3.7632000e+04 6.2395964e-07 
3.7696000e+04 6.2659313e-07 
3.7760000e+04 6.2479461e-07 
3.7824000e+04 6.2881094e-07 
3.7888000e+04 6.3740885e-07 
3.7952000e+04 6.4251572e-07 
3.8016000e+04 6.3090357e-07 
3.8080000e+04 6.1987487e-07 
3.8144000e+04 6.2437562e-07 
3.8208000e+04 6.3305600e-07 
3.8272000e+04 6.3090499e-07 
3.8336000e+04 6.1888267e-07 
3.8400000e+04 6.1568170e-07 
3.8464000e+04 6.2179305e-07 
3.8528000e+04 6.1517153e-07 
3.8592000e+04 6.0272862e-07 
3.8656000e+04 6.0804007e-07 
3.8720000e+04 6.0500145e-07 
3.8784000e+04 6.0549849e-07 
3.8848000e+04 6.1293787e-07 
3.8912000e+04 6.2270715e-07 
3.8976000e+04 6.3404099e-07 
3.9040000e+04 6.3497731e-07 
3.9104000e+04 6.2928336e-07 
3.9168000e+04 6.3018359e-07 
3.9232000e+04 6.2667226e-07 
3.9296000e+04 6.1615373e-07 
3.9360000e+04 6.0738950e-07 
3.9424000e+04 6.1566953e-07 
3.9488000e+04 6.1815126e-07 
3.9552000e+04 6.2835267e-07 
3.9616000e+04 6.2941325e-07 
3.9680000e+04 6.2045228e-07 
3.9744000e+04 6.2360760e-07 
3.9808000e+04 6.3427285e-07 
3.9872000e+04 6.7157208e-07 
3.9936000e+04 6.8444808e-07 
4.0000000e+04 6.4338326e-07 
4.0064000e+04 6.3039261e-07 
4.0128000e+04 6.4943441e-07 
4.0192000e+04 6.4730727e-07 
4.0256000e+04 6.2987232e-07 
4.0320000e+04 6.2417547e-07 
4.0384000e+04 6.2534912e-07 
4.0448000e+04 6.4325758e-07 
4.0512000e+04 6.6987172e-07 
4.0576000e+04 6.6644134e-07 
4.0640000e+04 6.5845745e-07 
4.0704000e+04 6.5435876e-07 
4.0768000e+04 6.4237815e-07 
4.0832000e+04 6.5121662e-07 
4.0896000e+04 6.9490761e-07 
4.0960000e+04 7.2583663e-07 
4.1024000e+04 7.0240048e-07 
4.1088000e+04 7.3640859e-07 
4.1152000e+04 7.6154782e-07 
4.1216000e+04 7.0151339e-07 
4.1280000e+04 6.6816898e-07 
4.1344000e+04 7.0470321e-07 
4.1408000e+04 8.5971556e-07 
4.1472000e+04 9.7121563e-07 
4.1536000e+04 8.6462472e-07 
4.1600000e+04 8.7176159e-07 
4.1664000e+04 1.0297438e-06 
4.1728000e+04 1.2563003e-06 
4.1792000e+04 1.0361528e-06 
4.1856000e+04 8.0226238e-07 
4.1920000e+04 7.1860404e-07 
4.1984000e+04 6.7445916e-07 
4.2048000e+04 6.6485029e-07 
4.2112000e+04 6.6047397e-07 
4.2176000e+04 6.6666752e-07 
4.2240000e+04 6.6636233e-07 
4.2304000e+04 6.6056026e-07 
4.2368000e+04 6.6783599e-07 
4.2432000e+04 6.9880434e-07 
4.2496000e+04 7.1887553e-07 
4.2560000e+04 7.1132325e-07 
4.2624000e+04 7.2067422e-07 
4.2688000e+04 7.3707349e-07 
4.2752000e+04 7.4630395e-07 
4.2816000e+04 7.5681493e-07 
4.2880000e+04 7.6456138e-07 
4.2944000e+04 7.8261388e-07 
4.3008000e+04 8.0487837e-07 
4.3072000e+04 8.2913976e-07 
4.3136000e+04 8.6917731e-07 
4.3200000e+04 9.0484849e-07 
4.3264000e+04 9.5080975e-07 
4.3328000e+04 1.0448305e-06 
4.3392000e+04 1.1932533e-06 
4.3456000e+04 1.4830163e-06 
4.3520000e+04 4.1276885e-06 
4.3584000e+04 1.6950265e-05 
4.3648000e+04 3.1906879e-05 
4.3712000e+04 2.8154867e-05 
4.3776000e+04 1.1437460e-05 
4.3840000e+04 2.4758970e-06 
4.3904000e+04 1.4105108e-06 
4.3968000e+04 1.1860926e-06 
4.4032000e+04 1.0331095e-06 
4.4096000e+04 9.3347415e-07 
4.4160000e+04 8.7026018e-07 
4.4224000e+04 8.4344794e-07 
4.4288000e+04 8.4365081e-07 
4.4352000e+04 8.2132948e-07 
4.4416000e+04 7.6377353e-07 
4.4480000e+04 7.2828658e-07 
4.4544000e+04 7.1591387e-07 
4.4608000e+04 7.1011760e-07 
4.4672000e+04 7.0907049e-07 
4.4736000e+04 7.0277616e-07 
4.4800000e+04 6.9605682e-07 
4.4864000e+04 7.1123264e-07 
4.4928000e+04 7.3090285e-07 
4.4992000e+04 7.2912269e-07 
4.5056000e+04 7.1455059e-07 
4.5120000e+04 6.9386539e-07 
4.5184000e+04 6.9773637e-07 
4.5248000e+04 7.0885022e-07 
4.5312000e+04 7.0820761e-07 
4.5376000e+04 7.0737144e-07 
4.5440000e+04 6.9420372e-07 
4.5504000e+04 6.8804439e-07 
4.5568000e+04 6.8448941e-07 
4.5632000e+04 6.9101435e-07 
4.5696000e+04 7.0173371e-07 
4.5760000e+04 6.9348607e-07 
4.5824000e+04 6.8562440e-07 
4.5888000e+04 6.9519911e-07 
4.5952000e+04 7.0120456e-07 
4.6016000e+04 7.0435664e-07 
4.6080000e+04 7.0909618e-07 
4.6144000e+04 7.0278077e-07 
4.6208000e+04 6.8166122e-07 
4.6272000e+04 6.6905727e-07 
4.6336000e+04 6.7419114e-07 
4.6400000e+04 6.8214558e-07 
4.6464000e+04 6.8568164e-07 
4.6528000e+04 6.8719953e-07 
4.6592000e+04 6.9036673e-07 
4.6656000e+04 6.9437448e-07 
4.6720000e+04 6.8877222e-07 
4.6784000e+04 6.9406650e-07 
4.6848000e+04 7.0724798e-07 
4.6912000e+04 6.9819077e-07 
4.6976000e+04 6.7883497e-07 
4.7040000e+04 6.8010024e-07 
4.7104000e+04 6.9526783e-07 
4.7168000e+04 6.9945679e-07 
4.7232000e+04 6.8730139e-07 
4.7296000e+04 6.9567250e-07 
4.7360000e+04 7.2767193e-07 
4.7424000e+04 7.2723026e-07 
4.7488000e+04 7.4131657e-07 
4.7552000e+04 8.1852073e-07 
4.7616000e+04 1.1273498e-06 
4.7680000e+04 1.2689823e-06 
4.7744000e+04 9.2988978e-07 
4.7808000e+04 7.1605535e-07 
4.7872000e+04 6.9964574e-07 
4.7936000e+04 6.9928325e-07 
4.8000000e+04 7.1724429e-07 
4.8064000e+04 7.1781625e-07 
4.8128000e+04 6.9449874e-07 
4.8192000e+04 6.8034370e-07 
4.8256000e+04 6.8323698e-07 
4.8320000e+04 7.0141482e-07 
4.8384000e+04 7.2332904e-07 
4.8448000e+04 7.0889610e-07 
4.8512000e+04 6.8993404e-07 
4.8576000e+04 7.0746773e-07 
4.8640000e+04 7.1929003e-07 
4.8704000e+04 7.1676806e-07 
4.8768000e+04 7.0936403e-07 
4.8832000e+04 7.0904400e-07 
4.8896000e+04 7.2087363e-07 
4.8960000e+04 7.1038664e-07 
4.9024000e+04 6.9663099e-07 
4.9088000e+04 7.0129619e-07 
4.9152000e+04 6.9973487e-07 
4.9216000e+04 6.9384555e-07 
4.9280000e+04 7.0621439e-07 
4.9344000e+04 7.2004144e-07 
4.9408000e+04 7.2083168e-07 
4.9472000e+04 7.1842652e-07 
4.9536000e+04 7.2460006e-07 
4.9600000e+04 7.3003747e-07 
4.9664000e+04 7.3282416e-07 
4.9728000e+04 7.2148094e-07 
4.9792000e+04 7.1086100e-07 
4.9856000e+04 7.3215983e-07 
4.9920000e+04 7.4704343e-07 
4.9984000e+04 7.3699988e-07 
5.0048000e+04 7.2771348e-07 
5.0112000e+04 7.3165035e-07 
5.0176000e+04 7.2379140e-07 
5.0240000e+04 7.2136692e-07 
5.0304000e+04 7.2873371e-07 
5.0368000e+04 7.3192513e-07 
5.0432000e+04 7.4180099e-07 
5.0496000e+04 7.3693025e-07 
5.0560000e+04 7.2927878e-07 
5.0624000e+04 7.4110011e-07 
5.0688000e+04 7.4592629e-07 
5.0752000e+04 7.2410774e-07 
5.0816000e+04 7.1628580e-07 
5.0880000e+04 7.1251759e-07 
5.0944000e+04 7.1398830e-07 
5.1008000e+04 7.2281142e-07 
5.1072000e+04 7.2660208e-07 
5.1136000e+04 7.3069344e-07 
5.1200000e+04 7.3884877e-07 
