0.0000000e+00 1.4567592e-04 
6.4000000e+01 1.2617010e-04 
1.2800000e+02 1.0780740e-04 
1.9200000e+02 1.4995289e-04 
2.5600000e+02 1.9718710e-04 
3.2000000e+02 1.7052653e-04 
3.8400000e+02 1.1076769e-04 
4.4800000e+02 9.7891520e-05 
5.1200000e+02 1.0434725e-04 
5.7600000e+02 1.0709529e-04 
6.4000000e+02 1.0442978e-04 
7.0400000e+02 1.0484659e-04 
7.6800000e+02 1.0922138e-04 
8.3200000e+02 1.1159503e-04 
8.9600000e+02 1.1463220e-04 
9.6000000e+02 1.1671554e-04 
1.0240000e+03 1.1938391e-04 
1.0880000e+03 1.1931747e-04 
1.1520000e+03 1.1737756e-04 
1.2160000e+03 1.1369286e-04 
1.2800000e+03 1.1130728e-04 
1.3440000e+03 1.1450169e-04 
1.4080000e+03 1.1370435e-04 
1.4720000e+03 1.0656933e-04 
1.5360000e+03 1.0033555e-04 
1.6000000e+03 9.6808559e-05 
1.6640000e+03 9.3304174e-05 
1.7280000e+03 8.9587345e-05 
1.7920000e+03 8.6471395e-05 
1.8560000e+03 8.2901963e-05 
1.9200000e+03 8.0424412e-05 
1.9840000e+03 7.8127625e-05 
2.0480000e+03 7.5739685e-05 
2.1120000e+03 7.3216470e-05 
2.1760000e+03 7.0370348e-05 
2.2400000e+03 6.7768371e-05 
2.3040000e+03 6.5761713e-05 
2.3680000e+03 6.3606938e-05 
2.4320000e+03 6.3076433e-05 
2.4960000e+03 6.1153900e-05 
2.5600000e+03 5.7760255e-05 
2.6240000e+03 5.6209872e-05 
2.6880000e+03 5.5843186e-05 
2.7520000e+03 5.4520504e-05 
2.8160000e+03 5.2166473e-05 
2.8800000e+03 4.9251346e-05 
2.9440000e+03 4.6427951e-05 
3.0080000e+03 4.4651304e-05 
3.0720000e+03 4.3121712e-05 
3.1360000e+03 4.1589825e-05 
3.2000000e+03 3.9700361e-05 
3.2640000e+03 3.8164981e-05 
3.3280000e+03 3.6934434e-05 
3.3920000e+03 3.5772107e-05 
3.4560000e+03 3.5259258e-05 
3.5200000e+03 3.3894663e-05 
3.5840000e+03 3.2678363e-05 
3.6480000e+03 3.1975054e-05 
3.7120000e+03 3.0972675e-05 
3.7760000e+03 3.0084184e-05 
3.8400000e+03 2.8860781e-05 
3.9040000e+03 2.7979830e-05 
3.9680000e+03 2.7551727e-05 
4.0320000e+03 2.6837257e-05 
4.0960000e+03 2.6365746e-05 
4.1600000e+03 2.6180549e-05 
4.2240000e+03 2.5418027e-05 
4.2880000e+03 2.4486488e-05 
4.3520000e+03 2.3340681e-05 
4.4160000e+03 2.2557329e-05 
4.4800000e+03 2.2530894e-05 
4.5440000e+03 2.2422753e-05 
4.6080000e+03 2.1709575e-05 
4.6720000e+03 2.0998552e-05 
4.7360000e+03 2.0302967e-05 
4.8000000e+03 2.0065245e-05 
4.8640000e+03 2.0172778e-05 
4.9280000e+03 1.9961375e-05 
4.9920000e+03 1.9548734e-05 
5.0560000e+03 1.8968012e-05 
5.1200000e+03 1.8852199e-05 
5.1840000e+03 1.8709628e-05 
5.2480000e+03 1.8438217e-05 
5.3120000e+03 1.8217848e-05 
5.3760000e+03 1.7975426e-05 
5.4400000e+03 1.7400624e-05 
5.5040000e+03 1.7289502e-05 
5.5680000e+03 1.7095359e-05 
5.6320000e+03 1.6747681e-05 
5.6960000e+03 1.6882102e-05 
5.7600000e+03 1.6764219e-05 
5.8240000e+03 1.6410298e-05 
5.8880000e+03 1.6296750e-05 
5.9520000e+03 1.6261394e-05 
6.0160000e+03 1.5895175e-05 
6.0800000e+03 1.5539046e-05 
6.1440000e+03 1.5101876e-05 
6.2080000e+03 1.4631278e-05 
6.2720000e+03 1.4614580e-05 
6.3360000e+03 1.4427327e-05 
6.4000000e+03 1.4471892e-05 
6.4640000e+03 1.4546239e-05 
6.5280000e+03 1.4177041e-05 
6.5920000e+03 1.3917932e-05 
6.6560000e+03 1.4131288e-05 
6.7200000e+03 1.4074786e-05 
6.7840000e+03 1.3771791e-05 
6.8480000e+03 1.3354072e-05 
6.9120000e+03 1.3319279e-05 
6.9760000e+03 1.3401794e-05 
7.0400000e+03 1.3287554e-05 
7.1040000e+03 1.3115533e-05 
7.1680000e+03 1.2841334e-05 
7.2320000e+03 1.2348840e-05 
7.2960000e+03 1.2365827e-05 
7.3600000e+03 1.2360180e-05 
7.4240000e+03 1.2202965e-05 
7.4880000e+03 1.2337009e-05 
7.5520000e+03 1.2315477e-05 
7.6160000e+03 1.2365012e-05 
7.6800000e+03 1.2508251e-05 
7.7440000e+03 1.2195290e-05 
7.8080000e+03 1.1984435e-05 
7.8720000e+03 1.2081183e-05 
7.9360000e+03 1.1869316e-05 
8.0000000e+03 1.1554364e-05 
8.0640000e+03 1.1536186e-05 
8.1280000e+03 1.1639611e-05 
8.1920000e+03 1.1659693e-05 
8.2560000e+03 1.1466115e-05 
8.3200000e+03 1.1251857e-05 
8.3840000e+03 1.1203399e-05 
8.4480000e+03 1.1257926e-05 
8.5120000e+03 1.1270404e-05 
8.5760000e+03 1.1127441e-05 
8.6400000e+03 1.0997286e-05 
8.7040000e+03 1.1096549e-05 
8.7680000e+03 1.1197176e-05 
8.8320000e+03 1.1011204e-05 
8.8960000e+03 1.1098658e-05 
8.9600000e+03 1.1201344e-05 
9.0240000e+03 1.1056914e-05 
9.0880000e+03 1.0924897e-05 
9.1520000e+03 1.0959305e-05 
9.2160000e+03 1.0965889e-05 
9.2800000e+03 1.0916875e-05 
9.3440000e+03 1.0908955e-05 
9.4080000e+03 1.0760837e-05 
9.4720000e+03 1.0538215e-05 
9.5360000e+03 1.0592446e-05 
9.6000000e+03 1.0470262e-05 
9.6640000e+03 1.0245976e-05 
9.7280000e+03 1.0359969e-05 
9.7920000e+03 1.0342387e-05 
9.8560000e+03 1.0291052e-05 
9.9200000e+03 1.0259406e-05 
9.9840000e+03 1.0026485e-05 
1.0048000e+04 9.9553363e-06 
1.0112000e+04 9.9360295e-06 
1.0176000e+04 9.7943448e-06 
1.0240000e+04 9.5967325e-06 
1.0304000e+04 9.7055572e-06 
1.0368000e+04 9.9285271e-06 
1.0432000e+04 9.8256669e-06 
1.0496000e+04 9.5259238e-06 
1.0560000e+04 9.4183788e-06 
1.0624000e+04 9.3995559e-06 
1.0688000e+04 9.3824710e-06 
1.0752000e+04 9.3158415e-06 
1.0816000e+04 9.1389538e-06 
1.0880000e+04 9.0218100e-06 
1.0944000e+04 9.2296486e-06 
1.1008000e+04 9.1361853e-06 
1.1072000e+04 8.9153637e-06 
1.1136000e+04 8.8969309e-06 
1.1200000e+04 8.7981671e-06 
1.1264000e+04 8.6591490e-06 
1.1328000e+04 8.6413220e-06 
1.1392000e+04 8.6559930e-06 
1.1456000e+04 8.4983694e-06 
1.1520000e+04 8.3876212e-06 
1.1584000e+04 8.1960707e-06 
1.1648000e+04 8.1343551e-06 
1.1712000e+04 8.2856550e-06 
1.1776000e+04 8.4474177e-06 
1.1840000e+04 8.2853367e-06 
1.1904000e+04 7.9863621e-06 
1.1968000e+04 7.9292467e-06 
1.2032000e+04 7.8642279e-06 
1.2096000e+04 7.7912100e-06 
1.2160000e+04 7.7697850e-06 
1.2224000e+04 7.7615568e-06 
1.2288000e+04 7.8184776e-06 
1.2352000e+04 7.8070689e-06 
1.2416000e+04 7.8063404e-06 
1.2480000e+04 7.7759214e-06 
1.2544000e+04 7.7171326e-06 
1.2608000e+04 7.6979641e-06 
1.2672000e+04 7.6759361e-06 
1.2736000e+04 7.7289014e-06 
1.2800000e+04 7.6667802e-06 
1.2864000e+04 7.4212280e-06 
1.2928000e+04 7.3240908e-06 
1.2992000e+04 7.3737219e-06 
1.3056000e+04 7.2668108e-06 
1.3120000e+04 7.1513377e-06 
1.3184000e+04 7.1566083e-06 
1.3248000e+04 7.2152375e-06 
1.3312000e+04 7.2231637e-06 
1.3376000e+04 7.1446275e-06 
1.3440000e+04 7.0584538e-06 
1.3504000e+04 7.1158647e-06 
1.3568000e+04 7.2730850e-06 
1.3632000e+04 7.3053138e-06 
1.3696000e+04 7.1825539e-06 
1.3760000e+04 7.0762858e-06 
1.3824000e+04 6.9227954e-06 
1.3888000e+04 6.8679074e-06 
1.3952000e+04 6.9492817e-06 
1.4016000e+04 6.9810185e-06 
1.4080000e+04 6.8812974e-06 
1.4144000e+04 6.7370129e-06 
1.4208000e+04 6.6773046e-06 
1.4272000e+04 6.7274109e-06 
1.4336000e+04 6.8826498e-06 
1.4400000e+04 6.8542872e-06 
1.4464000e+04 6.5883128e-06 
1.4528000e+04 6.3710518e-06 
1.4592000e+04 6.4227729e-06 
1.4656000e+04 6.6189682e-06 
1.4720000e+04 6.6410103e-06 
1.4784000e+04 6.5729087e-06 
1.4848000e+04 6.5824706e-06 
1.4912000e+04 6.6274692e-06 
1.4976000e+04 6.5868376e-06 
1.5040000e+04 6.6771945e-06 
1.5104000e+04 6.7562796e-06 
1.5168000e+04 6.6483349e-06 
1.5232000e+04 6.4182541e-06 
1.5296000e+04 6.3153288e-06 
1.5360000e+04 6.4824967e-06 
1.5424000e+04 6.4962269e-06 
1.5488000e+04 6.3811958e-06 
1.5552000e+04 6.3091052e-06 
1.5616000e+04 6.2500867e-06 
1.5680000e+04 6.3375287e-06 
1.5744000e+04 6.4199317e-06 
1.5808000e+04 6.2905679e-06 
1.5872000e+04 6.1842825e-06 
1.5936000e+04 6.1734686e-06 
1.6000000e+04 6.1903152e-06 
1.6064000e+04 6.2165786e-06 
1.6128000e+04 6.2660965e-06 
1.6192000e+04 6.1045021e-06 
1.6256000e+04 5.9384756e-06 
1.6320000e+04 5.9908407e-06 
1.6384000e+04 6.0592615e-06 
1.6448000e+04 6.1186406e-06 
1.6512000e+04 6.0568200e-06 
1.6576000e+04 6.0690154e-06 
1.6640000e+04 6.1555529e-06 
1.6704000e+04 6.1675269e-06 
1.6768000e+04 6.0510042e-06 
1.6832000e+04 6.0076109e-06 
1.6896000e+04 5.9460699e-06 
1.6960000e+04 5.8922519e-06 
1.7024000e+04 5.9219110e-06 
1.7088000e+04 5.8877058e-06 
1.7152000e+04 5.8828787e-06 
1.7216000e+04 5.8314895e-06 
1.7280000e+04 5.7734196e-06 
1.7344000e+04 5.6790827e-06 
1.7408000e+04 5.6748813e-06 
1.7472000e+04 5.6460071e-06 
1.7536000e+04 5.5568075e-06 
1.7600000e+04 5.6321874e-06 
1.7664000e+04 5.6918543e-06 
1.7728000e+04 5.6207464e-06 
1.7792000e+04 5.6977133e-06 
1.7856000e+04 5.7129414e-06 
1.7920000e+04 5.6630179e-06 
1.7984000e+04 5.6467011e-06 
1.8048000e+04 5.5906371e-06 
1.8112000e+04 5.4724956e-06 
1.8176000e+04 5.4792049e-06 
1.8240000e+04 5.5903306e-06 
1.8304000e+04 5.6375579e-06 
1.8368000e+04 5.5050564e-06 
1.8432000e+04 5.4050179e-06 
1.8496000e+04 5.4902976e-06 
1.8560000e+04 5.5076257e-06 
1.8624000e+04 5.5755454e-06 
1.8688000e+04 5.6313897e-06 
1.8752000e+04 5.5023006e-06 
1.8816000e+04 5.4294578e-06 
1.8880000e+04 5.5355190e-06 
1.8944000e+04 5.5191394e-06 
1.9008000e+04 5.3758458e-06 
1.9072000e+04 5.3463850e-06 
1.9136000e+04 5.3454814e-06 
1.9200000e+04 5.2666878e-06 
1.9264000e+04 5.2436772e-06 
1.9328000e+04 5.3300855e-06 
1.9392000e+04 5.4090669e-06 
1.9456000e+04 5.3322569e-06 
1.9520000e+04 5.3081612e-06 
1.9584000e+04 5.2541718e-06 
1.9648000e+04 5.1881275e-06 
1.9712000e+04 5.2112832e-06 
1.9776000e+04 5.2603946e-06 
1.9840000e+04 5.2340138e-06 
1.9904000e+04 5.2621563e-06 
1.9968000e+04 5.2684231e-06 
2.0032000e+04 5.1797265e-06 
2.0096000e+04 5.2230721e-06 
2.0160000e+04 5.2315895e-06 
2.0224000e+04 5.1169600e-06 
2.0288000e+04 5.0264848e-06 
2.0352000e+04 4.9857395e-06 
2.0416000e+04 5.0187809e-06 
2.0480000e+04 5.1335664e-06 
2.0544000e+04 5.1635266e-06 
2.0608000e+04 5.0324711e-06 
2.0672000e+04 4.9838077e-06 
2.0736000e+04 5.0208423e-06 
2.0800000e+04 4.9749178e-06 
2.0864000e+04 4.9758191e-06 
2.0928000e+04 4.9598434e-06 
2.0992000e+04 4.9487194e-06 
2.1056000e+04 4.9597670e-06 
2.1120000e+04 4.8862407e-06 
2.1184000e+04 4.8076404e-06 
2.1248000e+04 4.7501339e-06 
2.1312000e+04 4.7532799e-06 
2.1376000e+04 4.7998606e-06 
2.1440000e+04 4.8123461e-06 
2.1504000e+04 4.8328161e-06 
2.1568000e+04 4.8392094e-06 
2.1632000e+04 4.8269194e-06 
2.1696000e+04 4.8799411e-06 
2.1760000e+04 4.9578939e-06 
2.1824000e+04 4.8212623e-06 
2.1888000e+04 4.7377530e-06 
2.1952000e+04 4.8238148e-06 
2.2016000e+04 4.8638562e-06 
2.2080000e+04 4.8350771e-06 
2.2144000e+04 4.8329330e-06 
2.2208000e+04 4.8790675e-06 
2.2272000e+04 4.8588604e-06 
2.2336000e+04 4.7127719e-06 
2.2400000e+04 4.6340915e-06 
2.2464000e+04 4.5943270e-06 
2.2528000e+04 4.5561192e-06 
2.2592000e+04 4.5435554e-06 
2.2656000e+04 4.5671632e-06 
2.2720000e+04 4.5939132e-06 
2.2784000e+04 4.6593150e-06 
2.2848000e+04 4.7014482e-06 
2.2912000e+04 4.7322524e-06 
2.2976000e+04 4.6618275e-06 
2.3040000e+04 4.5938682e-06 
2.3104000e+04 4.6840796e-06 
2.3168000e+04 4.6812879e-06 
2.3232000e+04 4.5882325e-06 
2.3296000e+04 4.4564958e-06 
2.3360000e+04 4.4394369e-06 
2.3424000e+04 4.4412750e-06 
2.3488000e+04 4.4032959e-06 
2.3552000e+04 4.5135735e-06 
2.3616000e+04 4.5379916e-06 
2.3680000e+04 4.5028078e-06 
2.3744000e+04 4.5285892e-06 
2.3808000e+04 4.5557990e-06 
2.3872000e+04 4.5780625e-06 
2.3936000e+04 4.5481424e-06 
2.4000000e+04 4.4704725e-06 
2.4064000e+04 4.4153117e-06 
2.4128000e+04 4.4585072e-06 
2.4192000e+04 4.3969521e-06 
2.4256000e+04 4.4755802e-06 
2.4320000e+04 4.5848888e-06 
2.4384000e+04 4.4555759e-06 
2.4448000e+04 4.3288978e-06 
2.4512000e+04 4.2799456e-06 
2.4576000e+04 4.2961369e-06 
2.4640000e+04 4.3490163e-06 
2.4704000e+04 4.3751133e-06 
2.4768000e+04 4.3447349e-06 
2.4832000e+04 4.3477316e-06 
2.4896000e+04 4.3692280e-06 
2.4960000e+04 4.3847217e-06 
2.5024000e+04 4.4430749e-06 
2.5088000e+04 4.4350036e-06 
2.5152000e+04 4.4343901e-06 
2.5216000e+04 4.3249165e-06 
2.5280000e+04 4.2519646e-06 
2.5344000e+04 4.2837864e-06 
2.5408000e+04 4.2103679e-06 
2.5472000e+04 4.1322232e-06 
2.5536000e+04 4.1648450e-06 
2.5600000e+04 4.2362699e-06 
2.5664000e+04 4.2523193e-06 
2.5728000e+04 4.2110564e-06 
2.5792000e+04 4.2127122e-06 
2.5856000e+04 4.1665007e-06 
2.5920000e+04 4.1461572e-06 
2.5984000e+04 4.1422713e-06 
2.6048000e+04 4.1599551e-06 
2.6112000e+04 4.1974990e-06 
2.6176000e+04 4.2514885e-06 
2.6240000e+04 4.3020136e-06 
2.6304000e+04 4.2750798e-06 
2.6368000e+04 4.1603480e-06 
2.6432000e+04 4.0769096e-06 
2.6496000e+04 4.1081926e-06 
2.6560000e+04 4.1145440e-06 
2.6624000e+04 4.0914069e-06 
2.6688000e+04 4.1616499e-06 
2.6752000e+04 4.2007773e-06 
2.6816000e+04 4.2026363e-06 
2.6880000e+04 4.1154613e-06 
2.6944000e+04 3.9359138e-06 
2.7008000e+04 3.8685080e-06 
2.7072000e+04 3.9019219e-06 
2.7136000e+04 3.9748384e-06 
2.7200000e+04 4.0347563e-06 
2.7264000e+04 4.0511986e-06 
2.7328000e+04 4.0307937e-06 
2.7392000e+04 4.0193299e-06 
2.7456000e+04 4.0032323e-06 
2.7520000e+04 3.9623587e-06 
2.7584000e+04 3.9626284e-06 
2.7648000e+04 4.0092586e-06 
2.7712000e+04 3.9427259e-06 
2.7776000e+04 3.8833514e-06 
2.7840000e+04 3.8675653e-06 
2.7904000e+04 3.8563708e-06 
2.7968000e+04 3.8813992e-06 
2.8032000e+04 3.9053375e-06 
2.8096000e+04 3.9216270e-06 
2.8160000e+04 3.8628546e-06 
2.8224000e+04 3.8697485e-06 
2.8288000e+04 3.9526212e-06 
2.8352000e+04 3.8564722e-06 
2.8416000e+04 3.7870284e-06 
2.8480000e+04 3.8299981e-06 
2.8544000e+04 3.7825321e-06 
2.8608000e+04 3.7740654e-06 
2.8672000e+04 3.8571920e-06 
2.8736000e+04 3.8206317e-06 
2.8800000e+04 3.7831594e-06 
2.8864000e+04 3.7983593e-06 
2.8928000e+04 3.8194280e-06 
2.8992000e+04 3.8435796e-06 
2.9056000e+04 3.8116027e-06 
2.9120000e+04 3.7560706e-06 
2.9184000e+04 3.7067280e-06 
2.9248000e+04 3.7460502e-06 
2.9312000e+04 3.7171653e-06 
2.9376000e+04 3.7008720e-06 
2.9440000e+04 3.7390153e-06 
2.9504000e+04 3.8061828e-06 
2.9568000e+04 3.8422168e-06 
2.9632000e+04 3.7648815e-06 
2.9696000e+04 3.7171451e-06 
2.9760000e+04 3.7725283e-06 
2.9824000e+04 3.6868271e-06 
2.9888000e+04 3.5568921e-06 
2.9952000e+04 3.5479407e-06 
3.0016000e+04 3.6466688e-06 
3.0080000e+04 3.6572383e-06 
3.0144000e+04 3.5771086e-06 
3.0208000e+04 3.5849448e-06 
3.0272000e+04 3.6374277e-06 
3.0336000e+04 3.6971599e-06 
3.0400000e+04 3.6762044e-06 
3.0464000e+04 3.6643889e-06 
3.0528000e+04 3.6082233e-06 
3.0592000e+04 3.5630053e-06 
3.0656000e+04 3.6304293e-06 
3.0720000e+04 3.6321994e-06 
3.0784000e+04 3.5822652e-06 
3.0848000e+04 3.5541086e-06 
3.0912000e+04 3.5664925e-06 
3.0976000e+04 3.5598262e-06 
3.1040000e+04 3.6370641e-06 
3.1104000e+04 3.6372837e-06 
3.1168000e+04 3.6005499e-06 
3.1232000e+04 3.6136551e-06 
3.1296000e+04 3.6129686e-06 
3.1360000e+04 3.5492733e-06 
3.1424000e+04 3.5263593e-06 
3.1488000e+04 3.5250587e-06 
3.1552000e+04 3.4672464e-06 
3.1616000e+04 3.5153805e-06 
3.1680000e+04 3.5942223e-06 
3.1744000e+04 3.5921826e-06 
3.1808000e+04 3.5064488e-06 
3.1872000e+04 3.4197901e-06 
3.1936000e+04 3.4244792e-06 
3.2000000e+04 3.4155009e-06 
3.2064000e+04 3.4419206e-06 
3.2128000e+04 3.4714365e-06 
3.2192000e+04 3.5006981e-06 
3.2256000e+04 3.4424536e-06 
3.2320000e+04 3.3758026e-06 
3.2384000e+04 3.4439961e-06 
3.2448000e+04 3.5178709e-06 
3.2512000e+04 3.5050400e-06 
3.2576000e+04 3.4426123e-06 
3.2640000e+04 3.3858325e-06 
3.2704000e+04 3.3792514e-06 
3.2768000e+04 3.3954968e-06 
3.2832000e+04 3.3888934e-06 
3.2896000e+04 3.3537658e-06 
3.2960000e+04 3.3555411e-06 
3.3024000e+04 3.3308265e-06 
3.3088000e+04 3.3074086e-06 
3.3152000e+04 3.3537951e-06 
3.3216000e+04 3.4522454e-06 
3.3280000e+04 3.4944194e-06 
3.3344000e+04 3.4617308e-06 
3.3408000e+04 3.3511781e-06 
3.3472000e+04 3.2463081e-06 
3.3536000e+04 3.2790715e-06 
3.3600000e+04 3.3255571e-06 
3.3664000e+04 3.3388415e-06 
3.3728000e+04 3.3876954e-06 
3.3792000e+04 3.3451161e-06 
3.3856000e+04 3.2418770e-06 
3.3920000e+04 3.3002009e-06 
3.3984000e+04 3.3059093e-06 
3.4048000e+04 3.2910318e-06 
3.4112000e+04 3.3109293e-06 
3.4176000e+04 3.3139843e-06 
3.4240000e+04 3.3108349e-06 
3.4304000e+04 3.3642841e-06 
3.4368000e+04 3.3737722e-06 
3.4432000e+04 3.3137587e-06 
3.4496000e+04 3.2273692e-06 
3.4560000e+04 3.1875609e-06 
3.4624000e+04 3.2598164e-06 
3.4688000e+04 3.2855366e-06 
3.4752000e+04 3.2397563e-06 
3.4816000e+04 3.2102853e-06 
3.4880000e+04 3.2034582e-06 
3.4944000e+04 3.1359068e-06 
3.5008000e+04 3.0671927e-06 
3.5072000e+04 3.1025329e-06 
3.5136000e+04 3.1323866e-06 
3.5200000e+04 3.1813408e-06 
3.5264000e+04 3.2654584e-06 
3.5328000e+04 3.2186995e-06 
3.5392000e+04 3.1608372e-06 
3.5456000e+04 3.1663531e-06 
3.5520000e+04 3.1911784e-06 
3.5584000e+04 3.2137450e-06 
3.5648000e+04 3.1454933e-06 
3.5712000e+04 3.1234986e-06 
3.5776000e+04 3.1784257e-06 
3.5840000e+04 3.2228970e-06 
3.5904000e+04 3.2039154e-06 
3.5968000e+04 3.1865111e-06 
3.6032000e+04 3.1489869e-06 
3.6096000e+04 3.1498271e-06 
3.6160000e+04 3.1587347e-06 
3.6224000e+04 3.1722720e-06 
3.6288000e+04 3.1132133e-06 
3.6352000e+04 3.0397687e-06 
3.6416000e+04 3.0929348e-06 
3.6480000e+04 3.1183208e-06 
3.6544000e+04 3.0604917e-06 
3.6608000e+04 3.0678293e-06 
3.6672000e+04 3.0776400e-06 
3.6736000e+04 3.1255190e-06 
3.6800000e+04 3.1657828e-06 
3.6864000e+04 3.1192180e-06 
3.6928000e+04 3.0545161e-06 
3.6992000e+04 3.0286717e-06 
3.7056000e+04 3.1028633e-06 
3.7120000e+04 3.1417035e-06 
3.7184000e+04 3.1438638e-06 
3.7248000e+04 3.1097015e-06 
3.7312000e+04 3.0266904e-06 
3.7376000e+04 3.0013416e-06 
3.7440000e+04 3.0201675e-06 
3.7504000e+04 3.0667618e-06 
3.7568000e+04 3.0512044e-06 
3.7632000e+04 3.0169392e-06 
3.7696000e+04 3.0196734e-06 
3.7760000e+04 3.0098524e-06 
3.7824000e+04 3.0435624e-06 
3.7888000e+04 3.0668559e-06 
3.7952000e+04 3.0510839e-06 
3.8016000e+04 3.0404897e-06 
3.8080000e+04 3.0303515e-06 
3.8144000e+04 3.0227284e-06 
3.8208000e+04 3.0212022e-06 
3.8272000e+04 2.9903060e-06 
3.8336000e+04 2.9705996e-06 
3.8400000e+04 2.9375622e-06 
3.8464000e+04 2.9491023e-06 
3.8528000e+04 2.9014241e-06 
3.8592000e+04 2.8360505e-06 
3.8656000e+04 2.8669074e-06 
3.8720000e+04 2.9227213e-06 
3.8784000e+04 2.9395690e-06 
3.8848000e+04 2.9344480e-06 
3.8912000e+04 2.9451321e-06 
3.8976000e+04 2.9402759e-06 
3.9040000e+04 2.9382138e-06 
3.9104000e+04 2.9992564e-06 
3.9168000e+04 3.0448193e-06 
3.9232000e+04 2.9879200e-06 
3.9296000e+04 2.9235719e-06 
3.9360000e+04 2.9334817e-06 
3.9424000e+04 2.9872574e-06 
3.9488000e+04 3.0105828e-06 
3.9552000e+04 3.0100241e-06 
3.9616000e+04 2.9647379e-06 
3.9680000e+04 2.9119813e-06 
3.9744000e+04 2.9443624e-06 
3.9808000e+04 2.9719306e-06 
3.9872000e+04 2.9830719e-06 
3.9936000e+04 2.9189789e-06 
4.0000000e+04 2.8721249e-06 
4.0064000e+04 2.9198250e-06 
4.0128000e+04 2.9423977e-06 
4.0192000e+04 2.8945640e-06 
4.0256000e+04 2.8282052e-06 
4.0320000e+04 2.8605434e-06 
4.0384000e+04 2.8810693e-06 
4.0448000e+04 2.8770548e-06 
4.0512000e+04 2.9002870e-06 
4.0576000e+04 2.8708669e-06 
4.0640000e+04 2.8833099e-06 
4.0704000e+04 2.9179919e-06 
4.0768000e+04 2.8574295e-06 
4.0832000e+04 2.8699371e-06 
4.0896000e+04 2.9171142e-06 
4.0960000e+04 2.8913366e-06 
4.1024000e+04 2.8745226e-06 
4.1088000e+04 2.8447453e-06 
4.1152000e+04 2.7770730e-06 
4.1216000e+04 2.7443250e-06 
4.1280000e+04 2.7462270e-06 
4.1344000e+04 2.7566675e-06 
4.1408000e+04 2.7588505e-06 
4.1472000e+04 2.7598867e-06 
4.1536000e+04 2.7876492e-06 
4.1600000e+04 2.7738672e-06 
4.1664000e+04 2.6861430e-06 
4.1728000e+04 2.7125470e-06 
4.1792000e+04 2.7909261e-06 
4.1856000e+04 2.7573001e-06 
4.1920000e+04 2.7343367e-06 
4.1984000e+04 2.7196684e-06 
4.2048000e+04 2.7166004e-06 
4.2112000e+04 2.7351173e-06 
4.2176000e+04 2.7594383e-06 
4.2240000e+04 2.7439244e-06 
4.2304000e+04 2.6851139e-06 
4.2368000e+04 2.6655889e-06 
4.2432000e+04 2.7775670e-06 
4.2496000e+04 2.8101902e-06 
4.2560000e+04 2.7518170e-06 
4.2624000e+04 2.7424696e-06 
4.2688000e+04 2.7395895e-06 
4.2752000e+04 2.7006986e-06 
4.2816000e+04 2.7373585e-06 
4.2880000e+04 2.7641779e-06 
4.2944000e+04 2.7144715e-06 
4.3008000e+04 2.6735174e-06 
4.3072000e+04 2.6854766e-06 
4.3136000e+04 2.6784653e-06 
4.3200000e+04 2.6902987e-06 
4.3264000e+04 2.7677190e-06 
4.3328000e+04 2.8126349e-06 
4.3392000e+04 2.8207839e-06 
4.3456000e+04 2.7642357e-06 
4.3520000e+04 2.6896164e-06 
4.3584000e+04 2.6557179e-06 
4.3648000e+04 2.6934820e-06 
4.3712000e+04 2.7060087e-06 
4.3776000e+04 2.7016536e-06 
4.3840000e+04 2.6933697e-06 
4.3904000e+04 2.6854411e-06 
4.3968000e+04 2.7015024e-06 
4.4032000e+04 2.6939256e-06 
4.4096000e+04 2.6959790e-06 
4.4160000e+04 2.7140366e-06 
4.4224000e+04 2.7001649e-06 
4.4288000e+04 2.7257518e-06 
4.4352000e+04 2.6791151e-06 
4.4416000e+04 2.5734814e-06 
4.4480000e+04 2.5369791e-06 
4.4544000e+04 2.5919303e-06 
4.4608000e+04 2.6254847e-06 
4.4672000e+04 2.5976797e-06 
4.4736000e+04 2.6056521e-06 
4.4800000e+04 2.6136090e-06 
4.4864000e+04 2.6377270e-06 
4.4928000e+04 2.6851403e-06 
4.4992000e+04 2.7005710e-06 
4.5056000e+04 2.6978860e-06 
4.5120000e+04 2.6399869e-06 
4.5184000e+04 2.6236030e-06 
4.5248000e+04 2.6390248e-06 
4.5312000e+04 2.6107869e-06 
4.5376000e+04 2.5688544e-06 
4.5440000e+04 2.5463949e-06 
4.5504000e+04 2.6054720e-06 
4.5568000e+04 2.6426201e-06 
4.5632000e+04 2.6026501e-06 
4.5696000e+04 2.5546224e-06 
4.5760000e+04 2.5123531e-06 
4.5824000e+04 2.5321149e-06 
4.5888000e+04 2.6000394e-06 
4.5952000e+04 2.5862307e-06 
4.6016000e+04 2.5708125e-06 
4.6080000e+04 2.5754262e-06 
4.6144000e+04 2.5500992e-06 
4.6208000e+04 2.4937722e-06 
4.6272000e+04 2.4901606e-06 
4.6336000e+04 2.5103789e-06 
4.6400000e+04 2.5336444e-06 
4.6464000e+04 2.5712247e-06 
4.6528000e+04 2.5717104e-06 
4.6592000e+04 2.5190955e-06 
4.6656000e+04 2.5181996e-06 
4.6720000e+04 2.5205618e-06 
4.6784000e+04 2.5217466e-06 
4.6848000e+04 2.5251240e-06 
4.6912000e+04 2.5053455e-06 
4.6976000e+04 2.4744754e-06 
4.7040000e+04 2.4748015e-06 
4.7104000e+04 2.5012337e-06 
4.7168000e+04 2.5343872e-06 
4.7232000e+04 2.4975234e-06 
4.7296000e+04 2.4579904e-06 
4.7360000e+04 2.4524452e-06 
4.7424000e+04 2.4574426e-06 
4.7488000e+04 2.4715214e-06 
4.7552000e+04 2.4774224e-06 
4.7616000e+04 2.4846711e-06 
4.7680000e+04 2.4759647e-06 
4.7744000e+04 2.4525987e-06 
4.7808000e+04 2.4397900e-06 
4.7872000e+04 2.4348715e-06 
4.7936000e+04 2.4585411e-06 
4.8000000e+04 2.4927319e-06 
4.8064000e+04 2.4585329e-06 
4.8128000e+04 2.3966827e-06 
4.8192000e+04 2.3565792e-06 
4.8256000e+04 2.3793621e-06 
4.8320000e+04 2.3884761e-06 
4.8384000e+04 2.4281865e-06 
4.8448000e+04 2.4333829e-06 
4.8512000e+04 2.4032995e-06 
4.8576000e+04 2.4509620e-06 
4.8640000e+04 2.4993449e-06 
4.8704000e+04 2.4963995e-06 
4.8768000e+04 2.4635779e-06 
4.8832000e+04 2.4492833e-06 
4.8896000e+04 2.4839292e-06 
4.8960000e+04 2.4631829e-06 
4.9024000e+04 2.3936243e-06 
4.9088000e+04 2.3690238e-06 
4.9152000e+04 2.3567188e-06 
4.9216000e+04 2.3610389e-06 
4.9280000e+04 2.4087703e-06 
4.9344000e+04 2.4500418e-06 
4.9408000e+04 2.4383842e-06 
4.9472000e+04 2.4091221e-06 
4.9536000e+04 2.4182013e-06 
4.9600000e+04 2.4041783e-06 
4.9664000e+04 2.3710093e-06 
4.9728000e+04 2.3180066e-06 
4.9792000e+04 2.2787167e-06 
4.9856000e+04 2.3380821e-06 
4.9920000e+04 2.3822167e-06 
4.9984000e+04 2.3398593e-06 
5.0048000e+04 2.3419566e-06 
5.0112000e+04 2.3829675e-06 
5.0176000e+04 2.3481721e-06 
5.0240000e+04 2.3281045e-06 
5.0304000e+04 2.3422317e-06 
5.0368000e+04 2.3353907e-06 
5.0432000e+04 2.3528355e-06 
5.0496000e+04 2.3415735e-06 
5.0560000e+04 2.3189893e-06 
5.0624000e+04 2.3695206e-06 
5.0688000e+04 2.3877892e-06 
5.0752000e+04 2.3170830e-06 
5.0816000e+04 2.2816985e-06 
5.0880000e+04 2.2863831e-06 
5.0944000e+04 2.2936367e-06 
5.1008000e+04 2.2810045e-06 
5.1072000e+04 2.2961187e-06 
5.1136000e+04 2.3401726e-06 
5.1200000e+04 2.3638818e-06 
