0.0000000e+00 3.5938337e+00 
2.5012213e+01 3.5937517e+00 
5.0024426e+01 3.5961475e+00 
7.5036639e+01 3.5958614e+00 
1.0004885e+02 3.5976803e+00 
1.2506106e+02 3.5967276e+00 
1.5007328e+02 3.5951014e+00 
1.7508549e+02 3.5944664e+00 
2.0009770e+02 3.5924163e+00 
2.2510992e+02 3.5940428e+00 
2.5012213e+02 3.5937872e+00 
2.7513434e+02 3.5929785e+00 
3.0014656e+02 3.5940201e+00 
3.2515877e+02 3.5942726e+00 
3.5017098e+02 3.5956318e+00 
3.7518319e+02 3.5955639e+00 
4.0019541e+02 3.5952287e+00 
4.2520762e+02 3.5974784e+00 
4.5021983e+02 3.5945208e+00 
4.7523205e+02 3.5942943e+00 
5.0024426e+02 3.5942702e+00 
5.2525647e+02 3.5931041e+00 
5.5026869e+02 3.5929956e+00 
5.7528090e+02 3.5930851e+00 
6.0029311e+02 3.5955262e+00 
6.2530532e+02 3.5964634e+00 
6.5031754e+02 3.5948687e+00 
6.7532975e+02 3.5952022e+00 
7.0034196e+02 3.5966120e+00 
7.2535418e+02 3.5980918e+00 
7.5036639e+02 3.5992782e+00 
7.7537860e+02 3.5988507e+00 
8.0039082e+02 3.6000571e+00 
8.2540303e+02 3.6002865e+00 
8.5041524e+02 3.6030912e+00 
8.7542745e+02 3.6024108e+00 
9.0043967e+02 3.6022961e+00 
9.2545188e+02 3.6035733e+00 
9.5046409e+02 3.6038089e+00 
9.7547631e+02 3.6027234e+00 
1.0004885e+03 3.6047461e+00 
1.0255007e+03 3.6035535e+00 
1.0505129e+03 3.6003325e+00 
1.0755252e+03 3.6008019e+00 
1.1005374e+03 3.6021419e+00 
1.1255496e+03 3.6009715e+00 
1.1505618e+03 3.6024389e+00 
1.1755740e+03 3.6011276e+00 
1.2005862e+03 3.6011844e+00 
1.2255984e+03 3.6013405e+00 
1.2506106e+03 3.6007283e+00 
1.2756229e+03 3.5988786e+00 
1.3006351e+03 3.5993042e+00 
1.3256473e+03 3.5973363e+00 
1.3506595e+03 3.5959749e+00 
1.3756717e+03 3.5957258e+00 
1.4006839e+03 3.5948198e+00 
1.4256961e+03 3.5929978e+00 
1.4507084e+03 3.5913265e+00 
1.4757206e+03 3.5916433e+00 
1.5007328e+03 3.5901332e+00 
1.5257450e+03 3.5906343e+00 
1.5507572e+03 3.5931723e+00 
1.5757694e+03 3.5922182e+00 
1.6007816e+03 3.5925145e+00 
1.6257938e+03 3.5923774e+00 
1.6508061e+03 3.5903556e+00 
1.6758183e+03 3.5912154e+00 
1.7008305e+03 3.5921373e+00 
1.7258427e+03 3.5950675e+00 
1.7508549e+03 3.5927887e+00 
1.7758671e+03 3.5923674e+00 
1.8008793e+03 3.5921655e+00 
1.8258915e+03 3.5932033e+00 
1.8509038e+03 3.5936620e+00 
1.8759160e+03 3.5935895e+00 
1.9009282e+03 3.5928295e+00 
1.9259404e+03 3.5915329e+00 
1.9509526e+03 3.5929480e+00 
1.9759648e+03 3.5927320e+00 
2.0009770e+03 3.5942411e+00 
2.0259893e+03 3.5942676e+00 
2.0510015e+03 3.5949106e+00 
2.0760137e+03 3.5954015e+00 
2.1010259e+03 3.5963554e+00 
2.1260381e+03 3.5986030e+00 
2.1510503e+03 3.5983551e+00 
2.1760625e+03 3.5985575e+00 
2.2010747e+03 3.5968850e+00 
2.2260870e+03 3.5963223e+00 
2.2510992e+03 3.5973630e+00 
2.2761114e+03 3.5950611e+00 
2.3011236e+03 3.5931973e+00 
2.3261358e+03 3.5914323e+00 
2.3511480e+03 3.5904005e+00 
2.3761602e+03 3.5912337e+00 
2.4011724e+03 3.5924480e+00 
2.4261847e+03 3.5931456e+00 
2.4511969e+03 3.5930889e+00 
2.4762091e+03 3.5933335e+00 
2.5012213e+03 3.5938854e+00 
2.5262335e+03 3.5944877e+00 
2.5512457e+03 3.5956576e+00 
2.5762579e+03 3.5969522e+00 
2.6012702e+03 3.5970311e+00 
2.6262824e+03 3.5942509e+00 
2.6512946e+03 3.5954981e+00 
2.6763068e+03 3.5960114e+00 
2.7013190e+03 3.5941384e+00 
2.7263312e+03 3.5949776e+00 
2.7513434e+03 3.5971131e+00 
2.7763556e+03 3.5958440e+00 
2.8013679e+03 3.5978398e+00 
2.8263801e+03 3.5973299e+00 
2.8513923e+03 3.5971527e+00 
2.8764045e+03 3.5990608e+00 
2.9014167e+03 3.5994496e+00 
2.9264289e+03 3.5991871e+00 
2.9514411e+03 3.5989811e+00 
2.9764533e+03 3.6004736e+00 
3.0014656e+03 3.5998294e+00 
3.0264778e+03 3.6001806e+00 
3.0514900e+03 3.6011562e+00 
3.0765022e+03 3.6004639e+00 
3.1015144e+03 3.6015799e+00 
3.1265266e+03 3.6014211e+00 
3.1515388e+03 3.6025815e+00 
3.1765511e+03 3.6016486e+00 
3.2015633e+03 3.6004224e+00 
3.2265755e+03 3.6009343e+00 
3.2515877e+03 3.5973446e+00 
3.2765999e+03 3.6001239e+00 
3.3016121e+03 3.6006372e+00 
3.3266243e+03 3.5993180e+00 
3.3516365e+03 3.5997760e+00 
3.3766488e+03 3.5973818e+00 
3.4016610e+03 3.5986853e+00 
3.4266732e+03 3.5976388e+00 
3.4516854e+03 3.5981615e+00 
3.4766976e+03 3.5972874e+00 
3.5017098e+03 3.5967636e+00 
3.5267220e+03 3.5977352e+00 
3.5517342e+03 3.5965855e+00 
3.5767465e+03 3.5970614e+00 
3.6017587e+03 3.5977645e+00 
3.6267709e+03 3.5988460e+00 
3.6517831e+03 3.5992696e+00 
3.6767953e+03 3.5994012e+00 
3.7018075e+03 3.5991170e+00 
3.7268197e+03 3.6011789e+00 
3.7518319e+03 3.5999501e+00 
3.7768442e+03 3.5979970e+00 
3.8018564e+03 3.5966699e+00 
3.8268686e+03 3.5959294e+00 
3.8518808e+03 3.5957410e+00 
3.8768930e+03 3.5957327e+00 
3.9019052e+03 3.5947387e+00 
3.9269174e+03 3.5944595e+00 
3.9519297e+03 3.5932200e+00 
3.9769419e+03 3.5905058e+00 
4.0019541e+03 3.5910130e+00 
4.0269663e+03 3.5951147e+00 
4.0519785e+03 3.5940280e+00 
4.0769907e+03 3.5938110e+00 
4.1020029e+03 3.5942874e+00 
4.1270151e+03 3.5949869e+00 
4.1520274e+03 3.5961401e+00 
4.1770396e+03 3.5945251e+00 
4.2020518e+03 3.5952890e+00 
4.2270640e+03 3.5965548e+00 
4.2520762e+03 3.5928779e+00 
4.2770884e+03 3.5944834e+00 
4.3021006e+03 3.5924268e+00 
4.3271128e+03 3.5947897e+00 
4.3521251e+03 3.5943224e+00 
4.3771373e+03 3.5944350e+00 
4.4021495e+03 3.5940127e+00 
4.4271617e+03 3.5943234e+00 
4.4521739e+03 3.5950639e+00 
4.4771861e+03 3.5961106e+00 
4.5021983e+03 3.5959477e+00 
4.5272106e+03 3.5972607e+00 
4.5522228e+03 3.5980494e+00 
4.5772350e+03 3.5974898e+00 
4.6022472e+03 3.5974543e+00 
4.6272594e+03 3.5993824e+00 
4.6522716e+03 3.5992713e+00 
4.6772838e+03 3.5999086e+00 
4.7022960e+03 3.6002543e+00 
4.7273083e+03 3.5996327e+00 
4.7523205e+03 3.5982993e+00 
4.7773327e+03 3.5974169e+00 
4.8023449e+03 3.5959246e+00 
4.8273571e+03 3.5950389e+00 
4.8523693e+03 3.5957587e+00 
4.8773815e+03 3.5948687e+00 
4.9023937e+03 3.5959437e+00 
4.9274060e+03 3.5941019e+00 
4.9524182e+03 3.5916340e+00 
4.9774304e+03 3.5923395e+00 
5.0024426e+03 3.5912230e+00 
5.0274548e+03 3.5913205e+00 
5.0524670e+03 3.5904222e+00 
5.0774792e+03 3.5890427e+00 
5.1024915e+03 3.5886652e+00 
5.1275037e+03 3.5865560e+00 
5.1525159e+03 3.5857754e+00 
5.1775281e+03 3.5837321e+00 
5.2025403e+03 3.5839097e+00 
5.2275525e+03 3.5845304e+00 
5.2525647e+03 3.5845723e+00 
5.2775769e+03 3.5862625e+00 
5.3025892e+03 3.5870349e+00 
5.3276014e+03 3.5878277e+00 
5.3526136e+03 3.5861681e+00 
5.3776258e+03 3.5853620e+00 
5.4026380e+03 3.5868394e+00 
5.4276502e+03 3.5855637e+00 
5.4526624e+03 3.5852025e+00 
5.4776746e+03 3.5842521e+00 
5.5026869e+03 3.5836864e+00 
5.5276991e+03 3.5834115e+00 
5.5527113e+03 3.5816965e+00 
5.5777235e+03 3.5817981e+00 
5.6027357e+03 3.5837295e+00 
5.6277479e+03 3.5850585e+00 
5.6527601e+03 3.5811896e+00 
5.6777723e+03 3.5843771e+00 
5.7027846e+03 3.5844915e+00 
5.7277968e+03 3.5845561e+00 
5.7528090e+03 3.5867567e+00 
5.7778212e+03 3.5871224e+00 
5.8028334e+03 3.5873003e+00 
5.8278456e+03 3.5867784e+00 
5.8528578e+03 3.5863330e+00 
5.8778701e+03 3.5871127e+00 
5.9028823e+03 3.5865083e+00 
5.9278945e+03 3.5862708e+00 
5.9529067e+03 3.5850697e+00 
5.9779189e+03 3.5875809e+00 
6.0029311e+03 3.5859544e+00 
6.0279433e+03 3.5868547e+00 
6.0529555e+03 3.5874321e+00 
6.0779678e+03 3.5864496e+00 
6.1029800e+03 3.5888071e+00 
6.1279922e+03 3.5901036e+00 
6.1530044e+03 3.5898144e+00 
6.1780166e+03 3.5924163e+00 
6.2030288e+03 3.5960016e+00 
6.2280410e+03 3.5939841e+00 
6.2530532e+03 3.5928950e+00 
6.2780655e+03 3.5951838e+00 
6.3030777e+03 3.5952563e+00 
6.3280899e+03 3.5953619e+00 
6.3531021e+03 3.5955071e+00 
6.3781143e+03 3.5952282e+00 
6.4031265e+03 3.5946465e+00 
6.4281387e+03 3.5945094e+00 
6.4531510e+03 3.5936515e+00 
6.4781632e+03 3.5939007e+00 
6.5031754e+03 3.5940418e+00 
6.5281876e+03 3.5953209e+00 
6.5531998e+03 3.5954413e+00 
6.5782120e+03 3.5958445e+00 
6.6032242e+03 3.5947857e+00 
6.6282364e+03 3.5943041e+00 
6.6532487e+03 3.5928793e+00 
6.6782609e+03 3.5941272e+00 
6.7032731e+03 3.5941684e+00 
6.7282853e+03 3.5963233e+00 
6.7532975e+03 3.5981159e+00 
6.7783097e+03 3.5983541e+00 
6.8033219e+03 3.5974746e+00 
6.8283341e+03 3.5989482e+00 
6.8533464e+03 3.5995235e+00 
6.8783586e+03 3.6010866e+00 
6.9033708e+03 3.6001589e+00 
6.9283830e+03 3.5991323e+00 
6.9533952e+03 3.5985787e+00 
6.9784074e+03 3.5987206e+00 
7.0034196e+03 3.5971942e+00 
7.0284319e+03 3.5978084e+00 
7.0534441e+03 3.5963905e+00 
7.0784563e+03 3.5972915e+00 
7.1034685e+03 3.5961623e+00 
7.1284807e+03 3.5964990e+00 
7.1534929e+03 3.5945988e+00 
7.1785051e+03 3.5952494e+00 
7.2035173e+03 3.5937572e+00 
7.2285296e+03 3.5935678e+00 
7.2535418e+03 3.5932777e+00 
7.2785540e+03 3.5940709e+00 
7.3035662e+03 3.5918381e+00 
7.3285784e+03 3.5920258e+00 
7.3535906e+03 3.5940540e+00 
7.3786028e+03 3.5922902e+00 
7.4036150e+03 3.5906513e+00 
7.4286273e+03 3.5901008e+00 
7.4536395e+03 3.5905373e+00 
7.4786517e+03 3.5882511e+00 
7.5036639e+03 3.5898693e+00 
7.5286761e+03 3.5891347e+00 
7.5536883e+03 3.5894485e+00 
7.5787005e+03 3.5899954e+00 
7.6037128e+03 3.5898993e+00 
7.6287250e+03 3.5905118e+00 
7.6537372e+03 3.5878153e+00 
7.6787494e+03 3.5879540e+00 
7.7037616e+03 3.5845308e+00 
7.7287738e+03 3.5852728e+00 
7.7537860e+03 3.5852690e+00 
7.7787982e+03 3.5857959e+00 
7.8038105e+03 3.5858254e+00 
7.8288227e+03 3.5869098e+00 
7.8538349e+03 3.5883672e+00 
7.8788471e+03 3.5873258e+00 
7.9038593e+03 3.5884438e+00 
7.9288715e+03 3.5888815e+00 
7.9538837e+03 3.5868099e+00 
7.9788959e+03 3.5861242e+00 
8.0039082e+03 3.5870225e+00 
8.0289204e+03 3.5861011e+00 
8.0539326e+03 3.5866151e+00 
8.0789448e+03 3.5878491e+00 
8.1039570e+03 3.5895903e+00 
8.1289692e+03 3.5904329e+00 
8.1539814e+03 3.5890017e+00 
8.1789936e+03 3.5890710e+00 
8.2040059e+03 3.5900416e+00 
8.2290181e+03 3.5910184e+00 
8.2540303e+03 3.5890913e+00 
8.2790425e+03 3.5902236e+00 
8.3040547e+03 3.5915561e+00 
8.3290669e+03 3.5915389e+00 
8.3540791e+03 3.5926702e+00 
8.3790914e+03 3.5912549e+00 
8.4041036e+03 3.5923100e+00 
8.4291158e+03 3.5948508e+00 
8.4541280e+03 3.5944355e+00 
8.4791402e+03 3.5949895e+00 
8.5041524e+03 3.5949588e+00 
8.5291646e+03 3.5957756e+00 
8.5541768e+03 3.5963490e+00 
8.5791891e+03 3.5943856e+00 
8.6042013e+03 3.5949545e+00 
8.6292135e+03 3.5934105e+00 
8.6542257e+03 3.5947032e+00 
8.6792379e+03 3.5955436e+00 
8.7042501e+03 3.5957463e+00 
8.7292623e+03 3.5970969e+00 
8.7542745e+03 3.5969758e+00 
8.7792868e+03 3.5962341e+00 
8.8042990e+03 3.5978134e+00 
8.8293112e+03 3.5964112e+00 
8.8543234e+03 3.5970252e+00 
8.8793356e+03 3.5996621e+00 
8.9043478e+03 3.5996566e+00 
8.9293600e+03 3.5983007e+00 
8.9543723e+03 3.6002824e+00 
8.9793845e+03 3.6008217e+00 
9.0043967e+03 3.5992372e+00 
9.0294089e+03 3.5991566e+00 
9.0544211e+03 3.6006560e+00 
9.0794333e+03 3.6000848e+00 
9.1044455e+03 3.6016011e+00 
9.1294577e+03 3.6029789e+00 
9.1544700e+03 3.6009753e+00 
9.1794822e+03 3.6008577e+00 
9.2044944e+03 3.6007421e+00 
9.2295066e+03 3.6017914e+00 
9.2545188e+03 3.6016288e+00 
9.2795310e+03 3.6011636e+00 
9.3045432e+03 3.6037207e+00 
9.3295554e+03 3.6032059e+00 
9.3545677e+03 3.6022017e+00 
9.3795799e+03 3.6033978e+00 
9.4045921e+03 3.6029973e+00 
9.4296043e+03 3.6002252e+00 
9.4546165e+03 3.6024168e+00 
9.4796287e+03 3.6017747e+00 
9.5046409e+03 3.6026313e+00 
9.5296532e+03 3.6027346e+00 
9.5546654e+03 3.6004426e+00 
9.5796776e+03 3.5995922e+00 
9.6046898e+03 3.5993359e+00 
9.6297020e+03 3.5996101e+00 
9.6547142e+03 3.5978804e+00 
9.6797264e+03 3.5963154e+00 
9.7047386e+03 3.5966880e+00 
9.7297509e+03 3.5953698e+00 
9.7547631e+03 3.5950999e+00 
9.7797753e+03 3.5944858e+00 
9.8047875e+03 3.5941627e+00 
9.8297997e+03 3.5932181e+00 
9.8548119e+03 3.5934677e+00 
9.8798241e+03 3.5943058e+00 
9.9048363e+03 3.5932798e+00 
9.9298486e+03 3.5920773e+00 
9.9548608e+03 3.5929661e+00 
9.9798730e+03 3.5934331e+00 
1.0004885e+04 3.5934937e+00 
1.0029897e+04 3.5941424e+00 
1.0054910e+04 3.5964339e+00 
1.0079922e+04 3.5952647e+00 
1.0104934e+04 3.5953240e+00 
1.0129946e+04 3.5981264e+00 
1.0154958e+04 3.5987210e+00 
1.0179971e+04 3.5971398e+00 
1.0204983e+04 3.5985649e+00 
1.0229995e+04 3.5979536e+00 
1.0255007e+04 3.5957365e+00 
1.0280020e+04 3.5958629e+00 
1.0305032e+04 3.5957549e+00 
1.0330044e+04 3.5965915e+00 
1.0355056e+04 3.5962543e+00 
1.0380068e+04 3.5955534e+00 
1.0405081e+04 3.5971665e+00 
1.0430093e+04 3.5975506e+00 
1.0455105e+04 3.5980201e+00 
1.0480117e+04 3.5982459e+00 
1.0505129e+04 3.5988548e+00 
1.0530142e+04 3.5986676e+00 
1.0555154e+04 3.6004131e+00 
1.0580166e+04 3.6004403e+00 
1.0605178e+04 3.5993111e+00 
1.0630191e+04 3.6001465e+00 
1.0655203e+04 3.5989990e+00 
1.0680215e+04 3.6004999e+00 
1.0705227e+04 3.5996313e+00 
1.0730239e+04 3.5995800e+00 
1.0755252e+04 3.5998349e+00 
1.0780264e+04 3.6001081e+00 
1.0805276e+04 3.5996344e+00 
1.0830288e+04 3.5982094e+00 
1.0855300e+04 3.6001871e+00 
1.0880313e+04 3.5982966e+00 
1.0905325e+04 3.5975792e+00 
1.0930337e+04 3.5962937e+00 
1.0955349e+04 3.5949647e+00 
1.0980362e+04 3.5952415e+00 
1.1005374e+04 3.5951321e+00 
1.1030386e+04 3.5942194e+00 
1.1055398e+04 3.5942509e+00 
1.1080410e+04 3.5941997e+00 
1.1105423e+04 3.5924730e+00 
1.1130435e+04 3.5932269e+00 
1.1155447e+04 3.5927649e+00 
1.1180459e+04 3.5947330e+00 
1.1205471e+04 3.5977550e+00 
1.1230484e+04 3.5991271e+00 
1.1255496e+04 3.5983050e+00 
1.1280508e+04 3.5988376e+00 
1.1305520e+04 3.5987313e+00 
1.1330532e+04 3.5976810e+00 
1.1355545e+04 3.5974183e+00 
1.1380557e+04 3.5977392e+00 
1.1405569e+04 3.5971122e+00 
1.1430581e+04 3.5973053e+00 
1.1455594e+04 3.5988553e+00 
1.1480606e+04 3.5970747e+00 
1.1505618e+04 3.5973008e+00 
1.1530630e+04 3.5997930e+00 
1.1555642e+04 3.6005702e+00 
1.1580655e+04 3.5996373e+00 
1.1605667e+04 3.5976825e+00 
1.1630679e+04 3.5985036e+00 
1.1655691e+04 3.5973027e+00 
1.1680703e+04 3.5976028e+00 
1.1705716e+04 3.5963306e+00 
1.1730728e+04 3.5959349e+00 
1.1755740e+04 3.5962231e+00 
1.1780752e+04 3.5970125e+00 
1.1805765e+04 3.5983534e+00 
1.1830777e+04 3.5964141e+00 
1.1855789e+04 3.5950265e+00 
1.1880801e+04 3.5942795e+00 
1.1905813e+04 3.5971191e+00 
1.1930826e+04 3.5968580e+00 
1.1955838e+04 3.6000290e+00 
1.1980850e+04 3.6007721e+00 
1.2005862e+04 3.5998299e+00 
1.2030874e+04 3.6009881e+00 
1.2055887e+04 3.6003146e+00 
1.2080899e+04 3.5982666e+00 
1.2105911e+04 3.5980527e+00 
1.2130923e+04 3.5993710e+00 
1.2155936e+04 3.6004496e+00 
1.2180948e+04 3.6007283e+00 
1.2205960e+04 3.6017246e+00 
1.2230972e+04 3.6028955e+00 
1.2255984e+04 3.6015615e+00 
1.2280997e+04 3.5995724e+00 
1.2306009e+04 3.5988216e+00 
1.2331021e+04 3.5996714e+00 
1.2356033e+04 3.6005578e+00 
1.2381045e+04 3.6005726e+00 
1.2406058e+04 3.6000645e+00 
1.2431070e+04 3.6017191e+00 
1.2456082e+04 3.5989363e+00 
1.2481094e+04 3.5977752e+00 
1.2506106e+04 3.5976193e+00 
1.2531119e+04 3.5982072e+00 
1.2556131e+04 3.5976651e+00 
1.2581143e+04 3.5982966e+00 
1.2606155e+04 3.5968471e+00 
1.2631168e+04 3.5954399e+00 
1.2656180e+04 3.5952356e+00 
1.2681192e+04 3.5962548e+00 
1.2706204e+04 3.5949061e+00 
1.2731216e+04 3.5955663e+00 
1.2756229e+04 3.5952377e+00 
1.2781241e+04 3.5954790e+00 
1.2806253e+04 3.5974493e+00 
1.2831265e+04 3.5974908e+00 
1.2856277e+04 3.5957808e+00 
1.2881290e+04 3.5963924e+00 
1.2906302e+04 3.5967879e+00 
1.2931314e+04 3.5977747e+00 
1.2956326e+04 3.5994289e+00 
1.2981339e+04 3.5989871e+00 
1.3006351e+04 3.6017849e+00 
1.3031363e+04 3.6025116e+00 
1.3056375e+04 3.6037579e+00 
1.3081387e+04 3.6016915e+00 
1.3106400e+04 3.6009185e+00 
1.3131412e+04 3.5999346e+00 
1.3156424e+04 3.5999644e+00 
1.3181436e+04 3.5977941e+00 
1.3206448e+04 3.5968573e+00 
1.3231461e+04 3.5961990e+00 
1.3256473e+04 3.5953166e+00 
1.3281485e+04 3.5954487e+00 
1.3306497e+04 3.5945213e+00 
1.3331510e+04 3.5947940e+00 
1.3356522e+04 3.5946307e+00 
1.3381534e+04 3.5934820e+00 
1.3406546e+04 3.5937877e+00 
1.3431558e+04 3.5940063e+00 
1.3456571e+04 3.5929370e+00 
1.3481583e+04 3.5922453e+00 
1.3506595e+04 3.5926013e+00 
1.3531607e+04 3.5924537e+00 
1.3556619e+04 3.5927463e+00 
1.3581632e+04 3.5929637e+00 
1.3606644e+04 3.5924799e+00 
1.3631656e+04 3.5905392e+00 
1.3656668e+04 3.5914521e+00 
1.3681681e+04 3.5933104e+00 
1.3706693e+04 3.5943496e+00 
1.3731705e+04 3.5944917e+00 
1.3756717e+04 3.5937498e+00 
1.3781729e+04 3.5952647e+00 
1.3806742e+04 3.5955441e+00 
1.3831754e+04 3.5953670e+00 
1.3856766e+04 3.5949988e+00 
1.3881778e+04 3.5935383e+00 
1.3906790e+04 3.5946801e+00 
1.3931803e+04 3.5945868e+00 
1.3956815e+04 3.5933256e+00 
1.3981827e+04 3.5962877e+00 
1.4006839e+04 3.5968890e+00 
1.4031851e+04 3.5954962e+00 
1.4056864e+04 3.5962756e+00 
1.4081876e+04 3.5976028e+00 
1.4106888e+04 3.5990856e+00 
1.4131900e+04 3.5995054e+00 
1.4156913e+04 3.6002276e+00 
1.4181925e+04 3.6009066e+00 
1.4206937e+04 3.5995235e+00 
1.4231949e+04 3.5989482e+00 
1.4256961e+04 3.6006279e+00 
1.4281974e+04 3.6018627e+00 
1.4306986e+04 3.6000903e+00 
1.4331998e+04 3.6003299e+00 
1.4357010e+04 3.6010268e+00 
1.4382022e+04 3.5992193e+00 
1.4407035e+04 3.5992506e+00 
1.4432047e+04 3.6006279e+00 
1.4457059e+04 3.5995166e+00 
1.4482071e+04 3.5986068e+00 
1.4507084e+04 3.5991023e+00 
1.4532096e+04 3.5985892e+00 
1.4557108e+04 3.5973210e+00 
1.4582120e+04 3.5964873e+00 
1.4607132e+04 3.5989599e+00 
1.4632145e+04 3.5980625e+00 
1.4657157e+04 3.5972750e+00 
1.4682169e+04 3.5979855e+00 
1.4707181e+04 3.5978582e+00 
1.4732193e+04 3.5954292e+00 
1.4757206e+04 3.5967839e+00 
1.4782218e+04 3.5958674e+00 
1.4807230e+04 3.5973248e+00 
1.4832242e+04 3.5975664e+00 
1.4857255e+04 3.5956719e+00 
1.4882267e+04 3.5959501e+00 
1.4907279e+04 3.5960972e+00 
1.4932291e+04 3.5967720e+00 
1.4957303e+04 3.5964038e+00 
1.4982316e+04 3.5952475e+00 
1.5007328e+04 3.5958223e+00 
1.5032340e+04 3.5959921e+00 
1.5057352e+04 3.5964901e+00 
1.5082364e+04 3.5971367e+00 
1.5107377e+04 3.5959783e+00 
1.5132389e+04 3.5949757e+00 
1.5157401e+04 3.5929272e+00 
1.5182413e+04 3.5932851e+00 
1.5207426e+04 3.5936906e+00 
1.5232438e+04 3.5913179e+00 
1.5257450e+04 3.5905271e+00 
1.5282462e+04 3.5901294e+00 
1.5307474e+04 3.5890322e+00 
1.5332487e+04 3.5905812e+00 
1.5357499e+04 3.5913239e+00 
1.5382511e+04 3.5893440e+00 
1.5407523e+04 3.5903935e+00 
1.5432535e+04 3.5890558e+00 
1.5457548e+04 3.5886288e+00 
1.5482560e+04 3.5896623e+00 
1.5507572e+04 3.5898790e+00 
1.5532584e+04 3.5905604e+00 
1.5557596e+04 3.5914600e+00 
1.5582609e+04 3.5902619e+00 
1.5607621e+04 3.5898046e+00 
1.5632633e+04 3.5911419e+00 
1.5657645e+04 3.5932813e+00 
1.5682658e+04 3.5920584e+00 
1.5707670e+04 3.5918562e+00 
1.5732682e+04 3.5930104e+00 
1.5757694e+04 3.5937853e+00 
1.5782706e+04 3.5945227e+00 
1.5807719e+04 3.5940466e+00 
1.5832731e+04 3.5936458e+00 
1.5857743e+04 3.5943530e+00 
1.5882755e+04 3.5955994e+00 
1.5907767e+04 3.5946279e+00 
1.5932780e+04 3.5952134e+00 
1.5957792e+04 3.5952895e+00 
1.5982804e+04 3.5925736e+00 
1.6007816e+04 3.5933824e+00 
1.6032829e+04 3.5935812e+00 
1.6057841e+04 3.5934272e+00 
1.6082853e+04 3.5940530e+00 
1.6107865e+04 3.5969689e+00 
1.6132877e+04 3.5961130e+00 
1.6157890e+04 3.5976517e+00 
1.6182902e+04 3.5984390e+00 
1.6207914e+04 3.5971496e+00 
1.6232926e+04 3.5982602e+00 
1.6257938e+04 3.5982177e+00 
1.6282951e+04 3.6003335e+00 
1.6307963e+04 3.6015077e+00 
1.6332975e+04 3.6000171e+00 
1.6357987e+04 3.6000156e+00 
1.6383000e+04 3.5979867e+00 
1.6408012e+04 3.5962789e+00 
1.6433024e+04 3.5986133e+00 
1.6458036e+04 3.5985174e+00 
1.6483048e+04 3.5992658e+00 
1.6508061e+04 3.6003823e+00 
1.6533073e+04 3.5992327e+00 
1.6558085e+04 3.6006062e+00 
1.6583097e+04 3.6019623e+00 
1.6608109e+04 3.6016455e+00 
1.6633122e+04 3.5991848e+00 
1.6658134e+04 3.6018379e+00 
1.6683146e+04 3.5993733e+00 
1.6708158e+04 3.5973151e+00 
1.6733170e+04 3.6005518e+00 
1.6758183e+04 3.5989759e+00 
1.6783195e+04 3.5974252e+00 
1.6808207e+04 3.5965769e+00 
1.6833219e+04 3.5971487e+00 
1.6858232e+04 3.5956106e+00 
1.6883244e+04 3.5966313e+00 
1.6908256e+04 3.5967257e+00 
1.6933268e+04 3.5956461e+00 
1.6958280e+04 3.5958781e+00 
1.6983293e+04 3.5952830e+00 
1.7008305e+04 3.5960667e+00 
1.7033317e+04 3.5969384e+00 
1.7058329e+04 3.5953591e+00 
1.7083341e+04 3.5956280e+00 
1.7108354e+04 3.5937054e+00 
1.7133366e+04 3.5942376e+00 
1.7158378e+04 3.5945411e+00 
1.7183390e+04 3.5937843e+00 
1.7208403e+04 3.5954103e+00 
1.7233415e+04 3.5935643e+00 
1.7258427e+04 3.5943682e+00 
1.7283439e+04 3.5966876e+00 
1.7308451e+04 3.5955284e+00 
1.7333464e+04 3.5956521e+00 
1.7358476e+04 3.5961397e+00 
1.7383488e+04 3.5964127e+00 
1.7408500e+04 3.5965884e+00 
1.7433512e+04 3.5969503e+00 
1.7458525e+04 3.5968087e+00 
1.7483537e+04 3.5963070e+00 
1.7508549e+04 3.5983357e+00 
1.7533561e+04 3.5983179e+00 
1.7558574e+04 3.5986428e+00 
1.7583586e+04 3.5995507e+00 
1.7608598e+04 3.5992386e+00 
1.7633610e+04 3.6000018e+00 
1.7658622e+04 3.5997534e+00 
1.7683635e+04 3.6023381e+00 
1.7708647e+04 3.6022511e+00 
1.7733659e+04 3.6014764e+00 
1.7758671e+04 3.6034231e+00 
1.7783683e+04 3.6027086e+00 
1.7808696e+04 3.6015630e+00 
1.7833708e+04 3.6004472e+00 
1.7858720e+04 3.6020613e+00 
1.7883732e+04 3.6010263e+00 
1.7908745e+04 3.6010728e+00 
1.7933757e+04 3.6019857e+00 
1.7958769e+04 3.6020718e+00 
1.7983781e+04 3.6006715e+00 
1.8008793e+04 3.6034429e+00 
1.8033806e+04 3.6034586e+00 
1.8058818e+04 3.6048794e+00 
1.8083830e+04 3.6059239e+00 
1.8108842e+04 3.6047220e+00 
1.8133854e+04 3.6047897e+00 
1.8158867e+04 3.6047106e+00 
1.8183879e+04 3.6045339e+00 
1.8208891e+04 3.6041882e+00 
1.8233903e+04 3.6009357e+00 
1.8258915e+04 3.5982592e+00 
1.8283928e+04 3.5981441e+00 
1.8308940e+04 3.5987284e+00 
1.8333952e+04 3.5978992e+00 
1.8358964e+04 3.5955560e+00 
1.8383977e+04 3.5968406e+00 
1.8408989e+04 3.5974646e+00 
1.8434001e+04 3.5970817e+00 
1.8459013e+04 3.5966265e+00 
1.8484025e+04 3.5981531e+00 
1.8509038e+04 3.5992742e+00 
1.8534050e+04 3.5986652e+00 
1.8559062e+04 3.5989180e+00 
1.8584074e+04 3.5993671e+00 
1.8609086e+04 3.5994935e+00 
1.8634099e+04 3.5996594e+00 
1.8659111e+04 3.6001120e+00 
1.8684123e+04 3.5989759e+00 
1.8709135e+04 3.5983930e+00 
1.8734148e+04 3.5979168e+00 
1.8759160e+04 3.5989940e+00 
1.8784172e+04 3.5990539e+00 
1.8809184e+04 3.5992050e+00 
1.8834196e+04 3.5989175e+00 
1.8859209e+04 3.5981698e+00 
1.8884221e+04 3.5989621e+00 
1.8909233e+04 3.5987427e+00 
1.8934245e+04 3.5994337e+00 
1.8959257e+04 3.6025600e+00 
1.8984270e+04 3.6026452e+00 
1.9009282e+04 3.6006417e+00 
1.9034294e+04 3.6015611e+00 
1.9059306e+04 3.5994821e+00 
1.9084319e+04 3.5977733e+00 
1.9109331e+04 3.5973556e+00 
1.9134343e+04 3.5964506e+00 
1.9159355e+04 3.5961881e+00 
1.9184367e+04 3.5942805e+00 
1.9209380e+04 3.5943100e+00 
1.9234392e+04 3.5932693e+00 
1.9259404e+04 3.5940003e+00 
1.9284416e+04 3.5954075e+00 
1.9309428e+04 3.5939901e+00 
1.9334441e+04 3.5926526e+00 
1.9359453e+04 3.5919125e+00 
1.9384465e+04 3.5916600e+00 
1.9409477e+04 3.5909967e+00 
1.9434489e+04 3.5879452e+00 
1.9459502e+04 3.5877149e+00 
1.9484514e+04 3.5886962e+00 
1.9509526e+04 3.5866671e+00 
1.9534538e+04 3.5855637e+00 
1.9559551e+04 3.5843067e+00 
1.9584563e+04 3.5852325e+00 
1.9609575e+04 3.5856349e+00 
1.9634587e+04 3.5862305e+00 
1.9659599e+04 3.5856686e+00 
1.9684612e+04 3.5869739e+00 
1.9709624e+04 3.5855706e+00 
1.9734636e+04 3.5869305e+00 
1.9759648e+04 3.5870192e+00 
1.9784660e+04 3.5876238e+00 
1.9809673e+04 3.5867927e+00 
1.9834685e+04 3.5848866e+00 
1.9859697e+04 3.5843799e+00 
1.9884709e+04 3.5842884e+00 
1.9909722e+04 3.5857542e+00 
1.9934734e+04 3.5856113e+00 
1.9959746e+04 3.5854199e+00 
1.9984758e+04 3.5860460e+00 
2.0009770e+04 3.5860269e+00 
2.0034783e+04 3.5872254e+00 
2.0059795e+04 3.5864451e+00 
2.0084807e+04 3.5856135e+00 
2.0109819e+04 3.5862906e+00 
2.0134831e+04 3.5858097e+00 
2.0159844e+04 3.5839455e+00 
2.0184856e+04 3.5849702e+00 
2.0209868e+04 3.5848093e+00 
2.0234880e+04 3.5869300e+00 
2.0259893e+04 3.5875952e+00 
2.0284905e+04 3.5897815e+00 
2.0309917e+04 3.5909951e+00 
2.0334929e+04 3.5908129e+00 
2.0359941e+04 3.5915210e+00 
2.0384954e+04 3.5920751e+00 
2.0409966e+04 3.5914106e+00 
2.0434978e+04 3.5885141e+00 
2.0459990e+04 3.5894725e+00 
2.0485002e+04 3.5895634e+00 
2.0510015e+04 3.5899210e+00 
2.0535027e+04 3.5876818e+00 
2.0560039e+04 3.5885992e+00 
2.0585051e+04 3.5892835e+00 
2.0610064e+04 3.5871284e+00 
2.0635076e+04 3.5901136e+00 
2.0660088e+04 3.5897510e+00 
2.0685100e+04 3.5909705e+00 
2.0710112e+04 3.5940022e+00 
2.0735125e+04 3.5940695e+00 
2.0760137e+04 3.5932195e+00 
2.0785149e+04 3.5945790e+00 
2.0810161e+04 3.5948439e+00 
2.0835173e+04 3.5949535e+00 
2.0860186e+04 3.5957108e+00 
2.0885198e+04 3.5951064e+00 
2.0910210e+04 3.5927916e+00 
2.0935222e+04 3.5947049e+00 
2.0960234e+04 3.5942390e+00 
2.0985247e+04 3.5931003e+00 
2.1010259e+04 3.5949194e+00 
2.1035271e+04 3.5930257e+00 
2.1060283e+04 3.5934958e+00 
2.1085296e+04 3.5916975e+00 
2.1110308e+04 3.5905511e+00 
2.1135320e+04 3.5879281e+00 
2.1160332e+04 3.5873582e+00 
2.1185344e+04 3.5865998e+00 
2.1210357e+04 3.5873396e+00 
2.1235369e+04 3.5869255e+00 
2.1260381e+04 3.5855091e+00 
2.1285393e+04 3.5868876e+00 
2.1310405e+04 3.5858097e+00 
2.1335418e+04 3.5873013e+00 
2.1360430e+04 3.5885081e+00 
2.1385442e+04 3.5906892e+00 
2.1410454e+04 3.5913081e+00 
2.1435467e+04 3.5902288e+00 
2.1460479e+04 3.5905738e+00 
2.1485491e+04 3.5910327e+00 
2.1510503e+04 3.5922384e+00 
2.1535515e+04 3.5918376e+00 
2.1560528e+04 3.5923276e+00 
2.1585540e+04 3.5925686e+00 
2.1610552e+04 3.5921576e+00 
2.1635564e+04 3.5928383e+00 
2.1660576e+04 3.5939476e+00 
2.1685589e+04 3.5925639e+00 
2.1710601e+04 3.5933080e+00 
2.1735613e+04 3.5957563e+00 
2.1760625e+04 3.5928566e+00 
2.1785638e+04 3.5935624e+00 
2.1810650e+04 3.5929227e+00 
2.1835662e+04 3.5928936e+00 
2.1860674e+04 3.5929961e+00 
2.1885686e+04 3.5933621e+00 
2.1910699e+04 3.5926230e+00 
2.1935711e+04 3.5910163e+00 
2.1960723e+04 3.5909302e+00 
2.1985735e+04 3.5930209e+00 
2.2010747e+04 3.5929627e+00 
2.2035760e+04 3.5905266e+00 
2.2060772e+04 3.5909336e+00 
2.2085784e+04 3.5905492e+00 
2.2110796e+04 3.5902891e+00 
2.2135809e+04 3.5893781e+00 
2.2160821e+04 3.5897322e+00 
2.2185833e+04 3.5893643e+00 
2.2210845e+04 3.5888495e+00 
2.2235857e+04 3.5885243e+00 
2.2260870e+04 3.5895982e+00 
2.2285882e+04 3.5906339e+00 
2.2310894e+04 3.5898697e+00 
2.2335906e+04 3.5904832e+00 
2.2360918e+04 3.5904393e+00 
2.2385931e+04 3.5904591e+00 
2.2410943e+04 3.5900762e+00 
2.2435955e+04 3.5906804e+00 
2.2460967e+04 3.5930617e+00 
2.2485979e+04 3.5934737e+00 
2.2510992e+04 3.5951095e+00 
2.2536004e+04 3.5953994e+00 
2.2561016e+04 3.5954592e+00 
2.2586028e+04 3.5972292e+00 
2.2611041e+04 3.5982513e+00 
2.2636053e+04 3.5986676e+00 
2.2661065e+04 3.5998254e+00 
2.2686077e+04 3.6017885e+00 
2.2711089e+04 3.6004801e+00 
2.2736102e+04 3.6013064e+00 
2.2761114e+04 3.6022389e+00 
2.2786126e+04 3.6013861e+00 
2.2811138e+04 3.5998967e+00 
2.2836150e+04 3.5987713e+00 
2.2861163e+04 3.5986547e+00 
2.2886175e+04 3.6007278e+00 
2.2911187e+04 3.5998280e+00 
2.2936199e+04 3.6011107e+00 
2.2961212e+04 3.6008048e+00 
2.2986224e+04 3.6021123e+00 
2.3011236e+04 3.6020041e+00 
2.3036248e+04 3.6012561e+00 
2.3061260e+04 3.6026483e+00 
2.3086273e+04 3.6029947e+00 
2.3111285e+04 3.6005242e+00 
2.3136297e+04 3.5996609e+00 
2.3161309e+04 3.5980048e+00 
2.3186321e+04 3.5972371e+00 
2.3211334e+04 3.5957804e+00 
2.3236346e+04 3.5934031e+00 
2.3261358e+04 3.5940473e+00 
2.3286370e+04 3.5933967e+00 
2.3311383e+04 3.5942667e+00 
2.3336395e+04 3.5926554e+00 
2.3361407e+04 3.5912254e+00 
2.3386419e+04 3.5924332e+00 
2.3411431e+04 3.5909159e+00 
2.3436444e+04 3.5894396e+00 
2.3461456e+04 3.5903442e+00 
2.3486468e+04 3.5900939e+00 
2.3511480e+04 3.5883393e+00 
2.3536492e+04 3.5880945e+00 
2.3561505e+04 3.5883043e+00 
2.3586517e+04 3.5881670e+00 
2.3611529e+04 3.5890353e+00 
2.3636541e+04 3.5921979e+00 
2.3661553e+04 3.5926180e+00 
2.3686566e+04 3.5927565e+00 
2.3711578e+04 3.5909908e+00 
2.3736590e+04 3.5894420e+00 
2.3761602e+04 3.5904703e+00 
2.3786615e+04 3.5912046e+00 
2.3811627e+04 3.5918617e+00 
2.3836639e+04 3.5928686e+00 
2.3861651e+04 3.5932200e+00 
2.3886663e+04 3.5905700e+00 
2.3911676e+04 3.5910532e+00 
2.3936688e+04 3.5921152e+00 
2.3961700e+04 3.5924971e+00 
2.3986712e+04 3.5904417e+00 
2.4011724e+04 3.5889559e+00 
2.4036737e+04 3.5910287e+00 
2.4061749e+04 3.5909593e+00 
2.4086761e+04 3.5907743e+00 
2.4111773e+04 3.5884545e+00 
2.4136786e+04 3.5888579e+00 
2.4161798e+04 3.5869176e+00 
2.4186810e+04 3.5864320e+00 
2.4211822e+04 3.5848153e+00 
2.4236834e+04 3.5855525e+00 
2.4261847e+04 3.5858669e+00 
2.4286859e+04 3.5859904e+00 
2.4311871e+04 3.5863609e+00 
2.4336883e+04 3.5854199e+00 
2.4361895e+04 3.5863886e+00 
2.4386908e+04 3.5876770e+00 
2.4411920e+04 3.5879641e+00 
2.4436932e+04 3.5888801e+00 
2.4461944e+04 3.5893080e+00 
2.4486957e+04 3.5902989e+00 
2.4511969e+04 3.5906065e+00 
2.4536981e+04 3.5928898e+00 
2.4561993e+04 3.5943861e+00 
2.4587005e+04 3.5968544e+00 
2.4612018e+04 3.5985141e+00 
2.4637030e+04 3.5989141e+00 
2.4662042e+04 3.5991120e+00 
2.4687054e+04 3.6006122e+00 
2.4712066e+04 3.6012828e+00 
2.4737079e+04 3.6025167e+00 
2.4762091e+04 3.6023974e+00 
2.4787103e+04 3.6015432e+00 
2.4812115e+04 3.6031179e+00 
2.4837128e+04 3.6016717e+00 
2.4862140e+04 3.6011226e+00 
2.4887152e+04 3.6018093e+00 
2.4912164e+04 3.6018398e+00 
2.4937176e+04 3.6002612e+00 
2.4962189e+04 3.5998611e+00 
2.4987201e+04 3.6006818e+00 
2.5012213e+04 3.5992401e+00 
2.5037225e+04 3.5978818e+00 
2.5062237e+04 3.5970342e+00 
2.5087250e+04 3.5951252e+00 
2.5112262e+04 3.5948818e+00 
2.5137274e+04 3.5947235e+00 
2.5162286e+04 3.5950160e+00 
2.5187298e+04 3.5949440e+00 
2.5212311e+04 3.5940580e+00 
2.5237323e+04 3.5964892e+00 
2.5262335e+04 3.5962398e+00 
2.5287347e+04 3.5963111e+00 
2.5312360e+04 3.5959389e+00 
2.5337372e+04 3.5954251e+00 
2.5362384e+04 3.5948544e+00 
2.5387396e+04 3.5921466e+00 
2.5412408e+04 3.5947037e+00 
2.5437421e+04 3.5952623e+00 
2.5462433e+04 3.5959311e+00 
2.5487445e+04 3.5974290e+00 
2.5512457e+04 3.5985930e+00 
2.5537469e+04 3.5983140e+00 
2.5562482e+04 3.6015117e+00 
2.5587494e+04 3.6020179e+00 
2.5612506e+04 3.6027362e+00 
2.5637518e+04 3.6031199e+00 
2.5662531e+04 3.6018918e+00 
2.5687543e+04 3.6025720e+00 
2.5712555e+04 3.6037099e+00 
2.5737567e+04 3.6019635e+00 
2.5762579e+04 3.6035190e+00 
2.5787592e+04 3.6030462e+00 
2.5812604e+04 3.6019802e+00 
2.5837616e+04 3.6031530e+00 
2.5862628e+04 3.6021721e+00 
2.5887640e+04 3.6020930e+00 
2.5912653e+04 3.6044638e+00 
2.5937665e+04 3.6056640e+00 
2.5962677e+04 3.6051652e+00 
2.5987689e+04 3.6038375e+00 
2.6012702e+04 3.6045532e+00 
2.6037714e+04 3.6049836e+00 
2.6062726e+04 3.6078401e+00 
2.6087738e+04 3.6080124e+00 
2.6112750e+04 3.6063664e+00 
2.6137763e+04 3.6065757e+00 
2.6162775e+04 3.6068656e+00 
2.6187787e+04 3.6066577e+00 
2.6212799e+04 3.6080744e+00 
2.6237811e+04 3.6072929e+00 
2.6262824e+04 3.6051276e+00 
2.6287836e+04 3.6031549e+00 
2.6312848e+04 3.6007385e+00 
2.6337860e+04 3.6009457e+00 
2.6362872e+04 3.6020041e+00 
2.6387885e+04 3.6019890e+00 
2.6412897e+04 3.6041996e+00 
2.6437909e+04 3.6048541e+00 
2.6462921e+04 3.6041081e+00 
2.6487934e+04 3.6033297e+00 
2.6512946e+04 3.6036179e+00 
2.6537958e+04 3.6045840e+00 
2.6562970e+04 3.6032281e+00 
2.6587982e+04 3.6037426e+00 
2.6612995e+04 3.6043050e+00 
2.6638007e+04 3.6042411e+00 
2.6663019e+04 3.6065335e+00 
2.6688031e+04 3.6045692e+00 
2.6713043e+04 3.6035011e+00 
2.6738056e+04 3.6032846e+00 
2.6763068e+04 3.6057560e+00 
2.6788080e+04 3.6065950e+00 
2.6813092e+04 3.6084487e+00 
2.6838105e+04 3.6078806e+00 
2.6863117e+04 3.6069906e+00 
2.6888129e+04 3.6062667e+00 
2.6913141e+04 3.6055799e+00 
2.6938153e+04 3.6057987e+00 
2.6963166e+04 3.6073391e+00 
2.6988178e+04 3.6088285e+00 
2.7013190e+04 3.6087844e+00 
2.7038202e+04 3.6087770e+00 
2.7063214e+04 3.6103959e+00 
2.7088227e+04 3.6099086e+00 
2.7113239e+04 3.6091361e+00 
2.7138251e+04 3.6077251e+00 
2.7163263e+04 3.6083689e+00 
2.7188276e+04 3.6082001e+00 
2.7213288e+04 3.6076519e+00 
2.7238300e+04 3.6089444e+00 
2.7263312e+04 3.6065679e+00 
2.7288324e+04 3.6054845e+00 
2.7313337e+04 3.6048031e+00 
2.7338349e+04 3.6053073e+00 
2.7363361e+04 3.6064885e+00 
2.7388373e+04 3.6055932e+00 
2.7413385e+04 3.6067064e+00 
2.7438398e+04 3.6064277e+00 
2.7463410e+04 3.6059213e+00 
2.7488422e+04 3.6042118e+00 
2.7513434e+04 3.6056461e+00 
2.7538447e+04 3.6047833e+00 
2.7563459e+04 3.6020014e+00 
2.7588471e+04 3.6024015e+00 
2.7613483e+04 3.6014712e+00 
2.7638495e+04 3.5990109e+00 
2.7663508e+04 3.5988257e+00 
2.7688520e+04 3.5986044e+00 
2.7713532e+04 3.5974715e+00 
2.7738544e+04 3.5977867e+00 
2.7763556e+04 3.5991769e+00 
2.7788569e+04 3.5983150e+00 
2.7813581e+04 3.6014385e+00 
2.7838593e+04 3.6018646e+00 
2.7863605e+04 3.6016066e+00 
2.7888617e+04 3.5993276e+00 
2.7913630e+04 3.5971961e+00 
2.7938642e+04 3.5973265e+00 
2.7963654e+04 3.5976942e+00 
2.7988666e+04 3.5983851e+00 
2.8013679e+04 3.5996318e+00 
2.8038691e+04 3.5991156e+00 
2.8063703e+04 3.5977235e+00 
2.8088715e+04 3.5984726e+00 
2.8113727e+04 3.5969398e+00 
2.8138740e+04 3.5967953e+00 
2.8163752e+04 3.5970752e+00 
2.8188764e+04 3.5959952e+00 
2.8213776e+04 3.5955145e+00 
2.8238788e+04 3.5961456e+00 
2.8263801e+04 3.5964730e+00 
2.8288813e+04 3.5968623e+00 
2.8313825e+04 3.5958297e+00 
2.8338837e+04 3.5946603e+00 
2.8363850e+04 3.5959699e+00 
2.8388862e+04 3.5969319e+00 
2.8413874e+04 3.5984344e+00 
2.8438886e+04 3.6007183e+00 
2.8463898e+04 3.6010664e+00 
2.8488911e+04 3.5989921e+00 
2.8513923e+04 3.5988722e+00 
2.8538935e+04 3.6004279e+00 
2.8563947e+04 3.6004243e+00 
2.8588959e+04 3.5990672e+00 
2.8613972e+04 3.6012907e+00 
2.8638984e+04 3.6009896e+00 
2.8663996e+04 3.6026268e+00 
2.8689008e+04 3.6031976e+00 
2.8714021e+04 3.6034839e+00 
2.8739033e+04 3.6036470e+00 
2.8764045e+04 3.6023402e+00 
2.8789057e+04 3.6018775e+00 
2.8814069e+04 3.6031346e+00 
2.8839082e+04 3.6052697e+00 
2.8864094e+04 3.6034029e+00 
2.8889106e+04 3.6035085e+00 
2.8914118e+04 3.6048510e+00 
2.8939130e+04 3.6037989e+00 
2.8964143e+04 3.6047516e+00 
2.8989155e+04 3.6059551e+00 
2.9014167e+04 3.6060348e+00 
2.9039179e+04 3.6049559e+00 
2.9064191e+04 3.6045320e+00 
2.9089204e+04 3.6069767e+00 
2.9114216e+04 3.6069915e+00 
2.9139228e+04 3.6084650e+00 
2.9164240e+04 3.6101859e+00 
2.9189253e+04 3.6102097e+00 
2.9214265e+04 3.6075089e+00 
2.9239277e+04 3.6065803e+00 
2.9264289e+04 3.6050806e+00 
2.9289301e+04 3.6051395e+00 
2.9314314e+04 3.6035180e+00 
2.9339326e+04 3.6006620e+00 
2.9364338e+04 3.6011720e+00 
2.9389350e+04 3.5990653e+00 
2.9414362e+04 3.5983264e+00 
2.9439375e+04 3.5972579e+00 
2.9464387e+04 3.5967879e+00 
2.9489399e+04 3.5978618e+00 
2.9514411e+04 3.5976379e+00 
2.9539424e+04 3.5993783e+00 
2.9564436e+04 3.5997069e+00 
2.9589448e+04 3.5986004e+00 
2.9614460e+04 3.6003325e+00 
2.9639472e+04 3.5999613e+00 
2.9664485e+04 3.6006858e+00 
2.9689497e+04 3.6001852e+00 
2.9714509e+04 3.6003358e+00 
2.9739521e+04 3.6005864e+00 
2.9764533e+04 3.6013474e+00 
2.9789546e+04 3.6022680e+00 
2.9814558e+04 3.6030972e+00 
2.9839570e+04 3.6034563e+00 
2.9864582e+04 3.6023169e+00 
2.9889595e+04 3.6004796e+00 
2.9914607e+04 3.5984385e+00 
2.9939619e+04 3.5988533e+00 
2.9964631e+04 3.5984385e+00 
2.9989643e+04 3.5983040e+00 
3.0014656e+04 3.5977383e+00 
3.0039668e+04 3.5989263e+00 
3.0064680e+04 3.5984197e+00 
3.0089692e+04 3.5963748e+00 
3.0114704e+04 3.5965838e+00 
3.0139717e+04 3.5974157e+00 
3.0164729e+04 3.5947580e+00 
3.0189741e+04 3.5932961e+00 
3.0214753e+04 3.5946736e+00 
3.0239766e+04 3.5955150e+00 
3.0264778e+04 3.5952811e+00 
3.0289790e+04 3.5953872e+00 
3.0314802e+04 3.5962687e+00 
3.0339814e+04 3.5964570e+00 
3.0364827e+04 3.5970035e+00 
3.0389839e+04 3.6000686e+00 
3.0414851e+04 3.5995488e+00 
3.0439863e+04 3.6007407e+00 
3.0464875e+04 3.6018977e+00 
3.0489888e+04 3.6041739e+00 
3.0514900e+04 3.6018481e+00 
3.0539912e+04 3.6018696e+00 
3.0564924e+04 3.6013575e+00 
3.0589936e+04 3.6013238e+00 
3.0614949e+04 3.6045616e+00 
3.0639961e+04 3.6028154e+00 
3.0664973e+04 3.6045895e+00 
3.0689985e+04 3.6052563e+00 
3.0714998e+04 3.6053107e+00 
3.0740010e+04 3.6053271e+00 
3.0765022e+04 3.6086318e+00 
3.0790034e+04 3.6067033e+00 
3.0815046e+04 3.6061668e+00 
3.0840059e+04 3.6058233e+00 
3.0865071e+04 3.6068559e+00 
3.0890083e+04 3.6068876e+00 
3.0915095e+04 3.6047170e+00 
3.0940107e+04 3.6060302e+00 
3.0965120e+04 3.6063871e+00 
3.0990132e+04 3.6048050e+00 
3.1015144e+04 3.6025264e+00 
3.1040156e+04 3.6010263e+00 
3.1065169e+04 3.6001110e+00 
3.1090181e+04 3.5991871e+00 
3.1115193e+04 3.6000879e+00 
3.1140205e+04 3.5987012e+00 
3.1165217e+04 3.5971012e+00 
3.1190230e+04 3.5969200e+00 
3.1215242e+04 3.5954463e+00 
3.1240254e+04 3.5960376e+00 
3.1265266e+04 3.5948370e+00 
3.1290278e+04 3.5951779e+00 
3.1315291e+04 3.5963476e+00 
3.1340303e+04 3.5942538e+00 
3.1365315e+04 3.5934238e+00 
3.1390327e+04 3.5925765e+00 
3.1415340e+04 3.5920131e+00 
3.1440352e+04 3.5911484e+00 
3.1465364e+04 3.5907109e+00 
3.1490376e+04 3.5904140e+00 
3.1515388e+04 3.5871992e+00 
3.1540401e+04 3.5854564e+00 
3.1565413e+04 3.5860484e+00 
3.1590425e+04 3.5867991e+00 
3.1615437e+04 3.5837994e+00 
3.1640449e+04 3.5843985e+00 
3.1665462e+04 3.5829687e+00 
3.1690474e+04 3.5841889e+00 
3.1715486e+04 3.5850205e+00 
3.1740498e+04 3.5852463e+00 
3.1765511e+04 3.5853620e+00 
3.1790523e+04 3.5858185e+00 
3.1815535e+04 3.5854018e+00 
3.1840547e+04 3.5837016e+00 
3.1865559e+04 3.5828400e+00 
3.1890572e+04 3.5846312e+00 
3.1915584e+04 3.5873461e+00 
3.1940596e+04 3.5861583e+00 
3.1965608e+04 3.5862823e+00 
3.1990620e+04 3.5861223e+00 
3.2015633e+04 3.5864329e+00 
3.2040645e+04 3.5857055e+00 
3.2065657e+04 3.5866308e+00 
3.2090669e+04 3.5865698e+00 
3.2115681e+04 3.5870678e+00 
3.2140694e+04 3.5851405e+00 
3.2165706e+04 3.5829973e+00 
3.2190718e+04 3.5856044e+00 
3.2215730e+04 3.5863245e+00 
3.2240743e+04 3.5875509e+00 
3.2265755e+04 3.5881727e+00 
3.2290767e+04 3.5889518e+00 
3.2315779e+04 3.5875707e+00 
3.2340791e+04 3.5880737e+00 
3.2365804e+04 3.5893781e+00 
3.2390816e+04 3.5916364e+00 
3.2415828e+04 3.5916009e+00 
3.2440840e+04 3.5902588e+00 
3.2465852e+04 3.5893598e+00 
3.2490865e+04 3.5895011e+00 
3.2515877e+04 3.5901127e+00 
3.2540889e+04 3.5890229e+00 
3.2565901e+04 3.5888026e+00 
3.2590914e+04 3.5884883e+00 
3.2615926e+04 3.5859742e+00 
3.2640938e+04 3.5855160e+00 
3.2665950e+04 3.5854170e+00 
3.2690962e+04 3.5857885e+00 
3.2715975e+04 3.5860932e+00 
3.2740987e+04 3.5861804e+00 
3.2765999e+04 3.5874341e+00 
3.2791011e+04 3.5854003e+00 
3.2816023e+04 3.5877867e+00 
3.2841036e+04 3.5878656e+00 
3.2866048e+04 3.5896297e+00 
3.2891060e+04 3.5886490e+00 
3.2916072e+04 3.5873590e+00 
3.2941085e+04 3.5872235e+00 
3.2966097e+04 3.5869360e+00 
3.2991109e+04 3.5893538e+00 
3.3016121e+04 3.5918465e+00 
3.3041133e+04 3.5915546e+00 
3.3066146e+04 3.5937300e+00 
3.3091158e+04 3.5933824e+00 
3.3116170e+04 3.5940673e+00 
3.3141182e+04 3.5947542e+00 
3.3166194e+04 3.5945055e+00 
3.3191207e+04 3.5945528e+00 
3.3216219e+04 3.5953660e+00 
3.3241231e+04 3.5964506e+00 
3.3266243e+04 3.5967603e+00 
3.3291255e+04 3.5980740e+00 
3.3316268e+04 3.5969770e+00 
3.3341280e+04 3.5974834e+00 
3.3366292e+04 3.5973008e+00 
3.3391304e+04 3.5979323e+00 
3.3416317e+04 3.5988750e+00 
3.3441329e+04 3.5961733e+00 
3.3466341e+04 3.5966880e+00 
3.3491353e+04 3.5988884e+00 
3.3516365e+04 3.5984566e+00 
3.3541378e+04 3.5965657e+00 
3.3566390e+04 3.5965188e+00 
3.3591402e+04 3.5984557e+00 
3.3616414e+04 3.5981467e+00 
3.3641426e+04 3.5961161e+00 
3.3666439e+04 3.5976360e+00 
3.3691451e+04 3.5965025e+00 
3.3716463e+04 3.5936103e+00 
3.3741475e+04 3.5953288e+00 
3.3766488e+04 3.5965967e+00 
3.3791500e+04 3.5940945e+00 
3.3816512e+04 3.5927527e+00 
3.3841524e+04 3.5918655e+00 
3.3866536e+04 3.5909371e+00 
3.3891549e+04 3.5923173e+00 
3.3916561e+04 3.5920691e+00 
3.3941573e+04 3.5908005e+00 
3.3966585e+04 3.5904200e+00 
3.3991597e+04 3.5888765e+00 
3.4016610e+04 3.5890515e+00 
3.4041622e+04 3.5873730e+00 
3.4066634e+04 3.5875518e+00 
3.4091646e+04 3.5869114e+00 
3.4116659e+04 3.5885570e+00 
3.4141671e+04 3.5885663e+00 
3.4166683e+04 3.5892859e+00 
3.4191695e+04 3.5895343e+00 
3.4216707e+04 3.5903659e+00 
3.4241720e+04 3.5907660e+00 
3.4266732e+04 3.5897553e+00 
3.4291744e+04 3.5879955e+00 
3.4316756e+04 3.5867238e+00 
3.4341768e+04 3.5886314e+00 
3.4366781e+04 3.5899220e+00 
3.4391793e+04 3.5886214e+00 
3.4416805e+04 3.5887554e+00 
3.4441817e+04 3.5883968e+00 
3.4466830e+04 3.5875680e+00 
3.4491842e+04 3.5883787e+00 
3.4516854e+04 3.5889051e+00 
3.4541866e+04 3.5879087e+00 
3.4566878e+04 3.5888486e+00 
3.4591891e+04 3.5897565e+00 
3.4616903e+04 3.5889440e+00 
3.4641915e+04 3.5908360e+00 
3.4666927e+04 3.5921273e+00 
3.4691939e+04 3.5946229e+00 
3.4716952e+04 3.5956922e+00 
3.4741964e+04 3.5957932e+00 
3.4766976e+04 3.5949752e+00 
3.4791988e+04 3.5965271e+00 
3.4817000e+04 3.5977564e+00 
3.4842013e+04 3.5977995e+00 
3.4867025e+04 3.5974391e+00 
3.4892037e+04 3.5971689e+00 
3.4917049e+04 3.5964592e+00 
3.4942062e+04 3.5966728e+00 
3.4967074e+04 3.5962138e+00 
3.4992086e+04 3.5937867e+00 
3.5017098e+04 3.5938997e+00 
3.5042110e+04 3.5956969e+00 
3.5067123e+04 3.5950763e+00 
3.5092135e+04 3.5940955e+00 
3.5117147e+04 3.5947032e+00 
3.5142159e+04 3.5936532e+00 
3.5167171e+04 3.5917182e+00 
3.5192184e+04 3.5894747e+00 
3.5217196e+04 3.5884504e+00 
3.5242208e+04 3.5881112e+00 
3.5267220e+04 3.5859692e+00 
3.5292233e+04 3.5857892e+00 
3.5317245e+04 3.5849707e+00 
3.5342257e+04 3.5837433e+00 
3.5367269e+04 3.5828524e+00 
3.5392281e+04 3.5830941e+00 
3.5417294e+04 3.5824039e+00 
3.5442306e+04 3.5816882e+00 
3.5467318e+04 3.5814109e+00 
3.5492330e+04 3.5824392e+00 
3.5517342e+04 3.5829363e+00 
3.5542355e+04 3.5829122e+00 
3.5567367e+04 3.5856602e+00 
3.5592379e+04 3.5857797e+00 
3.5617391e+04 3.5858924e+00 
3.5642404e+04 3.5864880e+00 
3.5667416e+04 3.5873554e+00 
3.5692428e+04 3.5881615e+00 
3.5717440e+04 3.5881286e+00 
3.5742452e+04 3.5875115e+00 
3.5767465e+04 3.5869029e+00 
3.5792477e+04 3.5875435e+00 
3.5817489e+04 3.5869040e+00 
3.5842501e+04 3.5859590e+00 
3.5867513e+04 3.5856576e+00 
3.5892526e+04 3.5875938e+00 
3.5917538e+04 3.5881879e+00 
3.5942550e+04 3.5903161e+00 
3.5967562e+04 3.5910149e+00 
3.5992574e+04 3.5924194e+00 
3.6017587e+04 3.5922565e+00 
3.6042599e+04 3.5924892e+00 
3.6067611e+04 3.5914798e+00 
3.6092623e+04 3.5915186e+00 
3.6117636e+04 3.5919199e+00 
3.6142648e+04 3.5929863e+00 
3.6167660e+04 3.5915015e+00 
3.6192672e+04 3.5928030e+00 
3.6217684e+04 3.5928383e+00 
3.6242697e+04 3.5936639e+00 
3.6267709e+04 3.5932817e+00 
3.6292721e+04 3.5925870e+00 
3.6317733e+04 3.5918303e+00 
3.6342745e+04 3.5916970e+00 
3.6367758e+04 3.5925326e+00 
3.6392770e+04 3.5917764e+00 
3.6417782e+04 3.5921993e+00 
3.6442794e+04 3.5937867e+00 
3.6467807e+04 3.5915773e+00 
3.6492819e+04 3.5920713e+00 
3.6517831e+04 3.5926342e+00 
3.6542843e+04 3.5921383e+00 
3.6567855e+04 3.5909650e+00 
3.6592868e+04 3.5905843e+00 
3.6617880e+04 3.5898569e+00 
3.6642892e+04 3.5921471e+00 
3.6667904e+04 3.5912747e+00 
3.6692916e+04 3.5916138e+00 
3.6717929e+04 3.5915921e+00 
3.6742941e+04 3.5916803e+00 
3.6767953e+04 3.5924320e+00 
3.6792965e+04 3.5934603e+00 
3.6817978e+04 3.5934198e+00 
3.6842990e+04 3.5931184e+00 
3.6868002e+04 3.5939200e+00 
3.6893014e+04 3.5922856e+00 
3.6918026e+04 3.5917897e+00 
3.6943039e+04 3.5903482e+00 
3.6968051e+04 3.5911913e+00 
3.6993063e+04 3.5899529e+00 
3.7018075e+04 3.5895283e+00 
3.7043087e+04 3.5895362e+00 
3.7068100e+04 3.5886776e+00 
3.7093112e+04 3.5887411e+00 
3.7118124e+04 3.5888002e+00 
3.7143136e+04 3.5880625e+00 
3.7168149e+04 3.5881569e+00 
3.7193161e+04 3.5879364e+00 
3.7218173e+04 3.5897362e+00 
3.7243185e+04 3.5876498e+00 
3.7268197e+04 3.5858457e+00 
3.7293210e+04 3.5872431e+00 
3.7318222e+04 3.5859590e+00 
3.7343234e+04 3.5854456e+00 
3.7368246e+04 3.5847297e+00 
3.7393258e+04 3.5873628e+00 
3.7418271e+04 3.5878158e+00 
3.7443283e+04 3.5886097e+00 
3.7468295e+04 3.5896583e+00 
3.7493307e+04 3.5896692e+00 
3.7518319e+04 3.5891638e+00 
3.7543332e+04 3.5907660e+00 
3.7568344e+04 3.5910406e+00 
3.7593356e+04 3.5929327e+00 
3.7618368e+04 3.5939333e+00 
3.7643381e+04 3.5943022e+00 
3.7668393e+04 3.5981758e+00 
3.7693405e+04 3.5974507e+00 
3.7718417e+04 3.5954962e+00 
3.7743429e+04 3.5949099e+00 
3.7768442e+04 3.5954518e+00 
3.7793454e+04 3.5965395e+00 
3.7818466e+04 3.5978637e+00 
3.7843478e+04 3.5986068e+00 
3.7868490e+04 3.5983791e+00 
3.7893503e+04 3.5988874e+00 
3.7918515e+04 3.5998027e+00 
3.7943527e+04 3.6000874e+00 
3.7968539e+04 3.6003325e+00 
3.7993552e+04 3.5993285e+00 
3.8018564e+04 3.5997188e+00 
3.8043576e+04 3.5997741e+00 
3.8068588e+04 3.5998349e+00 
3.8093600e+04 3.6017830e+00 
3.8118613e+04 3.6004887e+00 
3.8143625e+04 3.6004610e+00 
3.8168637e+04 3.5991161e+00 
3.8193649e+04 3.5982099e+00 
3.8218661e+04 3.5992825e+00 
3.8243674e+04 3.5974567e+00 
3.8268686e+04 3.5976932e+00 
3.8293698e+04 3.5956969e+00 
3.8318710e+04 3.5948319e+00 
3.8343723e+04 3.5941670e+00 
3.8368735e+04 3.5925815e+00 
3.8393747e+04 3.5935264e+00 
3.8418759e+04 3.5940540e+00 
3.8443771e+04 3.5924671e+00 
3.8468784e+04 3.5915053e+00 
3.8493796e+04 3.5908482e+00 
3.8518808e+04 3.5911210e+00 
3.8543820e+04 3.5909154e+00 
3.8568832e+04 3.5914955e+00 
3.8593845e+04 3.5931857e+00 
3.8618857e+04 3.5939751e+00 
3.8643869e+04 3.5938480e+00 
3.8668881e+04 3.5948489e+00 
3.8693894e+04 3.5964162e+00 
3.8718906e+04 3.5978484e+00 
3.8743918e+04 3.5961773e+00 
3.8768930e+04 3.5969472e+00 
3.8793942e+04 3.5963550e+00 
3.8818955e+04 3.5958200e+00 
3.8843967e+04 3.5964925e+00 
3.8868979e+04 3.5969923e+00 
3.8893991e+04 3.5974538e+00 
3.8919003e+04 3.5986497e+00 
3.8944016e+04 3.5985343e+00 
3.8969028e+04 3.5991275e+00 
3.8994040e+04 3.5989659e+00 
3.9019052e+04 3.5973308e+00 
3.9044064e+04 3.5989442e+00 
3.9069077e+04 3.5992742e+00 
3.9094089e+04 3.5992351e+00 
3.9119101e+04 3.5993078e+00 
3.9144113e+04 3.5990524e+00 
3.9169126e+04 3.5997441e+00 
3.9194138e+04 3.5996971e+00 
3.9219150e+04 3.5998838e+00 
3.9244162e+04 3.5999372e+00 
3.9269174e+04 3.5994990e+00 
3.9294187e+04 3.5980978e+00 
3.9319199e+04 3.5962453e+00 
3.9344211e+04 3.5965726e+00 
3.9369223e+04 3.5948608e+00 
3.9394235e+04 3.5933454e+00 
3.9419248e+04 3.5927463e+00 
3.9444260e+04 3.5909290e+00 
3.9469272e+04 3.5891163e+00 
3.9494284e+04 3.5899062e+00 
3.9519297e+04 3.5875514e+00 
3.9544309e+04 3.5896304e+00 
3.9569321e+04 3.5893924e+00 
3.9594333e+04 3.5888681e+00 
3.9619345e+04 3.5869725e+00 
3.9644358e+04 3.5867386e+00 
3.9669370e+04 3.5875015e+00 
3.9694382e+04 3.5861857e+00 
3.9719394e+04 3.5861778e+00 
3.9744406e+04 3.5869546e+00 
3.9769419e+04 3.5883594e+00 
3.9794431e+04 3.5871294e+00 
3.9819443e+04 3.5874145e+00 
3.9844455e+04 3.5876882e+00 
3.9869468e+04 3.5881269e+00 
3.9894480e+04 3.5907571e+00 
3.9919492e+04 3.5920053e+00 
3.9944504e+04 3.5928433e+00 
3.9969516e+04 3.5931649e+00 
3.9994529e+04 3.5943270e+00 
4.0019541e+04 3.5976596e+00 
4.0044553e+04 3.5988276e+00 
4.0069565e+04 3.5971906e+00 
4.0094577e+04 3.5991857e+00 
4.0119590e+04 3.5986819e+00 
4.0144602e+04 3.6005173e+00 
4.0169614e+04 3.6031377e+00 
4.0194626e+04 3.6035149e+00 
4.0219638e+04 3.6043282e+00 
4.0244651e+04 3.6066043e+00 
4.0269663e+04 3.6046112e+00 
4.0294675e+04 3.6050820e+00 
4.0319687e+04 3.6048486e+00 
4.0344700e+04 3.6052008e+00 
4.0369712e+04 3.6068347e+00 
4.0394724e+04 3.6045675e+00 
4.0419736e+04 3.6053543e+00 
4.0444748e+04 3.6051736e+00 
4.0469761e+04 3.6031897e+00 
4.0494773e+04 3.6034656e+00 
4.0519785e+04 3.6037817e+00 
4.0544797e+04 3.6032732e+00 
4.0569809e+04 3.6038218e+00 
4.0594822e+04 3.6047869e+00 
4.0619834e+04 3.6046071e+00 
4.0644846e+04 3.6053083e+00 
4.0669858e+04 3.6054008e+00 
4.0694871e+04 3.6056442e+00 
4.0719883e+04 3.6043906e+00 
4.0744895e+04 3.6055300e+00 
4.0769907e+04 3.6049194e+00 
4.0794919e+04 3.6053212e+00 
4.0819932e+04 3.6063173e+00 
4.0844944e+04 3.6080658e+00 
4.0869956e+04 3.6087613e+00 
4.0894968e+04 3.6078484e+00 
4.0919980e+04 3.6079702e+00 
4.0944993e+04 3.6080897e+00 
4.0970005e+04 3.6089127e+00 
4.0995017e+04 3.6091816e+00 
4.1020029e+04 3.6075821e+00 
4.1045042e+04 3.6045628e+00 
4.1070054e+04 3.6061034e+00 
4.1095066e+04 3.6057205e+00 
4.1120078e+04 3.6049185e+00 
4.1145090e+04 3.6047606e+00 
4.1170103e+04 3.6048911e+00 
4.1195115e+04 3.6055996e+00 
4.1220127e+04 3.6062787e+00 
4.1245139e+04 3.6058714e+00 
4.1270151e+04 3.6080234e+00 
4.1295164e+04 3.6083829e+00 
4.1320176e+04 3.6066682e+00 
4.1345188e+04 3.6061442e+00 
4.1370200e+04 3.6042693e+00 
4.1395213e+04 3.6032178e+00 
4.1420225e+04 3.6023021e+00 
4.1445237e+04 3.6038864e+00 
4.1470249e+04 3.6034157e+00 
4.1495261e+04 3.6054404e+00 
4.1520274e+04 3.6055155e+00 
4.1545286e+04 3.6048961e+00 
4.1570298e+04 3.6047239e+00 
4.1595310e+04 3.6046433e+00 
4.1620322e+04 3.6049223e+00 
4.1645335e+04 3.6054566e+00 
4.1670347e+04 3.6066084e+00 
4.1695359e+04 3.6064286e+00 
4.1720371e+04 3.6080084e+00 
4.1745383e+04 3.6085453e+00 
4.1770396e+04 3.6075375e+00 
4.1795408e+04 3.6079848e+00 
4.1820420e+04 3.6068118e+00 
4.1845432e+04 3.6069088e+00 
4.1870445e+04 3.6060145e+00 
4.1895457e+04 3.6052794e+00 
4.1920469e+04 3.6061769e+00 
4.1945481e+04 3.6047778e+00 
4.1970493e+04 3.6030641e+00 
4.1995506e+04 3.6035807e+00 
4.2020518e+04 3.6022432e+00 
4.2045530e+04 3.6011167e+00 
4.2070542e+04 3.5994837e+00 
4.2095554e+04 3.6003325e+00 
4.2120567e+04 3.5976458e+00 
4.2145579e+04 3.5962055e+00 
4.2170591e+04 3.5960159e+00 
4.2195603e+04 3.5956318e+00 
4.2220616e+04 3.5944240e+00 
4.2245628e+04 3.5931146e+00 
4.2270640e+04 3.5929952e+00 
4.2295652e+04 3.5934341e+00 
4.2320664e+04 3.5929883e+00 
4.2345677e+04 3.5914254e+00 
4.2370689e+04 3.5917084e+00 
4.2395701e+04 3.5917482e+00 
4.2420713e+04 3.5896218e+00 
4.2445725e+04 3.5909557e+00 
4.2470738e+04 3.5905621e+00 
4.2495750e+04 3.5909700e+00 
4.2520762e+04 3.5920136e+00 
4.2545774e+04 3.5933874e+00 
4.2570787e+04 3.5924740e+00 
4.2595799e+04 3.5919762e+00 
4.2620811e+04 3.5901327e+00 
4.2645823e+04 3.5902333e+00 
4.2670835e+04 3.5917647e+00 
4.2695848e+04 3.5923474e+00 
4.2720860e+04 3.5930810e+00 
4.2745872e+04 3.5931964e+00 
4.2770884e+04 3.5938647e+00 
4.2795896e+04 3.5938485e+00 
4.2820909e+04 3.5954957e+00 
4.2845921e+04 3.5958688e+00 
4.2870933e+04 3.5970402e+00 
4.2895945e+04 3.5963397e+00 
4.2920957e+04 3.5955050e+00 
4.2945970e+04 3.5974464e+00 
4.2970982e+04 3.5979900e+00 
4.2995994e+04 3.5979011e+00 
4.3021006e+04 3.5991073e+00 
4.3046019e+04 3.6001396e+00 
4.3071031e+04 3.6010549e+00 
4.3096043e+04 3.6011078e+00 
4.3121055e+04 3.6006436e+00 
4.3146067e+04 3.6018834e+00 
4.3171080e+04 3.5997691e+00 
4.3196092e+04 3.5981882e+00 
4.3221104e+04 3.5979090e+00 
4.3246116e+04 3.5970752e+00 
4.3271128e+04 3.5961263e+00 
4.3296141e+04 3.5940847e+00 
4.3321153e+04 3.5942173e+00 
4.3346165e+04 3.5938642e+00 
4.3371177e+04 3.5947378e+00 
4.3396190e+04 3.5951142e+00 
4.3421202e+04 3.5965579e+00 
4.3446214e+04 3.5970874e+00 
4.3471226e+04 3.5967700e+00 
4.3496238e+04 3.5960929e+00 
4.3521251e+04 3.5984087e+00 
4.3546263e+04 3.5984128e+00 
4.3571275e+04 3.5988429e+00 
4.3596287e+04 3.5988948e+00 
4.3621299e+04 3.5998847e+00 
4.3646312e+04 3.6002722e+00 
4.3671324e+04 3.5983634e+00 
4.3696336e+04 3.5985847e+00 
4.3721348e+04 3.5983317e+00 
4.3746361e+04 3.5985200e+00 
4.3771373e+04 3.5987747e+00 
4.3796385e+04 3.5989742e+00 
4.3821397e+04 3.6007099e+00 
4.3846409e+04 3.5988157e+00 
4.3871422e+04 3.5983989e+00 
4.3896434e+04 3.5997999e+00 
4.3921446e+04 3.5998695e+00 
4.3946458e+04 3.6006057e+00 
4.3971470e+04 3.6012557e+00 
4.3996483e+04 3.5998626e+00 
4.4021495e+04 3.5982094e+00 
4.4046507e+04 3.5989106e+00 
4.4071519e+04 3.5972910e+00 
4.4096532e+04 3.5956986e+00 
4.4121544e+04 3.5952332e+00 
4.4146556e+04 3.5947897e+00 
4.4171568e+04 3.5946145e+00 
4.4196580e+04 3.5932195e+00 
4.4221593e+04 3.5928581e+00 
4.4246605e+04 3.5927551e+00 
4.4271617e+04 3.5941010e+00 
4.4296629e+04 3.5933034e+00 
4.4321641e+04 3.5960860e+00 
4.4346654e+04 3.5938020e+00 
4.4371666e+04 3.5924962e+00 
4.4396678e+04 3.5930002e+00 
4.4421690e+04 3.5905733e+00 
4.4446702e+04 3.5901110e+00 
4.4471715e+04 3.5893791e+00 
4.4496727e+04 3.5860848e+00 
4.4521739e+04 3.5883019e+00 
4.4546751e+04 3.5892272e+00 
4.4571764e+04 3.5888367e+00 
4.4596776e+04 3.5879109e+00 
4.4621788e+04 3.5870178e+00 
4.4646800e+04 3.5874362e+00 
4.4671812e+04 3.5880482e+00 
4.4696825e+04 3.5889609e+00 
4.4721837e+04 3.5875680e+00 
4.4746849e+04 3.5871103e+00 
4.4771861e+04 3.5857439e+00 
4.4796873e+04 3.5849092e+00 
4.4821886e+04 3.5861347e+00 
4.4846898e+04 3.5874400e+00 
4.4871910e+04 3.5879877e+00 
4.4896922e+04 3.5882044e+00 
4.4921935e+04 3.5876670e+00 
4.4946947e+04 3.5875473e+00 
4.4971959e+04 3.5868709e+00 
4.4996971e+04 3.5868847e+00 
4.5021983e+04 3.5870068e+00 
4.5046996e+04 3.5890219e+00 
4.5072008e+04 3.5879104e+00 
4.5097020e+04 3.5871899e+00 
4.5122032e+04 3.5892510e+00 
4.5147044e+04 3.5886652e+00 
4.5172057e+04 3.5881822e+00 
4.5197069e+04 3.5903106e+00 
4.5222081e+04 3.5900254e+00 
4.5247093e+04 3.5902374e+00 
4.5272106e+04 3.5904176e+00 
4.5297118e+04 3.5905945e+00 
4.5322130e+04 3.5899057e+00 
4.5347142e+04 3.5903141e+00 
4.5372154e+04 3.5896475e+00 
4.5397167e+04 3.5886250e+00 
4.5422179e+04 3.5894845e+00 
4.5447191e+04 3.5887716e+00 
4.5472203e+04 3.5898747e+00 
4.5497215e+04 3.5895815e+00 
4.5522228e+04 3.5913436e+00 
4.5547240e+04 3.5935066e+00 
4.5572252e+04 3.5932910e+00 
4.5597264e+04 3.5928390e+00 
4.5622277e+04 3.5933783e+00 
4.5647289e+04 3.5928373e+00 
4.5672301e+04 3.5917587e+00 
4.5697313e+04 3.5925722e+00 
4.5722325e+04 3.5925214e+00 
4.5747338e+04 3.5924006e+00 
4.5772350e+04 3.5906241e+00 
4.5797362e+04 3.5920782e+00 
4.5822374e+04 3.5927675e+00 
4.5847386e+04 3.5939915e+00 
4.5872399e+04 3.5943694e+00 
4.5897411e+04 3.5916615e+00 
4.5922423e+04 3.5915704e+00 
4.5947435e+04 3.5921068e+00 
4.5972447e+04 3.5920136e+00 
4.5997460e+04 3.5932112e+00 
4.6022472e+04 3.5952318e+00 
4.6047484e+04 3.5934424e+00 
4.6072496e+04 3.5930021e+00 
4.6097509e+04 3.5940571e+00 
4.6122521e+04 3.5928044e+00 
4.6147533e+04 3.5905621e+00 
4.6172545e+04 3.5914195e+00 
4.6197557e+04 3.5935609e+00 
4.6222570e+04 3.5928404e+00 
4.6247582e+04 3.5923774e+00 
4.6272594e+04 3.5941606e+00 
4.6297606e+04 3.5942030e+00 
4.6322618e+04 3.5953832e+00 
4.6347631e+04 3.5951054e+00 
4.6372643e+04 3.5937235e+00 
4.6397655e+04 3.5934095e+00 
4.6422667e+04 3.5921555e+00 
4.6447680e+04 3.5920944e+00 
4.6472692e+04 3.5926604e+00 
4.6497704e+04 3.5923395e+00 
4.6522716e+04 3.5911283e+00 
4.6547728e+04 3.5911095e+00 
4.6572741e+04 3.5913382e+00 
4.6597753e+04 3.5920820e+00 
4.6622765e+04 3.5911288e+00 
4.6647777e+04 3.5896144e+00 
4.6672789e+04 3.5888021e+00 
4.6697802e+04 3.5872273e+00 
4.6722814e+04 3.5882747e+00 
4.6747826e+04 3.5882018e+00 
4.6772838e+04 3.5881944e+00 
4.6797851e+04 3.5886998e+00 
4.6822863e+04 3.5889671e+00 
4.6847875e+04 3.5890589e+00 
4.6872887e+04 3.5892248e+00 
4.6897899e+04 3.5916882e+00 
4.6922912e+04 3.5908129e+00 
4.6947924e+04 3.5916765e+00 
4.6972936e+04 3.5944743e+00 
4.6997948e+04 3.5947778e+00 
4.7022960e+04 3.5959868e+00 
4.7047973e+04 3.5978899e+00 
4.7072985e+04 3.5965953e+00 
4.7097997e+04 3.5965118e+00 
4.7123009e+04 3.5971260e+00 
4.7148021e+04 3.5998452e+00 
4.7173034e+04 3.5995779e+00 
4.7198046e+04 3.6007347e+00 
4.7223058e+04 3.6031175e+00 
4.7248070e+04 3.6026802e+00 
4.7273083e+04 3.6024737e+00 
4.7298095e+04 3.6019921e+00 
4.7323107e+04 3.6029665e+00 
4.7348119e+04 3.6045642e+00 
4.7373131e+04 3.6035609e+00 
4.7398144e+04 3.6012378e+00 
4.7423156e+04 3.6001599e+00 
4.7448168e+04 3.5989501e+00 
4.7473180e+04 3.5968802e+00 
4.7498192e+04 3.5972884e+00 
4.7523205e+04 3.5970993e+00 
4.7548217e+04 3.5971289e+00 
4.7573229e+04 3.5979486e+00 
4.7598241e+04 3.5985184e+00 
4.7623254e+04 3.5975184e+00 
4.7648266e+04 3.5968022e+00 
4.7673278e+04 3.5978379e+00 
4.7698290e+04 3.5947976e+00 
4.7723302e+04 3.5919440e+00 
4.7748315e+04 3.5925179e+00 
4.7773327e+04 3.5944033e+00 
4.7798339e+04 3.5930781e+00 
4.7823351e+04 3.5928719e+00 
4.7848363e+04 3.5934594e+00 
4.7873376e+04 3.5937674e+00 
4.7898388e+04 3.5930159e+00 
4.7923400e+04 3.5923748e+00 
4.7948412e+04 3.5935371e+00 
4.7973425e+04 3.5922289e+00 
4.7998437e+04 3.5929785e+00 
4.8023449e+04 3.5917971e+00 
4.8048461e+04 3.5912471e+00 
4.8073473e+04 3.5921073e+00 
4.8098486e+04 3.5915737e+00 
4.8123498e+04 3.5902061e+00 
4.8148510e+04 3.5906236e+00 
4.8173522e+04 3.5905409e+00 
4.8198534e+04 3.5892775e+00 
4.8223547e+04 3.5886214e+00 
4.8248559e+04 3.5876007e+00 
4.8273571e+04 3.5865476e+00 
4.8298583e+04 3.5853610e+00 
4.8323596e+04 3.5856061e+00 
4.8348608e+04 3.5859396e+00 
4.8373620e+04 3.5852149e+00 
4.8398632e+04 3.5867927e+00 
4.8423644e+04 3.5850263e+00 
4.8448657e+04 3.5824854e+00 
4.8473669e+04 3.5805757e+00 
4.8498681e+04 3.5796540e+00 
4.8523693e+04 3.5775754e+00 
4.8548705e+04 3.5771291e+00 
4.8573718e+04 3.5773864e+00 
4.8598730e+04 3.5780170e+00 
4.8623742e+04 3.5776138e+00 
4.8648754e+04 3.5772967e+00 
4.8673766e+04 3.5788321e+00 
4.8698779e+04 3.5786333e+00 
4.8723791e+04 3.5820146e+00 
4.8748803e+04 3.5817873e+00 
4.8773815e+04 3.5827706e+00 
4.8798828e+04 3.5842121e+00 
4.8823840e+04 3.5840492e+00 
4.8848852e+04 3.5850711e+00 
4.8873864e+04 3.5877182e+00 
4.8898876e+04 3.5881777e+00 
4.8923889e+04 3.5880363e+00 
4.8948901e+04 3.5878792e+00 
4.8973913e+04 3.5879405e+00 
4.8998925e+04 3.5905097e+00 
4.9023937e+04 3.5907030e+00 
4.9048950e+04 3.5888820e+00 
4.9073962e+04 3.5902357e+00 
4.9098974e+04 3.5909159e+00 
4.9123986e+04 3.5917912e+00 
4.9148999e+04 3.5907705e+00 
4.9174011e+04 3.5928917e+00 
4.9199023e+04 3.5931890e+00 
4.9224035e+04 3.5940456e+00 
4.9249047e+04 3.5957627e+00 
4.9274060e+04 3.5954211e+00 
4.9299072e+04 3.5955193e+00 
4.9324084e+04 3.5947866e+00 
4.9349096e+04 3.5948055e+00 
4.9374108e+04 3.5967226e+00 
4.9399121e+04 3.5963430e+00 
4.9424133e+04 3.5973778e+00 
4.9449145e+04 3.5987289e+00 
4.9474157e+04 3.5981524e+00 
4.9499170e+04 3.5972192e+00 
4.9524182e+04 3.5975220e+00 
4.9549194e+04 3.5973704e+00 
4.9574206e+04 3.5954044e+00 
4.9599218e+04 3.5923798e+00 
4.9624231e+04 3.5914719e+00 
4.9649243e+04 3.5904665e+00 
4.9674255e+04 3.5896800e+00 
4.9699267e+04 3.5891509e+00 
4.9724279e+04 3.5881491e+00 
4.9749292e+04 3.5894868e+00 
4.9774304e+04 3.5913031e+00 
4.9799316e+04 3.5915763e+00 
4.9824328e+04 3.5917282e+00 
4.9849340e+04 3.5915270e+00 
4.9874353e+04 3.5926871e+00 
4.9899365e+04 3.5932832e+00 
4.9924377e+04 3.5936768e+00 
4.9949389e+04 3.5923345e+00 
4.9974402e+04 3.5941548e+00 
4.9999414e+04 3.5937314e+00 
5.0024426e+04 3.5930002e+00 
5.0049438e+04 3.5944049e+00 
5.0074450e+04 3.5942569e+00 
5.0099463e+04 3.5928187e+00 
5.0124475e+04 3.5930569e+00 
5.0149487e+04 3.5946357e+00 
5.0174499e+04 3.5935712e+00 
5.0199511e+04 3.5936694e+00 
5.0224524e+04 3.5956531e+00 
5.0249536e+04 3.5946002e+00 
5.0274548e+04 3.5941203e+00 
5.0299560e+04 3.5936501e+00 
5.0324573e+04 3.5920076e+00 
5.0349585e+04 3.5912445e+00 
5.0374597e+04 3.5915117e+00 
5.0399609e+04 3.5922523e+00 
5.0424621e+04 3.5952115e+00 
5.0449634e+04 3.5954592e+00 
5.0474646e+04 3.5939825e+00 
5.0499658e+04 3.5932148e+00 
5.0524670e+04 3.5954998e+00 
5.0549682e+04 3.5957785e+00 
5.0574695e+04 3.5953965e+00 
5.0599707e+04 3.5947492e+00 
5.0624719e+04 3.5962050e+00 
5.0649731e+04 3.5955238e+00 
5.0674744e+04 3.5930474e+00 
5.0699756e+04 3.5946426e+00 
5.0724768e+04 3.5960271e+00 
5.0749780e+04 3.5970500e+00 
5.0774792e+04 3.5957706e+00 
5.0799805e+04 3.5957553e+00 
5.0824817e+04 3.5956614e+00 
5.0849829e+04 3.5946791e+00 
5.0874841e+04 3.5942473e+00 
5.0899853e+04 3.5946681e+00 
5.0924866e+04 3.5965924e+00 
5.0949878e+04 3.5949047e+00 
5.0974890e+04 3.5947201e+00 
5.0999902e+04 3.5936136e+00 
5.1024915e+04 3.5935860e+00 
5.1049927e+04 3.5940516e+00 
5.1074939e+04 3.5964799e+00 
5.1099951e+04 3.5960188e+00 
5.1124963e+04 3.5946763e+00 
5.1149976e+04 3.5970795e+00 
5.1174988e+04 3.5980601e+00 
5.1200000e+04 3.5974445e+00 
