0.0000000e+00 3.5777283e+00 
6.2530532e+00 3.5783696e+00 
1.2506106e+01 3.5767488e+00 
1.8759160e+01 3.5800092e+00 
2.5012213e+01 3.5797637e+00 
3.1265266e+01 3.5784433e+00 
3.7518319e+01 3.5742180e+00 
4.3771373e+01 3.5714340e+00 
5.0024426e+01 3.5683012e+00 
5.6277479e+01 3.5641403e+00 
6.2530532e+01 3.5615003e+00 
6.8783586e+01 3.5540712e+00 
7.5036639e+01 3.5521693e+00 
8.1289692e+01 3.5546184e+00 
8.7542745e+01 3.5603225e+00 
9.3795799e+01 3.5658631e+00 
1.0004885e+02 3.5721800e+00 
1.0630191e+02 3.5725982e+00 
1.1255496e+02 3.5688193e+00 
1.1880801e+02 3.5705357e+00 
1.2506106e+02 3.5706580e+00 
1.3131412e+02 3.5722153e+00 
1.3756717e+02 3.5727644e+00 
1.4382022e+02 3.5737925e+00 
1.5007328e+02 3.5765269e+00 
1.5632633e+02 3.5767183e+00 
1.6257938e+02 3.5793445e+00 
1.6883244e+02 3.5763555e+00 
1.7508549e+02 3.5749187e+00 
1.8133854e+02 3.5761631e+00 
1.8759160e+02 3.5760581e+00 
1.9384465e+02 3.5746777e+00 
2.0009770e+02 3.5728095e+00 
2.0635076e+02 3.5730784e+00 
2.1260381e+02 3.5670261e+00 
2.1885686e+02 3.5591316e+00 
2.2510992e+02 3.5574131e+00 
2.3136297e+02 3.5545447e+00 
2.3761602e+02 3.5546920e+00 
2.4386908e+02 3.5553782e+00 
2.5012213e+02 3.5552492e+00 
2.5637518e+02 3.5518861e+00 
2.6262824e+02 3.5527306e+00 
2.6888129e+02 3.5527399e+00 
2.7513434e+02 3.5540457e+00 
2.8138740e+02 3.5592411e+00 
2.8764045e+02 3.5668280e+00 
2.9389350e+02 3.5719192e+00 
3.0014656e+02 3.5731900e+00 
3.0639961e+02 3.5735083e+00 
3.1265266e+02 3.5720956e+00 
3.1890572e+02 3.5695560e+00 
3.2515877e+02 3.5696628e+00 
3.3141182e+02 3.5692925e+00 
3.3766488e+02 3.5674880e+00 
3.4391793e+02 3.5661626e+00 
3.5017098e+02 3.5633461e+00 
3.5642404e+02 3.5637443e+00 
3.6267709e+02 3.5602708e+00 
3.6893014e+02 3.5549829e+00 
3.7518319e+02 3.5539439e+00 
3.8143625e+02 3.5592067e+00 
3.8768930e+02 3.5636342e+00 
3.9394235e+02 3.5660231e+00 
4.0019541e+02 3.5637350e+00 
4.0644846e+02 3.5602741e+00 
4.1270151e+02 3.5586669e+00 
4.1895457e+02 3.5545278e+00 
4.2520762e+02 3.5548961e+00 
4.3146067e+02 3.5560653e+00 
4.3771373e+02 3.5602260e+00 
4.4396678e+02 3.5627110e+00 
4.5021983e+02 3.5642467e+00 
4.5647289e+02 3.5644867e+00 
4.6272594e+02 3.5635252e+00 
4.6897899e+02 3.5573680e+00 
4.7523205e+02 3.5549839e+00 
4.8148510e+02 3.5523131e+00 
4.8773815e+02 3.5544028e+00 
4.9399121e+02 3.5598502e+00 
5.0024426e+02 3.5624352e+00 
5.0649731e+02 3.5608377e+00 
5.1275037e+02 3.5642054e+00 
5.1900342e+02 3.5692577e+00 
5.2525647e+02 3.5663843e+00 
5.3150953e+02 3.5648215e+00 
5.3776258e+02 3.5674276e+00 
5.4401563e+02 3.5690780e+00 
5.5026869e+02 3.5717545e+00 
5.5652174e+02 3.5704665e+00 
5.6277479e+02 3.5703769e+00 
5.6902785e+02 3.5712104e+00 
5.7528090e+02 3.5686381e+00 
5.8153395e+02 3.5672827e+00 
5.8778701e+02 3.5665321e+00 
5.9404006e+02 3.5670619e+00 
6.0029311e+02 3.5663023e+00 
6.0654617e+02 3.5670536e+00 
6.1279922e+02 3.5705516e+00 
6.1905227e+02 3.5697942e+00 
6.2530532e+02 3.5671344e+00 
6.3155838e+02 3.5688810e+00 
6.3781143e+02 3.5705626e+00 
6.4406448e+02 3.5701127e+00 
6.5031754e+02 3.5682018e+00 
6.5657059e+02 3.5704253e+00 
6.6282364e+02 3.5708277e+00 
6.6907670e+02 3.5677013e+00 
6.7532975e+02 3.5688958e+00 
6.8158280e+02 3.5681698e+00 
6.8783586e+02 3.5644062e+00 
6.9408891e+02 3.5633442e+00 
7.0034196e+02 3.5635579e+00 
7.0659502e+02 3.5623055e+00 
7.1284807e+02 3.5596166e+00 
7.1910112e+02 3.5576093e+00 
7.2535418e+02 3.5544140e+00 
7.3160723e+02 3.5545120e+00 
7.3786028e+02 3.5581353e+00 
7.4411334e+02 3.5574775e+00 
7.5036639e+02 3.5557320e+00 
7.5661944e+02 3.5594432e+00 
7.6287250e+02 3.5612028e+00 
7.6912555e+02 3.5615840e+00 
7.7537860e+02 3.5622640e+00 
7.8163166e+02 3.5624933e+00 
7.8788471e+02 3.5643876e+00 
7.9413776e+02 3.5653703e+00 
8.0039082e+02 3.5644178e+00 
8.0664387e+02 3.5659082e+00 
8.1289692e+02 3.5698769e+00 
8.1914998e+02 3.5673244e+00 
8.2540303e+02 3.5662782e+00 
8.3165608e+02 3.5649476e+00 
8.3790914e+02 3.5635922e+00 
8.4416219e+02 3.5624766e+00 
8.5041524e+02 3.5622249e+00 
8.5666830e+02 3.5596385e+00 
8.6292135e+02 3.5554445e+00 
8.6917440e+02 3.5546570e+00 
8.7542745e+02 3.5559363e+00 
8.8168051e+02 3.5582466e+00 
8.8793356e+02 3.5575736e+00 
8.9418661e+02 3.5612833e+00 
9.0043967e+02 3.5606675e+00 
9.0669272e+02 3.5609231e+00 
9.1294577e+02 3.5637755e+00 
9.1919883e+02 3.5661254e+00 
9.2545188e+02 3.5686774e+00 
9.3170493e+02 3.5731983e+00 
9.3795799e+02 3.5751150e+00 
9.4421104e+02 3.5723569e+00 
9.5046409e+02 3.5706964e+00 
9.5671715e+02 3.5639443e+00 
9.6297020e+02 3.5613141e+00 
9.6922325e+02 3.5558240e+00 
9.7547631e+02 3.5568204e+00 
9.8172936e+02 3.5609848e+00 
9.8798241e+02 3.5601971e+00 
9.9423547e+02 3.5611954e+00 
1.0004885e+03 3.5641026e+00 
1.0067416e+03 3.5620968e+00 
1.0129946e+03 3.5610585e+00 
1.0192477e+03 3.5572245e+00 
1.0255007e+03 3.5586910e+00 
1.0317538e+03 3.5644143e+00 
1.0380068e+03 3.5648117e+00 
1.0442599e+03 3.5647652e+00 
1.0505129e+03 3.5681517e+00 
1.0567660e+03 3.5703444e+00 
1.0630191e+03 3.5680251e+00 
1.0692721e+03 3.5691073e+00 
1.0755252e+03 3.5693965e+00 
1.0817782e+03 3.5658729e+00 
1.0880313e+03 3.5700755e+00 
1.0942843e+03 3.5715563e+00 
1.1005374e+03 3.5713334e+00 
1.1067904e+03 3.5708110e+00 
1.1130435e+03 3.5702121e+00 
1.1192965e+03 3.5665846e+00 
1.1255496e+03 3.5640998e+00 
1.1318026e+03 3.5606651e+00 
1.1380557e+03 3.5616460e+00 
1.1443087e+03 3.5595205e+00 
1.1505618e+03 3.5564258e+00 
1.1568149e+03 3.5561662e+00 
1.1630679e+03 3.5571225e+00 
1.1693210e+03 3.5597084e+00 
1.1755740e+03 3.5572250e+00 
1.1818271e+03 3.5560243e+00 
1.1880801e+03 3.5563087e+00 
1.1943332e+03 3.5616486e+00 
1.2005862e+03 3.5680778e+00 
1.2068393e+03 3.5709610e+00 
1.2130923e+03 3.5732594e+00 
1.2193454e+03 3.5720727e+00 
1.2255984e+03 3.5753918e+00 
1.2318515e+03 3.5772564e+00 
1.2381045e+03 3.5777185e+00 
1.2443576e+03 3.5760164e+00 
1.2506106e+03 3.5754304e+00 
1.2568637e+03 3.5781622e+00 
1.2631168e+03 3.5748603e+00 
1.2693698e+03 3.5707855e+00 
1.2756229e+03 3.5695317e+00 
1.2818759e+03 3.5697904e+00 
1.2881290e+03 3.5695336e+00 
1.2943820e+03 3.5683231e+00 
1.3006351e+03 3.5673347e+00 
1.3068881e+03 3.5642960e+00 
1.3131412e+03 3.5629916e+00 
1.3193942e+03 3.5633397e+00 
1.3256473e+03 3.5659969e+00 
1.3319003e+03 3.5668225e+00 
1.3381534e+03 3.5670576e+00 
1.3444064e+03 3.5684950e+00 
1.3506595e+03 3.5677738e+00 
1.3569126e+03 3.5618856e+00 
1.3631656e+03 3.5564961e+00 
1.3694187e+03 3.5572641e+00 
1.3756717e+03 3.5544610e+00 
1.3819248e+03 3.5541613e+00 
1.3881778e+03 3.5563030e+00 
1.3944309e+03 3.5552957e+00 
1.4006839e+03 3.5568070e+00 
1.4069370e+03 3.5561018e+00 
1.4131900e+03 3.5594265e+00 
1.4194431e+03 3.5642467e+00 
1.4256961e+03 3.5676973e+00 
1.4319492e+03 3.5697825e+00 
1.4382022e+03 3.5692818e+00 
1.4444553e+03 3.5687230e+00 
1.4507084e+03 3.5657222e+00 
1.4569614e+03 3.5650568e+00 
1.4632145e+03 3.5653675e+00 
1.4694675e+03 3.5625095e+00 
1.4757206e+03 3.5642178e+00 
1.4819736e+03 3.5679731e+00 
1.4882267e+03 3.5687621e+00 
1.4944797e+03 3.5662401e+00 
1.5007328e+03 3.5645509e+00 
1.5069858e+03 3.5656145e+00 
1.5132389e+03 3.5611036e+00 
1.5194919e+03 3.5626459e+00 
1.5257450e+03 3.5631392e+00 
1.5319980e+03 3.5624835e+00 
1.5382511e+03 3.5610492e+00 
1.5445042e+03 3.5620563e+00 
1.5507572e+03 3.5607638e+00 
1.5570103e+03 3.5638537e+00 
1.5632633e+03 3.5721428e+00 
1.5695164e+03 3.5759919e+00 
1.5757694e+03 3.5752106e+00 
1.5820225e+03 3.5738761e+00 
1.5882755e+03 3.5727389e+00 
1.5945286e+03 3.5762413e+00 
1.6007816e+03 3.5743971e+00 
1.6070347e+03 3.5721247e+00 
1.6132877e+03 3.5749569e+00 
1.6195408e+03 3.5773413e+00 
1.6257938e+03 3.5779767e+00 
1.6320469e+03 3.5739698e+00 
1.6383000e+03 3.5732024e+00 
1.6445530e+03 3.5720932e+00 
1.6508061e+03 3.5696707e+00 
1.6570591e+03 3.5664687e+00 
1.6633122e+03 3.5658853e+00 
1.6695652e+03 3.5668387e+00 
1.6758183e+03 3.5705097e+00 
1.6820713e+03 3.5730960e+00 
1.6883244e+03 3.5767016e+00 
1.6945774e+03 3.5787404e+00 
1.7008305e+03 3.5714035e+00 
1.7070835e+03 3.5709169e+00 
1.7133366e+03 3.5693514e+00 
1.7195896e+03 3.5685127e+00 
1.7258427e+03 3.5663564e+00 
1.7320957e+03 3.5625110e+00 
1.7383488e+03 3.5646913e+00 
1.7446019e+03 3.5698857e+00 
1.7508549e+03 3.5675452e+00 
1.7571080e+03 3.5585337e+00 
1.7633610e+03 3.5564909e+00 
1.7696141e+03 3.5589807e+00 
1.7758671e+03 3.5627367e+00 
1.7821202e+03 3.5642073e+00 
1.7883732e+03 3.5676627e+00 
1.7946263e+03 3.5689065e+00 
1.8008793e+03 3.5665200e+00 
1.8071324e+03 3.5670052e+00 
1.8133854e+03 3.5667496e+00 
1.8196385e+03 3.5688355e+00 
1.8258915e+03 3.5706193e+00 
1.8321446e+03 3.5647848e+00 
1.8383977e+03 3.5604565e+00 
1.8446507e+03 3.5592668e+00 
1.8509038e+03 3.5640235e+00 
1.8571568e+03 3.5667045e+00 
1.8634099e+03 3.5670943e+00 
1.8696629e+03 3.5659783e+00 
1.8759160e+03 3.5670419e+00 
1.8821690e+03 3.5692518e+00 
1.8884221e+03 3.5705056e+00 
1.8946751e+03 3.5715864e+00 
1.9009282e+03 3.5676455e+00 
1.9071812e+03 3.5644834e+00 
1.9134343e+03 3.5617781e+00 
1.9196873e+03 3.5608318e+00 
1.9259404e+03 3.5614691e+00 
1.9321935e+03 3.5645630e+00 
1.9384465e+03 3.5678620e+00 
1.9446996e+03 3.5699275e+00 
1.9509526e+03 3.5713177e+00 
1.9572057e+03 3.5719495e+00 
1.9634587e+03 3.5718551e+00 
1.9697118e+03 3.5713115e+00 
1.9759648e+03 3.5725560e+00 
1.9822179e+03 3.5756960e+00 
1.9884709e+03 3.5748427e+00 
1.9947240e+03 3.5746012e+00 
2.0009770e+03 3.5738943e+00 
2.0072301e+03 3.5721173e+00 
2.0134831e+03 3.5702322e+00 
2.0197362e+03 3.5671222e+00 
2.0259893e+03 3.5591228e+00 
2.0322423e+03 3.5558016e+00 
2.0384954e+03 3.5581298e+00 
2.0447484e+03 3.5579033e+00 
2.0510015e+03 3.5609882e+00 
2.0572545e+03 3.5603876e+00 
2.0635076e+03 3.5592909e+00 
2.0697606e+03 3.5602846e+00 
2.0760137e+03 3.5588024e+00 
2.0822667e+03 3.5573735e+00 
2.0885198e+03 3.5603397e+00 
2.0947728e+03 3.5617776e+00 
2.1010259e+03 3.5642993e+00 
2.1072789e+03 3.5674393e+00 
2.1135320e+03 3.5679495e+00 
2.1197851e+03 3.5675197e+00 
2.1260381e+03 3.5698235e+00 
2.1322912e+03 3.5696530e+00 
2.1385442e+03 3.5703936e+00 
2.1447973e+03 3.5728312e+00 
2.1510503e+03 3.5726037e+00 
2.1573034e+03 3.5713270e+00 
2.1635564e+03 3.5694218e+00 
2.1698095e+03 3.5670907e+00 
2.1760625e+03 3.5675685e+00 
2.1823156e+03 3.5638278e+00 
2.1885686e+03 3.5627935e+00 
2.1948217e+03 3.5626845e+00 
2.2010747e+03 3.5629711e+00 
2.2073278e+03 3.5643272e+00 
2.2135809e+03 3.5666790e+00 
2.2198339e+03 3.5684693e+00 
2.2260870e+03 3.5670507e+00 
2.2323400e+03 3.5654948e+00 
2.2385931e+03 3.5631177e+00 
2.2448461e+03 3.5631490e+00 
2.2510992e+03 3.5625091e+00 
2.2573522e+03 3.5633602e+00 
2.2636053e+03 3.5691035e+00 
2.2698583e+03 3.5681906e+00 
2.2761114e+03 3.5690608e+00 
2.2823644e+03 3.5691533e+00 
2.2886175e+03 3.5677543e+00 
2.2948705e+03 3.5663354e+00 
2.3011236e+03 3.5597236e+00 
2.3073766e+03 3.5588193e+00 
2.3136297e+03 3.5565908e+00 
2.3198828e+03 3.5576689e+00 
2.3261358e+03 3.5590339e+00 
2.3323889e+03 3.5619776e+00 
2.3386419e+03 3.5673649e+00 
2.3448950e+03 3.5676088e+00 
2.3511480e+03 3.5649927e+00 
2.3574011e+03 3.5616486e+00 
2.3636541e+03 3.5640378e+00 
2.3699072e+03 3.5662377e+00 
2.3761602e+03 3.5692611e+00 
2.3824133e+03 3.5741947e+00 
2.3886663e+03 3.5750895e+00 
2.3949194e+03 3.5748343e+00 
2.4011724e+03 3.5715408e+00 
2.4074255e+03 3.5666413e+00 
2.4136786e+03 3.5650625e+00 
2.4199316e+03 3.5632658e+00 
2.4261847e+03 3.5633159e+00 
2.4324377e+03 3.5611901e+00 
2.4386908e+03 3.5593822e+00 
2.4449438e+03 3.5593596e+00 
2.4511969e+03 3.5621481e+00 
2.4574499e+03 3.5640588e+00 
2.4637030e+03 3.5671930e+00 
2.4699560e+03 3.5672500e+00 
2.4762091e+03 3.5673356e+00 
2.4824621e+03 3.5664740e+00 
2.4887152e+03 3.5675912e+00 
2.4949682e+03 3.5646873e+00 
2.5012213e+03 3.5622098e+00 
2.5074744e+03 3.5604932e+00 
2.5137274e+03 3.5636933e+00 
2.5199805e+03 3.5695438e+00 
2.5262335e+03 3.5706699e+00 
2.5324866e+03 3.5712490e+00 
2.5387396e+03 3.5686264e+00 
2.5449927e+03 3.5668480e+00 
2.5512457e+03 3.5658300e+00 
2.5574988e+03 3.5686934e+00 
2.5637518e+03 3.5703583e+00 
2.5700049e+03 3.5681655e+00 
2.5762579e+03 3.5646513e+00 
2.5825110e+03 3.5645263e+00 
2.5887640e+03 3.5650833e+00 
2.5950171e+03 3.5643575e+00 
2.6012702e+03 3.5642602e+00 
2.6075232e+03 3.5651131e+00 
2.6137763e+03 3.5636694e+00 
2.6200293e+03 3.5636029e+00 
2.6262824e+03 3.5615323e+00 
2.6325354e+03 3.5644867e+00 
2.6387885e+03 3.5696859e+00 
2.6450415e+03 3.5703914e+00 
2.6512946e+03 3.5748205e+00 
2.6575476e+03 3.5748210e+00 
2.6638007e+03 3.5733612e+00 
2.6700537e+03 3.5708084e+00 
2.6763068e+03 3.5703626e+00 
2.6825598e+03 3.5708315e+00 
2.6888129e+03 3.5693288e+00 
2.6950660e+03 3.5674281e+00 
2.7013190e+03 3.5663075e+00 
2.7075721e+03 3.5653982e+00 
2.7138251e+03 3.5665822e+00 
2.7200782e+03 3.5680707e+00 
2.7263312e+03 3.5708017e+00 
2.7325843e+03 3.5691574e+00 
2.7388373e+03 3.5682914e+00 
2.7450904e+03 3.5692563e+00 
2.7513434e+03 3.5665445e+00 
2.7575965e+03 3.5629897e+00 
2.7638495e+03 3.5617981e+00 
2.7701026e+03 3.5620728e+00 
2.7763556e+03 3.5613475e+00 
2.7826087e+03 3.5610414e+00 
2.7888617e+03 3.5599024e+00 
2.7951148e+03 3.5615366e+00 
2.8013679e+03 3.5612066e+00 
2.8076209e+03 3.5611520e+00 
2.8138740e+03 3.5594695e+00 
2.8201270e+03 3.5582368e+00 
2.8263801e+03 3.5608983e+00 
2.8326331e+03 3.5639052e+00 
2.8388862e+03 3.5660784e+00 
2.8451392e+03 3.5660481e+00 
2.8513923e+03 3.5648062e+00 
2.8576453e+03 3.5658128e+00 
2.8638984e+03 3.5670943e+00 
2.8701514e+03 3.5670125e+00 
2.8764045e+03 3.5675197e+00 
2.8826575e+03 3.5662377e+00 
2.8889106e+03 3.5645185e+00 
2.8951637e+03 3.5634086e+00 
2.9014167e+03 3.5632174e+00 
2.9076698e+03 3.5595713e+00 
2.9139228e+03 3.5612917e+00 
2.9201759e+03 3.5592923e+00 
2.9264289e+03 3.5562975e+00 
2.9326820e+03 3.5568070e+00 
2.9389350e+03 3.5543888e+00 
2.9451881e+03 3.5599489e+00 
2.9514411e+03 3.5638747e+00 
2.9576942e+03 3.5686734e+00 
2.9639472e+03 3.5706143e+00 
2.9702003e+03 3.5710094e+00 
2.9764533e+03 3.5705366e+00 
2.9827064e+03 3.5687997e+00 
2.9889595e+03 3.5658133e+00 
2.9952125e+03 3.5644453e+00 
3.0014656e+03 3.5641408e+00 
3.0077186e+03 3.5667481e+00 
3.0139717e+03 3.5641286e+00 
3.0202247e+03 3.5636086e+00 
3.0264778e+03 3.5644598e+00 
3.0327308e+03 3.5677958e+00 
3.0389839e+03 3.5699074e+00 
3.0452369e+03 3.5707223e+00 
3.0514900e+03 3.5708432e+00 
3.0577430e+03 3.5656056e+00 
3.0639961e+03 3.5628908e+00 
3.0702491e+03 3.5576065e+00 
3.0765022e+03 3.5534728e+00 
3.0827553e+03 3.5511355e+00 
3.0890083e+03 3.5509911e+00 
3.0952614e+03 3.5522025e+00 
3.1015144e+03 3.5547707e+00 
3.1077675e+03 3.5551522e+00 
3.1140205e+03 3.5530558e+00 
3.1202736e+03 3.5498934e+00 
3.1265266e+03 3.5501735e+00 
3.1327797e+03 3.5502563e+00 
3.1390327e+03 3.5507281e+00 
3.1452858e+03 3.5481145e+00 
3.1515388e+03 3.5559008e+00 
3.1577919e+03 3.5614648e+00 
3.1640449e+03 3.5676818e+00 
3.1702980e+03 3.5726571e+00 
3.1765511e+03 3.5722697e+00 
3.1828041e+03 3.5722153e+00 
3.1890572e+03 3.5655298e+00 
3.1953102e+03 3.5672808e+00 
3.2015633e+03 3.5678027e+00 
3.2078163e+03 3.5694699e+00 
3.2140694e+03 3.5715818e+00 
3.2203224e+03 3.5702469e+00 
3.2265755e+03 3.5677915e+00 
3.2328285e+03 3.5645866e+00 
3.2390816e+03 3.5594969e+00 
3.2453346e+03 3.5581977e+00 
3.2515877e+03 3.5577421e+00 
3.2578407e+03 3.5579090e+00 
3.2640938e+03 3.5584531e+00 
3.2703468e+03 3.5592756e+00 
3.2765999e+03 3.5621290e+00 
3.2828530e+03 3.5620005e+00 
3.2891060e+03 3.5606866e+00 
3.2953591e+03 3.5619276e+00 
3.3016121e+03 3.5610235e+00 
3.3078652e+03 3.5653269e+00 
3.3141182e+03 3.5678291e+00 
3.3203713e+03 3.5685785e+00 
3.3266243e+03 3.5691686e+00 
3.3328774e+03 3.5686381e+00 
3.3391304e+03 3.5734746e+00 
3.3453835e+03 3.5722589e+00 
3.3516365e+03 3.5676284e+00 
3.3578896e+03 3.5655138e+00 
3.3641426e+03 3.5637062e+00 
3.3703957e+03 3.5593953e+00 
3.3766488e+03 3.5583119e+00 
3.3829018e+03 3.5562005e+00 
3.3891549e+03 3.5559916e+00 
3.3954079e+03 3.5551820e+00 
3.4016610e+03 3.5573974e+00 
3.4079140e+03 3.5610511e+00 
3.4141671e+03 3.5649712e+00 
3.4204201e+03 3.5678174e+00 
3.4266732e+03 3.5726252e+00 
3.4329262e+03 3.5734835e+00 
3.4391793e+03 3.5729909e+00 
3.4454323e+03 3.5707321e+00 
3.4516854e+03 3.5672348e+00 
3.4579384e+03 3.5634494e+00 
3.4641915e+03 3.5614173e+00 
3.4704446e+03 3.5597999e+00 
3.4766976e+03 3.5609653e+00 
3.4829507e+03 3.5614364e+00 
3.4892037e+03 3.5635393e+00 
3.4954568e+03 3.5620430e+00 
3.5017098e+03 3.5597246e+00 
3.5079629e+03 3.5638747e+00 
3.5142159e+03 3.5689683e+00 
3.5204690e+03 3.5678072e+00 
3.5267220e+03 3.5676813e+00 
3.5329751e+03 3.5632098e+00 
3.5392281e+03 3.5601497e+00 
3.5454812e+03 3.5657990e+00 
3.5517342e+03 3.5658171e+00 
3.5579873e+03 3.5654488e+00 
3.5642404e+03 3.5659695e+00 
3.5704934e+03 3.5685587e+00 
3.5767465e+03 3.5726552e+00 
3.5829995e+03 3.5700259e+00 
3.5892526e+03 3.5721643e+00 
3.5955056e+03 3.5718546e+00 
3.6017587e+03 3.5728841e+00 
3.6080117e+03 3.5739081e+00 
3.6142648e+03 3.5732822e+00 
3.6205178e+03 3.5719829e+00 
3.6267709e+03 3.5725996e+00 
3.6330239e+03 3.5711203e+00 
3.6392770e+03 3.5714428e+00 
3.6455300e+03 3.5679801e+00 
3.6517831e+03 3.5642607e+00 
3.6580362e+03 3.5655906e+00 
3.6642892e+03 3.5680995e+00 
3.6705423e+03 3.5654051e+00 
3.6767953e+03 3.5645895e+00 
3.6830484e+03 3.5685577e+00 
3.6893014e+03 3.5647945e+00 
3.6955545e+03 3.5625970e+00 
3.7018075e+03 3.5613084e+00 
3.7080606e+03 3.5569477e+00 
3.7143136e+03 3.5557334e+00 
3.7205667e+03 3.5557315e+00 
3.7268197e+03 3.5545268e+00 
3.7330728e+03 3.5513279e+00 
3.7393258e+03 3.5558388e+00 
3.7455789e+03 3.5576546e+00 
3.7518319e+03 3.5592132e+00 
3.7580850e+03 3.5617614e+00 
3.7643381e+03 3.5632429e+00 
3.7705911e+03 3.5680513e+00 
3.7768442e+03 3.5697365e+00 
3.7830972e+03 3.5661206e+00 
3.7893503e+03 3.5640650e+00 
3.7956033e+03 3.5668161e+00 
3.8018564e+03 3.5708399e+00 
3.8081094e+03 3.5703194e+00 
3.8143625e+03 3.5727351e+00 
3.8206155e+03 3.5723310e+00 
3.8268686e+03 3.5704229e+00 
3.8331216e+03 3.5697982e+00 
3.8393747e+03 3.5670187e+00 
3.8456277e+03 3.5631783e+00 
3.8518808e+03 3.5609198e+00 
3.8581339e+03 3.5627139e+00 
3.8643869e+03 3.5628638e+00 
3.8706400e+03 3.5623863e+00 
3.8768930e+03 3.5593386e+00 
3.8831461e+03 3.5603127e+00 
3.8893991e+03 3.5613265e+00 
3.8956522e+03 3.5569210e+00 
3.9019052e+03 3.5555215e+00 
3.9081583e+03 3.5600877e+00 
3.9144113e+03 3.5613596e+00 
3.9206644e+03 3.5552888e+00 
3.9269174e+03 3.5573266e+00 
3.9331705e+03 3.5609529e+00 
3.9394235e+03 3.5638123e+00 
3.9456766e+03 3.5636649e+00 
3.9519297e+03 3.5636454e+00 
3.9581827e+03 3.5647142e+00 
3.9644358e+03 3.5627191e+00 
3.9706888e+03 3.5629983e+00 
3.9769419e+03 3.5632467e+00 
3.9831949e+03 3.5617468e+00 
3.9894480e+03 3.5615885e+00 
3.9957010e+03 3.5644076e+00 
4.0019541e+03 3.5652721e+00 
4.0082071e+03 3.5684500e+00 
4.0144602e+03 3.5673091e+00 
4.0207132e+03 3.5649452e+00 
4.0269663e+03 3.5673900e+00 
4.0332193e+03 3.5643859e+00 
4.0394724e+03 3.5625472e+00 
4.0457255e+03 3.5629628e+00 
4.0519785e+03 3.5643947e+00 
4.0582316e+03 3.5608249e+00 
4.0644846e+03 3.5586226e+00 
4.0707377e+03 3.5567935e+00 
4.0769907e+03 3.5534639e+00 
4.0832438e+03 3.5572720e+00 
4.0894968e+03 3.5573187e+00 
4.0957499e+03 3.5562532e+00 
4.1020029e+03 3.5592482e+00 
4.1082560e+03 3.5618725e+00 
4.1145090e+03 3.5648561e+00 
4.1207621e+03 3.5692754e+00 
4.1270151e+03 3.5713878e+00 
4.1332682e+03 3.5729978e+00 
4.1395213e+03 3.5748401e+00 
4.1457743e+03 3.5728183e+00 
4.1520274e+03 3.5685441e+00 
4.1582804e+03 3.5692239e+00 
4.1645335e+03 3.5714982e+00 
4.1707865e+03 3.5679231e+00 
4.1770396e+03 3.5620034e+00 
4.1832926e+03 3.5611670e+00 
4.1895457e+03 3.5587392e+00 
4.1957987e+03 3.5575614e+00 
4.2020518e+03 3.5569048e+00 
4.2083048e+03 3.5589986e+00 
4.2145579e+03 3.5571918e+00 
4.2208109e+03 3.5569346e+00 
4.2270640e+03 3.5594921e+00 
4.2333170e+03 3.5627618e+00 
4.2395701e+03 3.5617552e+00 
4.2458232e+03 3.5597003e+00 
4.2520762e+03 3.5619125e+00 
4.2583293e+03 3.5657432e+00 
4.2645823e+03 3.5696726e+00 
4.2708354e+03 3.5745032e+00 
4.2770884e+03 3.5784633e+00 
4.2833415e+03 3.5797970e+00 
4.2895945e+03 3.5784864e+00 
4.2958476e+03 3.5777757e+00 
4.3021006e+03 3.5763576e+00 
4.3083537e+03 3.5742397e+00 
4.3146067e+03 3.5729268e+00 
4.3208598e+03 3.5700216e+00 
4.3271128e+03 3.5659111e+00 
4.3333659e+03 3.5681860e+00 
4.3396190e+03 3.5711830e+00 
4.3458720e+03 3.5703125e+00 
4.3521251e+03 3.5669572e+00 
4.3583781e+03 3.5618503e+00 
4.3646312e+03 3.5609710e+00 
4.3708842e+03 3.5589635e+00 
4.3771373e+03 3.5556393e+00 
4.3833903e+03 3.5538754e+00 
4.3896434e+03 3.5525370e+00 
4.3958964e+03 3.5578890e+00 
4.4021495e+03 3.5662792e+00 
4.4084025e+03 3.5710914e+00 
4.4146556e+03 3.5744503e+00 
4.4209086e+03 3.5754266e+00 
4.4271617e+03 3.5759640e+00 
4.4334148e+03 3.5728335e+00 
4.4396678e+03 3.5688462e+00 
4.4459209e+03 3.5726154e+00 
4.4521739e+03 3.5766933e+00 
4.4584270e+03 3.5787001e+00 
4.4646800e+03 3.5754824e+00 
4.4709331e+03 3.5715466e+00 
4.4771861e+03 3.5710192e+00 
4.4834392e+03 3.5680053e+00 
4.4896922e+03 3.5707350e+00 
4.4959453e+03 3.5696976e+00 
4.5021983e+03 3.5651252e+00 
4.5084514e+03 3.5593719e+00 
4.5147044e+03 3.5578773e+00 
4.5209575e+03 3.5574341e+00 
4.5272106e+03 3.5560989e+00 
4.5334636e+03 3.5567818e+00 
4.5397167e+03 3.5558655e+00 
4.5459697e+03 3.5509419e+00 
4.5522228e+03 3.5508463e+00 
4.5584758e+03 3.5503790e+00 
4.5647289e+03 3.5507281e+00 
4.5709819e+03 3.5540302e+00 
4.5772350e+03 3.5569921e+00 
4.5834880e+03 3.5602810e+00 
4.5897411e+03 3.5628433e+00 
4.5959941e+03 3.5666022e+00 
4.6022472e+03 3.5714765e+00 
4.6085002e+03 3.5761955e+00 
4.6147533e+03 3.5776198e+00 
4.6210064e+03 3.5781639e+00 
4.6272594e+03 3.5775201e+00 
4.6335125e+03 3.5753970e+00 
4.6397655e+03 3.5729551e+00 
4.6460186e+03 3.5696831e+00 
4.6522716e+03 3.5691779e+00 
4.6585247e+03 3.5675843e+00 
4.6647777e+03 3.5622230e+00 
4.6710308e+03 3.5607560e+00 
4.6772838e+03 3.5609040e+00 
4.6835369e+03 3.5594008e+00 
4.6897899e+03 3.5601203e+00 
4.6960430e+03 3.5610502e+00 
4.7022960e+03 3.5619619e+00 
4.7085491e+03 3.5678356e+00 
4.7148021e+03 3.5701175e+00 
4.7210552e+03 3.5718467e+00 
4.7273083e+03 3.5701954e+00 
4.7335613e+03 3.5680494e+00 
4.7398144e+03 3.5715892e+00 
4.7460674e+03 3.5674481e+00 
4.7523205e+03 3.5700822e+00 
4.7585735e+03 3.5669351e+00 
4.7648266e+03 3.5636091e+00 
4.7710796e+03 3.5622180e+00 
4.7773327e+03 3.5650690e+00 
4.7835857e+03 3.5673375e+00 
4.7898388e+03 3.5667353e+00 
4.7960918e+03 3.5662737e+00 
4.8023449e+03 3.5649898e+00 
4.8085979e+03 3.5615704e+00 
4.8148510e+03 3.5648923e+00 
4.8211041e+03 3.5671661e+00 
4.8273571e+03 3.5693831e+00 
4.8336102e+03 3.5722530e+00 
4.8398632e+03 3.5727007e+00 
4.8461163e+03 3.5741494e+00 
4.8523693e+03 3.5725894e+00 
4.8586224e+03 3.5718114e+00 
4.8648754e+03 3.5703924e+00 
4.8711285e+03 3.5673869e+00 
4.8773815e+03 3.5672121e+00 
4.8836346e+03 3.5693057e+00 
4.8898876e+03 3.5705855e+00 
4.8961407e+03 3.5706072e+00 
4.9023937e+03 3.5729017e+00 
4.9086468e+03 3.5695722e+00 
4.9148999e+03 3.5686293e+00 
4.9211529e+03 3.5685637e+00 
4.9274060e+03 3.5669341e+00 
4.9336590e+03 3.5669391e+00 
4.9399121e+03 3.5658984e+00 
4.9461651e+03 3.5592709e+00 
4.9524182e+03 3.5576367e+00 
4.9586712e+03 3.5594172e+00 
4.9649243e+03 3.5611484e+00 
4.9711773e+03 3.5608048e+00 
4.9774304e+03 3.5611701e+00 
4.9836834e+03 3.5581005e+00 
4.9899365e+03 3.5593283e+00 
4.9961895e+03 3.5582206e+00 
5.0024426e+03 3.5599058e+00 
5.0086957e+03 3.5603638e+00 
5.0149487e+03 3.5601101e+00 
5.0212018e+03 3.5650647e+00 
5.0274548e+03 3.5687292e+00 
5.0337079e+03 3.5714536e+00 
5.0399609e+03 3.5741646e+00 
5.0462140e+03 3.5754476e+00 
5.0524670e+03 3.5771959e+00 
5.0587201e+03 3.5767939e+00 
5.0649731e+03 3.5782433e+00 
5.0712262e+03 3.5777514e+00 
5.0774792e+03 3.5747802e+00 
5.0837323e+03 3.5744267e+00 
5.0899853e+03 3.5743854e+00 
5.0962384e+03 3.5740416e+00 
5.1024915e+03 3.5696032e+00 
5.1087445e+03 3.5670462e+00 
5.1149976e+03 3.5640383e+00 
5.1212506e+03 3.5626986e+00 
5.1275037e+03 3.5621784e+00 
5.1337567e+03 3.5617218e+00 
5.1400098e+03 3.5622239e+00 
5.1462628e+03 3.5613341e+00 
5.1525159e+03 3.5553699e+00 
5.1587689e+03 3.5509126e+00 
5.1650220e+03 3.5553451e+00 
5.1712750e+03 3.5549648e+00 
5.1775281e+03 3.5605385e+00 
5.1837811e+03 3.5652623e+00 
5.1900342e+03 3.5670409e+00 
5.1962872e+03 3.5706584e+00 
5.2025403e+03 3.5725296e+00 
5.2087934e+03 3.5759571e+00 
5.2150464e+03 3.5778544e+00 
5.2212995e+03 3.5788283e+00 
5.2275525e+03 3.5800378e+00 
5.2338056e+03 3.5787547e+00 
5.2400586e+03 3.5787117e+00 
5.2463117e+03 3.5761602e+00 
5.2525647e+03 3.5744207e+00 
5.2588178e+03 3.5727365e+00 
5.2650708e+03 3.5683086e+00 
5.2713239e+03 3.5685251e+00 
5.2775769e+03 3.5673468e+00 
5.2838300e+03 3.5625060e+00 
5.2900830e+03 3.5613954e+00 
5.2963361e+03 3.5551224e+00 
5.3025892e+03 3.5560095e+00 
5.3088422e+03 3.5555880e+00 
5.3150953e+03 3.5573540e+00 
5.3213483e+03 3.5536511e+00 
5.3276014e+03 3.5550742e+00 
5.3338544e+03 3.5535653e+00 
5.3401075e+03 3.5541155e+00 
5.3463605e+03 3.5542181e+00 
5.3526136e+03 3.5558236e+00 
5.3588666e+03 3.5611134e+00 
5.3651197e+03 3.5604906e+00 
5.3713727e+03 3.5583329e+00 
5.3776258e+03 3.5623915e+00 
5.3838788e+03 3.5686264e+00 
5.3901319e+03 3.5699205e+00 
5.3963850e+03 3.5691652e+00 
5.4026380e+03 3.5694969e+00 
5.4088911e+03 3.5709236e+00 
5.4151441e+03 3.5672023e+00 
5.4213972e+03 3.5701568e+00 
5.4276502e+03 3.5714791e+00 
5.4339033e+03 3.5692425e+00 
5.4401563e+03 3.5713284e+00 
5.4464094e+03 3.5696452e+00 
5.4526624e+03 3.5677743e+00 
5.4589155e+03 3.5661342e+00 
5.4651685e+03 3.5649695e+00 
5.4714216e+03 3.5639644e+00 
5.4776746e+03 3.5614905e+00 
5.4839277e+03 3.5585494e+00 
5.4901808e+03 3.5550892e+00 
5.4964338e+03 3.5541716e+00 
5.5026869e+03 3.5525374e+00 
5.5089399e+03 3.5544097e+00 
5.5151930e+03 3.5539365e+00 
5.5214460e+03 3.5536838e+00 
5.5276991e+03 3.5581825e+00 
5.5339521e+03 3.5660310e+00 
5.5402052e+03 3.5699744e+00 
5.5464582e+03 3.5678046e+00 
5.5527113e+03 3.5681348e+00 
5.5589643e+03 3.5666111e+00 
5.5652174e+03 3.5647793e+00 
5.5714704e+03 3.5680323e+00 
5.5777235e+03 3.5681288e+00 
5.5839766e+03 3.5697119e+00 
5.5902296e+03 3.5691078e+00 
5.5964827e+03 3.5663507e+00 
5.6027357e+03 3.5696316e+00 
5.6089888e+03 3.5706649e+00 
5.6152418e+03 3.5677445e+00 
5.6214949e+03 3.5665357e+00 
5.6277479e+03 3.5651038e+00 
5.6340010e+03 3.5657437e+00 
5.6402540e+03 3.5661187e+00 
5.6465071e+03 3.5679045e+00 
5.6527601e+03 3.5700774e+00 
5.6590132e+03 3.5726826e+00 
5.6652662e+03 3.5746262e+00 
5.6715193e+03 3.5763276e+00 
5.6777723e+03 3.5735078e+00 
5.6840254e+03 3.5678301e+00 
5.6902785e+03 3.5698955e+00 
5.6965315e+03 3.5716364e+00 
5.7027846e+03 3.5683365e+00 
5.7090376e+03 3.5658185e+00 
5.7152907e+03 3.5609217e+00 
5.7215437e+03 3.5599673e+00 
5.7277968e+03 3.5612223e+00 
5.7340498e+03 3.5607624e+00 
5.7403029e+03 3.5627785e+00 
5.7465559e+03 3.5652354e+00 
5.7528090e+03 3.5693855e+00 
5.7590620e+03 3.5706944e+00 
5.7653151e+03 3.5714417e+00 
5.7715681e+03 3.5764551e+00 
5.7778212e+03 3.5754638e+00 
5.7840743e+03 3.5725713e+00 
5.7903273e+03 3.5734391e+00 
5.7965804e+03 3.5720668e+00 
5.8028334e+03 3.5711017e+00 
5.8090865e+03 3.5712290e+00 
5.8153395e+03 3.5692596e+00 
5.8215926e+03 3.5713291e+00 
5.8278456e+03 3.5726743e+00 
5.8340987e+03 3.5741789e+00 
5.8403517e+03 3.5722909e+00 
5.8466048e+03 3.5734594e+00 
5.8528578e+03 3.5708089e+00 
5.8591109e+03 3.5679760e+00 
5.8653639e+03 3.5677454e+00 
5.8716170e+03 3.5656707e+00 
5.8778701e+03 3.5621638e+00 
5.8841231e+03 3.5602708e+00 
5.8903762e+03 3.5606515e+00 
5.8966292e+03 3.5622859e+00 
5.9028823e+03 3.5666399e+00 
5.9091353e+03 3.5700612e+00 
5.9153884e+03 3.5712814e+00 
5.9216414e+03 3.5702057e+00 
5.9278945e+03 3.5707302e+00 
5.9341475e+03 3.5719202e+00 
5.9404006e+03 3.5721178e+00 
5.9466536e+03 3.5758634e+00 
5.9529067e+03 3.5758147e+00 
5.9591597e+03 3.5761380e+00 
5.9654128e+03 3.5720015e+00 
5.9716659e+03 3.5697556e+00 
5.9779189e+03 3.5647602e+00 
5.9841720e+03 3.5619559e+00 
5.9904250e+03 3.5652020e+00 
5.9966781e+03 3.5671990e+00 
6.0029311e+03 3.5702052e+00 
6.0091842e+03 3.5730264e+00 
6.0154372e+03 3.5696280e+00 
6.0216903e+03 3.5690775e+00 
6.0279433e+03 3.5693283e+00 
6.0341964e+03 3.5617604e+00 
6.0404494e+03 3.5606549e+00 
6.0467025e+03 3.5578773e+00 
6.0529555e+03 3.5557783e+00 
6.0592086e+03 3.5580907e+00 
6.0654617e+03 3.5594935e+00 
6.0717147e+03 3.5622649e+00 
6.0779678e+03 3.5591173e+00 
6.0842208e+03 3.5625017e+00 
6.0904739e+03 3.5615087e+00 
6.0967269e+03 3.5610528e+00 
6.1029800e+03 3.5606520e+00 
6.1092330e+03 3.5589600e+00 
6.1154861e+03 3.5566900e+00 
6.1217391e+03 3.5598731e+00 
6.1279922e+03 3.5669620e+00 
6.1342452e+03 3.5640564e+00 
6.1404983e+03 3.5616021e+00 
6.1467513e+03 3.5636826e+00 
6.1530044e+03 3.5645025e+00 
6.1592574e+03 3.5641003e+00 
6.1655105e+03 3.5662420e+00 
6.1717636e+03 3.5685015e+00 
6.1780166e+03 3.5726511e+00 
6.1842697e+03 3.5732234e+00 
6.1905227e+03 3.5728900e+00 
6.1967758e+03 3.5734854e+00 
6.2030288e+03 3.5729268e+00 
6.2092819e+03 3.5746160e+00 
6.2155349e+03 3.5709937e+00 
6.2217880e+03 3.5688889e+00 
6.2280410e+03 3.5689976e+00 
6.2342941e+03 3.5678031e+00 
6.2405471e+03 3.5665586e+00 
6.2468002e+03 3.5625784e+00 
6.2530532e+03 3.5628297e+00 
6.2593063e+03 3.5657654e+00 
6.2655594e+03 3.5659845e+00 
6.2718124e+03 3.5663555e+00 
6.2780655e+03 3.5654349e+00 
6.2843185e+03 3.5662224e+00 
6.2905716e+03 3.5683885e+00 
6.2968246e+03 3.5678732e+00 
6.3030777e+03 3.5669193e+00 
6.3093307e+03 3.5650494e+00 
6.3155838e+03 3.5653248e+00 
6.3218368e+03 3.5656381e+00 
6.3280899e+03 3.5676117e+00 
6.3343429e+03 3.5629098e+00 
6.3405960e+03 3.5628586e+00 
6.3468490e+03 3.5628264e+00 
6.3531021e+03 3.5623152e+00 
6.3593552e+03 3.5618362e+00 
6.3656082e+03 3.5586309e+00 
6.3718613e+03 3.5588574e+00 
6.3781143e+03 3.5620577e+00 
6.3843674e+03 3.5660532e+00 
6.3906204e+03 3.5683889e+00 
6.3968735e+03 3.5673459e+00 
6.4031265e+03 3.5718274e+00 
6.4093796e+03 3.5762715e+00 
6.4156326e+03 3.5781329e+00 
6.4218857e+03 3.5750115e+00 
6.4281387e+03 3.5716426e+00 
6.4343918e+03 3.5679467e+00 
6.4406448e+03 3.5683610e+00 
6.4468979e+03 3.5650294e+00 
6.4531510e+03 3.5647528e+00 
6.4594040e+03 3.5647709e+00 
6.4656571e+03 3.5616221e+00 
6.4719101e+03 3.5595527e+00 
6.4781632e+03 3.5565715e+00 
6.4844162e+03 3.5608532e+00 
6.4906693e+03 3.5663400e+00 
6.4969223e+03 3.5660691e+00 
6.5031754e+03 3.5657995e+00 
6.5094284e+03 3.5635798e+00 
6.5156815e+03 3.5614038e+00 
6.5219345e+03 3.5588844e+00 
6.5281876e+03 3.5539281e+00 
6.5344406e+03 3.5543945e+00 
6.5406937e+03 3.5569556e+00 
6.5469468e+03 3.5605817e+00 
6.5531998e+03 3.5630944e+00 
6.5594529e+03 3.5629907e+00 
6.5657059e+03 3.5621359e+00 
6.5719590e+03 3.5641468e+00 
6.5782120e+03 3.5679495e+00 
6.5844651e+03 3.5708978e+00 
6.5907181e+03 3.5677395e+00 
6.5969712e+03 3.5670712e+00 
6.6032242e+03 3.5754471e+00 
6.6094773e+03 3.5796859e+00 
6.6157303e+03 3.5793736e+00 
6.6219834e+03 3.5762098e+00 
6.6282364e+03 3.5768695e+00 
6.6344895e+03 3.5743139e+00 
6.6407426e+03 3.5704253e+00 
6.6469956e+03 3.5670345e+00 
6.6532487e+03 3.5641332e+00 
6.6595017e+03 3.5607712e+00 
6.6657548e+03 3.5619967e+00 
6.6720078e+03 3.5637815e+00 
6.6782609e+03 3.5641291e+00 
6.6845139e+03 3.5630293e+00 
6.6907670e+03 3.5679104e+00 
6.6970200e+03 3.5714996e+00 
6.7032731e+03 3.5721819e+00 
6.7095261e+03 3.5732293e+00 
6.7157792e+03 3.5739326e+00 
6.7220322e+03 3.5734084e+00 
6.7282853e+03 3.5756001e+00 
6.7345383e+03 3.5742912e+00 
6.7407914e+03 3.5699089e+00 
6.7470445e+03 3.5672083e+00 
6.7532975e+03 3.5640171e+00 
6.7595506e+03 3.5634015e+00 
6.7658036e+03 3.5623295e+00 
6.7720567e+03 3.5655794e+00 
6.7783097e+03 3.5635080e+00 
6.7845628e+03 3.5627916e+00 
6.7908158e+03 3.5620127e+00 
6.7970689e+03 3.5610683e+00 
6.8033219e+03 3.5642588e+00 
6.8095750e+03 3.5687220e+00 
6.8158280e+03 3.5704899e+00 
6.8220811e+03 3.5714073e+00 
6.8283341e+03 3.5724032e+00 
6.8345872e+03 3.5713644e+00 
6.8408403e+03 3.5715511e+00 
6.8470933e+03 3.5711031e+00 
6.8533464e+03 3.5693083e+00 
6.8595994e+03 3.5677028e+00 
6.8658525e+03 3.5680437e+00 
6.8721055e+03 3.5666165e+00 
6.8783586e+03 3.5709031e+00 
6.8846116e+03 3.5723727e+00 
6.8908647e+03 3.5690989e+00 
6.8971177e+03 3.5677204e+00 
6.9033708e+03 3.5686700e+00 
6.9096238e+03 3.5692058e+00 
6.9158769e+03 3.5647886e+00 
6.9221299e+03 3.5650909e+00 
6.9283830e+03 3.5594130e+00 
6.9346361e+03 3.5529079e+00 
6.9408891e+03 3.5525935e+00 
6.9471422e+03 3.5528138e+00 
6.9533952e+03 3.5567462e+00 
6.9596483e+03 3.5566890e+00 
6.9659013e+03 3.5620005e+00 
6.9721544e+03 3.5632370e+00 
6.9784074e+03 3.5629237e+00 
6.9846605e+03 3.5633740e+00 
6.9909135e+03 3.5645862e+00 
6.9971666e+03 3.5673690e+00 
7.0034196e+03 3.5668514e+00 
7.0096727e+03 3.5674434e+00 
7.0159257e+03 3.5689907e+00 
7.0221788e+03 3.5722251e+00 
7.0284319e+03 3.5751169e+00 
7.0346849e+03 3.5780606e+00 
7.0409380e+03 3.5776167e+00 
7.0471910e+03 3.5734158e+00 
7.0534441e+03 3.5734417e+00 
7.0596971e+03 3.5685308e+00 
7.0659502e+03 3.5674262e+00 
7.0722032e+03 3.5637825e+00 
7.0784563e+03 3.5594628e+00 
7.0847093e+03 3.5596840e+00 
7.0909624e+03 3.5612717e+00 
7.0972154e+03 3.5639975e+00 
7.1034685e+03 3.5617893e+00 
7.1097215e+03 3.5619805e+00 
7.1159746e+03 3.5626836e+00 
7.1222277e+03 3.5588858e+00 
7.1284807e+03 3.5579853e+00 
7.1347338e+03 3.5624878e+00 
7.1409868e+03 3.5637527e+00 
7.1472399e+03 3.5647295e+00 
7.1534929e+03 3.5679324e+00 
7.1597460e+03 3.5640206e+00 
7.1659990e+03 3.5642064e+00 
7.1722521e+03 3.5670214e+00 
7.1785051e+03 3.5679629e+00 
7.1847582e+03 3.5653572e+00 
7.1910112e+03 3.5635481e+00 
7.1972643e+03 3.5608728e+00 
7.2035173e+03 3.5581136e+00 
7.2097704e+03 3.5600793e+00 
7.2160234e+03 3.5624919e+00 
7.2222765e+03 3.5618465e+00 
7.2285296e+03 3.5629911e+00 
7.2347826e+03 3.5617917e+00 
7.2410357e+03 3.5609453e+00 
7.2472887e+03 3.5640039e+00 
7.2535418e+03 3.5673141e+00 
7.2597948e+03 3.5658441e+00 
7.2660479e+03 3.5614886e+00 
7.2723009e+03 3.5670433e+00 
7.2785540e+03 3.5711579e+00 
7.2848070e+03 3.5711055e+00 
7.2910601e+03 3.5684252e+00 
7.2973131e+03 3.5653517e+00 
7.3035662e+03 3.5648499e+00 
7.3098192e+03 3.5677145e+00 
7.3160723e+03 3.5703611e+00 
7.3223254e+03 3.5732603e+00 
7.3285784e+03 3.5714629e+00 
7.3348315e+03 3.5687699e+00 
7.3410845e+03 3.5669625e+00 
7.3473376e+03 3.5627079e+00 
7.3535906e+03 3.5604453e+00 
7.3598437e+03 3.5604770e+00 
7.3660967e+03 3.5549991e+00 
7.3723498e+03 3.5547311e+00 
7.3786028e+03 3.5547218e+00 
7.3848559e+03 3.5543511e+00 
7.3911089e+03 3.5555880e+00 
7.3973620e+03 3.5581098e+00 
7.4036150e+03 3.5631809e+00 
7.4098681e+03 3.5679936e+00 
7.4161212e+03 3.5691471e+00 
7.4223742e+03 3.5738213e+00 
7.4286273e+03 3.5737364e+00 
7.4348803e+03 3.5721564e+00 
7.4411334e+03 3.5723336e+00 
7.4473864e+03 3.5728562e+00 
7.4536395e+03 3.5713761e+00 
7.4598925e+03 3.5718756e+00 
7.4661456e+03 3.5714986e+00 
7.4723986e+03 3.5698411e+00 
7.4786517e+03 3.5693014e+00 
7.4849047e+03 3.5646067e+00 
7.4911578e+03 3.5624430e+00 
7.4974108e+03 3.5613983e+00 
7.5036639e+03 3.5594680e+00 
7.5099170e+03 3.5605996e+00 
7.5161700e+03 3.5653327e+00 
7.5224231e+03 3.5675633e+00 
7.5286761e+03 3.5677106e+00 
7.5349292e+03 3.5674522e+00 
7.5411822e+03 3.5655539e+00 
7.5474353e+03 3.5632179e+00 
7.5536883e+03 3.5640450e+00 
7.5599414e+03 3.5660257e+00 
7.5661944e+03 3.5669909e+00 
7.5724475e+03 3.5663586e+00 
7.5787005e+03 3.5661001e+00 
7.5849536e+03 3.5661519e+00 
7.5912066e+03 3.5659640e+00 
7.5974597e+03 3.5673933e+00 
7.6037128e+03 3.5688634e+00 
7.6099658e+03 3.5645783e+00 
7.6162189e+03 3.5619862e+00 
7.6224719e+03 3.5602186e+00 
7.6287250e+03 3.5610943e+00 
7.6349780e+03 3.5599778e+00 
7.6412311e+03 3.5602834e+00 
7.6474841e+03 3.5601339e+00 
7.6537372e+03 3.5588117e+00 
7.6599902e+03 3.5608044e+00 
7.6662433e+03 3.5625231e+00 
7.6724963e+03 3.5671642e+00 
7.6787494e+03 3.5663586e+00 
7.6850024e+03 3.5684319e+00 
7.6912555e+03 3.5668304e+00 
7.6975085e+03 3.5666227e+00 
7.7037616e+03 3.5685735e+00 
7.7100147e+03 3.5677915e+00 
7.7162677e+03 3.5653460e+00 
7.7225208e+03 3.5602553e+00 
7.7287738e+03 3.5614500e+00 
7.7350269e+03 3.5606208e+00 
7.7412799e+03 3.5603642e+00 
7.7475330e+03 3.5606289e+00 
7.7537860e+03 3.5617037e+00 
7.7600391e+03 3.5641811e+00 
7.7662921e+03 3.5626009e+00 
7.7725452e+03 3.5630727e+00 
7.7787982e+03 3.5655680e+00 
7.7850513e+03 3.5641737e+00 
7.7913043e+03 3.5630517e+00 
7.7975574e+03 3.5622184e+00 
7.8038105e+03 3.5642641e+00 
7.8100635e+03 3.5685225e+00 
7.8163166e+03 3.5717044e+00 
7.8225696e+03 3.5688674e+00 
7.8288227e+03 3.5686831e+00 
7.8350757e+03 3.5735452e+00 
7.8413288e+03 3.5712721e+00 
7.8475818e+03 3.5677845e+00 
7.8538349e+03 3.5686204e+00 
7.8600879e+03 3.5709147e+00 
7.8663410e+03 3.5706937e+00 
7.8725940e+03 3.5693269e+00 
7.8788471e+03 3.5721819e+00 
7.8851001e+03 3.5750272e+00 
7.8913532e+03 3.5739243e+00 
7.8976063e+03 3.5701940e+00 
7.9038593e+03 3.5682316e+00 
7.9101124e+03 3.5662661e+00 
7.9163654e+03 3.5656042e+00 
7.9226185e+03 3.5620396e+00 
7.9288715e+03 3.5605674e+00 
7.9351246e+03 3.5542433e+00 
7.9413776e+03 3.5529532e+00 
7.9476307e+03 3.5570610e+00 
7.9538837e+03 3.5596552e+00 
7.9601368e+03 3.5607009e+00 
7.9663898e+03 3.5642114e+00 
7.9726429e+03 3.5623999e+00 
7.9788959e+03 3.5635242e+00 
7.9851490e+03 3.5628731e+00 
7.9914021e+03 3.5617228e+00 
7.9976551e+03 3.5656428e+00 
8.0039082e+03 3.5662568e+00 
8.0101612e+03 3.5702155e+00 
8.0164143e+03 3.5708659e+00 
8.0226673e+03 3.5718031e+00 
8.0289204e+03 3.5718343e+00 
8.0351734e+03 3.5739772e+00 
8.0414265e+03 3.5739062e+00 
8.0476795e+03 3.5766609e+00 
8.0539326e+03 3.5777528e+00 
8.0601856e+03 3.5769956e+00 
8.0664387e+03 3.5776982e+00 
8.0726917e+03 3.5776949e+00 
8.0789448e+03 3.5740130e+00 
8.0851979e+03 3.5705130e+00 
8.0914509e+03 3.5686069e+00 
8.0977040e+03 3.5656929e+00 
8.1039570e+03 3.5631094e+00 
8.1102101e+03 3.5626111e+00 
8.1164631e+03 3.5649035e+00 
8.1227162e+03 3.5614007e+00 
8.1289692e+03 3.5614848e+00 
8.1352223e+03 3.5575981e+00 
8.1414753e+03 3.5556474e+00 
8.1477284e+03 3.5541282e+00 
8.1539814e+03 3.5516822e+00 
8.1602345e+03 3.5538423e+00 
8.1664875e+03 3.5593464e+00 
8.1727406e+03 3.5631499e+00 
8.1789936e+03 3.5666831e+00 
8.1852467e+03 3.5679681e+00 
8.1914998e+03 3.5732067e+00 
8.1977528e+03 3.5770040e+00 
8.2040059e+03 3.5803463e+00 
8.2102589e+03 3.5782158e+00 
8.2165120e+03 3.5744648e+00 
8.2227650e+03 3.5739536e+00 
8.2290181e+03 3.5739052e+00 
8.2352711e+03 3.5760963e+00 
8.2415242e+03 3.5777757e+00 
8.2477772e+03 3.5779796e+00 
8.2540303e+03 3.5790591e+00 
8.2602833e+03 3.5776556e+00 
8.2665364e+03 3.5727773e+00 
8.2727894e+03 3.5719388e+00 
8.2790425e+03 3.5717094e+00 
8.2852956e+03 3.5685935e+00 
8.2915486e+03 3.5698383e+00 
8.2978017e+03 3.5697119e+00 
8.3040547e+03 3.5685108e+00 
8.3103078e+03 3.5669498e+00 
8.3165608e+03 3.5669875e+00 
8.3228139e+03 3.5677958e+00 
8.3290669e+03 3.5659328e+00 
8.3353200e+03 3.5642457e+00 
8.3415730e+03 3.5639706e+00 
8.3478261e+03 3.5632145e+00 
8.3540791e+03 3.5615788e+00 
8.3603322e+03 3.5631638e+00 
8.3665852e+03 3.5666487e+00 
8.3728383e+03 3.5709996e+00 
8.3790914e+03 3.5716844e+00 
8.3853444e+03 3.5691803e+00 
8.3915975e+03 3.5656621e+00 
8.3978505e+03 3.5601361e+00 
8.4041036e+03 3.5592113e+00 
8.4103566e+03 3.5580516e+00 
8.4166097e+03 3.5616393e+00 
8.4228627e+03 3.5642357e+00 
8.4291158e+03 3.5638709e+00 
8.4353688e+03 3.5629303e+00 
8.4416219e+03 3.5622313e+00 
8.4478749e+03 3.5617347e+00 
8.4541280e+03 3.5637951e+00 
8.4603810e+03 3.5648024e+00 
8.4666341e+03 3.5602415e+00 
8.4728872e+03 3.5584345e+00 
8.4791402e+03 3.5642965e+00 
8.4853933e+03 3.5687337e+00 
8.4916463e+03 3.5709677e+00 
8.4978994e+03 3.5693793e+00 
8.5041524e+03 3.5653841e+00 
8.5104055e+03 3.5655828e+00 
8.5166585e+03 3.5703125e+00 
8.5229116e+03 3.5735550e+00 
8.5291646e+03 3.5747435e+00 
8.5354177e+03 3.5762219e+00 
8.5416707e+03 3.5755253e+00 
8.5479238e+03 3.5755968e+00 
8.5541768e+03 3.5767601e+00 
8.5604299e+03 3.5757489e+00 
8.5666830e+03 3.5749540e+00 
8.5729360e+03 3.5743799e+00 
8.5791891e+03 3.5736909e+00 
8.5854421e+03 3.5726135e+00 
8.5916952e+03 3.5721898e+00 
8.5979482e+03 3.5667431e+00 
8.6042013e+03 3.5644345e+00 
8.6104543e+03 3.5624180e+00 
8.6167074e+03 3.5620401e+00 
8.6229604e+03 3.5572646e+00 
8.6292135e+03 3.5585387e+00 
8.6354665e+03 3.5571098e+00 
8.6417196e+03 3.5598075e+00 
8.6479726e+03 3.5637527e+00 
8.6542257e+03 3.5673394e+00 
8.6604787e+03 3.5675666e+00 
8.6667318e+03 3.5643110e+00 
8.6729849e+03 3.5648341e+00 
8.6792379e+03 3.5660727e+00 
8.6854910e+03 3.5675499e+00 
8.6917440e+03 3.5669568e+00 
8.6979971e+03 3.5644128e+00 
8.7042501e+03 3.5641420e+00 
8.7105032e+03 3.5684521e+00 
8.7167562e+03 3.5702107e+00 
8.7230093e+03 3.5683417e+00 
8.7292623e+03 3.5668504e+00 
8.7355154e+03 3.5642672e+00 
8.7417684e+03 3.5626800e+00 
8.7480215e+03 3.5573149e+00 
8.7542745e+03 3.5557294e+00 
8.7605276e+03 3.5581880e+00 
8.7667807e+03 3.5577729e+00 
8.7730337e+03 3.5563619e+00 
8.7792868e+03 3.5592697e+00 
8.7855398e+03 3.5621471e+00 
8.7917929e+03 3.5635638e+00 
8.7980459e+03 3.5664716e+00 
8.8042990e+03 3.5690017e+00 
8.8105520e+03 3.5633216e+00 
8.8168051e+03 3.5613420e+00 
8.8230581e+03 3.5620177e+00 
8.8293112e+03 3.5599303e+00 
8.8355642e+03 3.5597250e+00 
8.8418173e+03 3.5628223e+00 
8.8480703e+03 3.5624018e+00 
8.8543234e+03 3.5644696e+00 
8.8605765e+03 3.5636361e+00 
8.8668295e+03 3.5653641e+00 
8.8730826e+03 3.5727203e+00 
8.8793356e+03 3.5777287e+00 
8.8855887e+03 3.5794196e+00 
8.8918417e+03 3.5778146e+00 
8.8980948e+03 3.5784104e+00 
8.9043478e+03 3.5753613e+00 
8.9106009e+03 3.5713928e+00 
8.9168539e+03 3.5658724e+00 
8.9231070e+03 3.5641453e+00 
8.9293600e+03 3.5633979e+00 
8.9356131e+03 3.5623276e+00 
8.9418661e+03 3.5637145e+00 
8.9481192e+03 3.5643122e+00 
8.9543723e+03 3.5672743e+00 
8.9606253e+03 3.5675359e+00 
8.9668784e+03 3.5681069e+00 
8.9731314e+03 3.5687616e+00 
8.9793845e+03 3.5702636e+00 
8.9856375e+03 3.5737035e+00 
8.9918906e+03 3.5757191e+00 
8.9981436e+03 3.5731690e+00 
9.0043967e+03 3.5735843e+00 
9.0106497e+03 3.5739958e+00 
9.0169028e+03 3.5680656e+00 
9.0231558e+03 3.5667892e+00 
9.0294089e+03 3.5610566e+00 
9.0356619e+03 3.5587368e+00 
9.0419150e+03 3.5582387e+00 
9.0481681e+03 3.5592546e+00 
9.0544211e+03 3.5641971e+00 
9.0606742e+03 3.5658975e+00 
9.0669272e+03 3.5650964e+00 
9.0731803e+03 3.5683727e+00 
9.0794333e+03 3.5703919e+00 
9.0856864e+03 3.5713515e+00 
9.0919394e+03 3.5736864e+00 
9.0981925e+03 3.5732696e+00 
9.1044455e+03 3.5689089e+00 
9.1106986e+03 3.5667167e+00 
9.1169516e+03 3.5647950e+00 
9.1232047e+03 3.5636606e+00 
9.1294577e+03 3.5649276e+00 
9.1357108e+03 3.5656631e+00 
9.1419638e+03 3.5663755e+00 
9.1482169e+03 3.5709853e+00 
9.1544700e+03 3.5747263e+00 
9.1607230e+03 3.5777380e+00 
9.1669761e+03 3.5745742e+00 
9.1732291e+03 3.5733471e+00 
9.1794822e+03 3.5782983e+00 
9.1857352e+03 3.5774198e+00 
9.1919883e+03 3.5724037e+00 
9.1982413e+03 3.5720966e+00 
9.2044944e+03 3.5711241e+00 
9.2107474e+03 3.5696507e+00 
9.2170005e+03 3.5708449e+00 
9.2232535e+03 3.5702395e+00 
9.2295066e+03 3.5666976e+00 
9.2357596e+03 3.5603583e+00 
9.2420127e+03 3.5526299e+00 
9.2482658e+03 3.5543697e+00 
9.2545188e+03 3.5577636e+00 
9.2607719e+03 3.5598097e+00 
9.2670249e+03 3.5604999e+00 
9.2732780e+03 3.5599527e+00 
9.2795310e+03 3.5596766e+00 
9.2857841e+03 3.5608807e+00 
9.2920371e+03 3.5623491e+00 
9.2982902e+03 3.5636671e+00 
9.3045432e+03 3.5693474e+00 
9.3107963e+03 3.5699999e+00 
9.3170493e+03 3.5687087e+00 
9.3233024e+03 3.5654902e+00 
9.3295554e+03 3.5665162e+00 
9.3358085e+03 3.5707874e+00 
9.3420616e+03 3.5720172e+00 
9.3483146e+03 3.5737507e+00 
9.3545677e+03 3.5745683e+00 
9.3608207e+03 3.5757396e+00 
9.3670738e+03 3.5773020e+00 
9.3733268e+03 3.5771646e+00 
9.3795799e+03 3.5801325e+00 
9.3858329e+03 3.5763438e+00 
9.3920860e+03 3.5735722e+00 
9.3983390e+03 3.5720093e+00 
9.4045921e+03 3.5708468e+00 
9.4108451e+03 3.5689456e+00 
9.4170982e+03 3.5645020e+00 
9.4233512e+03 3.5629442e+00 
9.4296043e+03 3.5626566e+00 
9.4358574e+03 3.5609627e+00 
9.4421104e+03 3.5619745e+00 
9.4483635e+03 3.5639021e+00 
9.4546165e+03 3.5632741e+00 
9.4608696e+03 3.5617292e+00 
9.4671226e+03 3.5592594e+00 
9.4733757e+03 3.5552356e+00 
9.4796287e+03 3.5544980e+00 
9.4858818e+03 3.5582817e+00 
9.4921348e+03 3.5561171e+00 
9.4983879e+03 3.5526876e+00 
9.5046409e+03 3.5559373e+00 
9.5108940e+03 3.5624459e+00 
9.5171470e+03 3.5658998e+00 
9.5234001e+03 3.5662234e+00 
9.5296532e+03 3.5700195e+00 
9.5359062e+03 3.5721917e+00 
9.5421593e+03 3.5719132e+00 
9.5484123e+03 3.5728743e+00 
9.5546654e+03 3.5710232e+00 
9.5609184e+03 3.5704286e+00 
9.5671715e+03 3.5752082e+00 
9.5734245e+03 3.5743232e+00 
9.5796776e+03 3.5710261e+00 
9.5859306e+03 3.5679221e+00 
9.5921837e+03 3.5666542e+00 
9.5984367e+03 3.5676880e+00 
9.6046898e+03 3.5683625e+00 
9.6109428e+03 3.5673771e+00 
9.6171959e+03 3.5670438e+00 
9.6234489e+03 3.5636811e+00 
9.6297020e+03 3.5605292e+00 
9.6359551e+03 3.5592625e+00 
9.6422081e+03 3.5572920e+00 
9.6484612e+03 3.5569453e+00 
9.6547142e+03 3.5570414e+00 
9.6609673e+03 3.5597749e+00 
9.6672203e+03 3.5621021e+00 
9.6734734e+03 3.5622489e+00 
9.6797264e+03 3.5647709e+00 
9.6859795e+03 3.5682068e+00 
9.6922325e+03 3.5678663e+00 
9.6984856e+03 3.5653796e+00 
9.7047386e+03 3.5666766e+00 
9.7109917e+03 3.5657868e+00 
9.7172447e+03 3.5638974e+00 
9.7234978e+03 3.5610430e+00 
9.7297509e+03 3.5600016e+00 
9.7360039e+03 3.5581260e+00 
9.7422570e+03 3.5551815e+00 
9.7485100e+03 3.5554142e+00 
9.7547631e+03 3.5561042e+00 
9.7610161e+03 3.5585093e+00 
9.7672692e+03 3.5646443e+00 
9.7735222e+03 3.5650704e+00 
9.7797753e+03 3.5664034e+00 
9.7860283e+03 3.5690639e+00 
9.7922814e+03 3.5730970e+00 
9.7985344e+03 3.5730689e+00 
9.8047875e+03 3.5754349e+00 
9.8110405e+03 3.5748284e+00 
9.8172936e+03 3.5718315e+00 
9.8235467e+03 3.5699069e+00 
9.8297997e+03 3.5671279e+00 
9.8360528e+03 3.5646203e+00 
9.8423058e+03 3.5685768e+00 
9.8485589e+03 3.5694013e+00 
9.8548119e+03 3.5681622e+00 
9.8610650e+03 3.5680461e+00 
9.8673180e+03 3.5671320e+00 
9.8735711e+03 3.5685275e+00 
9.8798241e+03 3.5664070e+00 
9.8860772e+03 3.5622747e+00 
9.8923302e+03 3.5602944e+00 
9.8985833e+03 3.5593572e+00 
9.9048363e+03 3.5553000e+00 
9.9110894e+03 3.5555947e+00 
9.9173425e+03 3.5570922e+00 
9.9235955e+03 3.5605705e+00 
9.9298486e+03 3.5609448e+00 
9.9361016e+03 3.5596201e+00 
9.9423547e+03 3.5583549e+00 
9.9486077e+03 3.5570161e+00 
9.9548608e+03 3.5583971e+00 
9.9611138e+03 3.5609920e+00 
9.9673669e+03 3.5598373e+00 
9.9736199e+03 3.5622900e+00 
9.9798730e+03 3.5639076e+00 
9.9861260e+03 3.5662665e+00 
9.9923791e+03 3.5707698e+00 
9.9986321e+03 3.5707717e+00 
1.0004885e+04 3.5700040e+00 
1.0011138e+04 3.5706468e+00 
1.0017391e+04 3.5713747e+00 
1.0023644e+04 3.5756946e+00 
1.0029897e+04 3.5744731e+00 
1.0036150e+04 3.5723815e+00 
1.0042404e+04 3.5751076e+00 
1.0048657e+04 3.5758963e+00 
1.0054910e+04 3.5736864e+00 
1.0061163e+04 3.5701897e+00 
1.0067416e+04 3.5646796e+00 
1.0073669e+04 3.5652211e+00 
1.0079922e+04 3.5658691e+00 
1.0086175e+04 3.5650880e+00 
1.0092428e+04 3.5620289e+00 
1.0098681e+04 3.5626209e+00 
1.0104934e+04 3.5654023e+00 
1.0111187e+04 3.5692332e+00 
1.0117440e+04 3.5690770e+00 
1.0123693e+04 3.5680764e+00 
1.0129946e+04 3.5693135e+00 
1.0136199e+04 3.5692029e+00 
1.0142452e+04 3.5664470e+00 
1.0148705e+04 3.5627706e+00 
1.0154958e+04 3.5640812e+00 
1.0161212e+04 3.5661647e+00 
1.0167465e+04 3.5640175e+00 
1.0173718e+04 3.5656796e+00 
1.0179971e+04 3.5627940e+00 
1.0186224e+04 3.5601237e+00 
1.0192477e+04 3.5623147e+00 
1.0198730e+04 3.5610375e+00 
1.0204983e+04 3.5651174e+00 
1.0211236e+04 3.5633144e+00 
1.0217489e+04 3.5637434e+00 
1.0223742e+04 3.5640793e+00 
1.0229995e+04 3.5600011e+00 
1.0236248e+04 3.5612760e+00 
1.0242501e+04 3.5627882e+00 
1.0248754e+04 3.5645621e+00 
1.0255007e+04 3.5658324e+00 
1.0261260e+04 3.5666339e+00 
1.0267513e+04 3.5679281e+00 
1.0273766e+04 3.5647631e+00 
1.0280020e+04 3.5631783e+00 
1.0286273e+04 3.5609951e+00 
1.0292526e+04 3.5647671e+00 
1.0298779e+04 3.5673101e+00 
1.0305032e+04 3.5667756e+00 
1.0311285e+04 3.5674736e+00 
1.0317538e+04 3.5669091e+00 
1.0323791e+04 3.5672607e+00 
1.0330044e+04 3.5662091e+00 
1.0336297e+04 3.5660570e+00 
1.0342550e+04 3.5671172e+00 
1.0348803e+04 3.5659947e+00 
1.0355056e+04 3.5626678e+00 
1.0361309e+04 3.5645201e+00 
1.0367562e+04 3.5645103e+00 
1.0373815e+04 3.5649588e+00 
1.0380068e+04 3.5615156e+00 
1.0386321e+04 3.5627804e+00 
1.0392574e+04 3.5619307e+00 
1.0398828e+04 3.5601273e+00 
1.0405081e+04 3.5633485e+00 
1.0411334e+04 3.5612483e+00 
1.0417587e+04 3.5615988e+00 
1.0423840e+04 3.5635550e+00 
1.0430093e+04 3.5636518e+00 
1.0436346e+04 3.5629251e+00 
1.0442599e+04 3.5638602e+00 
1.0448852e+04 3.5605586e+00 
1.0455105e+04 3.5599601e+00 
1.0461358e+04 3.5630014e+00 
1.0467611e+04 3.5655148e+00 
1.0473864e+04 3.5631084e+00 
1.0480117e+04 3.5625584e+00 
1.0486370e+04 3.5621202e+00 
1.0492623e+04 3.5633612e+00 
1.0498876e+04 3.5659547e+00 
1.0505129e+04 3.5704815e+00 
1.0511383e+04 3.5750232e+00 
1.0517636e+04 3.5749869e+00 
1.0523889e+04 3.5733504e+00 
1.0530142e+04 3.5692122e+00 
1.0536395e+04 3.5636880e+00 
1.0542648e+04 3.5617073e+00 
1.0548901e+04 3.5606177e+00 
1.0555154e+04 3.5595965e+00 
1.0561407e+04 3.5568721e+00 
1.0567660e+04 3.5591512e+00 
1.0573913e+04 3.5616002e+00 
1.0580166e+04 3.5608411e+00 
1.0586419e+04 3.5624087e+00 
1.0592672e+04 3.5611684e+00 
1.0598925e+04 3.5617223e+00 
1.0605178e+04 3.5630350e+00 
1.0611431e+04 3.5642054e+00 
1.0617684e+04 3.5683315e+00 
1.0623937e+04 3.5673199e+00 
1.0630191e+04 3.5614252e+00 
1.0636444e+04 3.5601847e+00 
1.0642697e+04 3.5609412e+00 
1.0648950e+04 3.5647030e+00 
1.0655203e+04 3.5678160e+00 
1.0661456e+04 3.5642676e+00 
1.0667709e+04 3.5664196e+00 
1.0673962e+04 3.5671525e+00 
1.0680215e+04 3.5668244e+00 
1.0686468e+04 3.5667751e+00 
1.0692721e+04 3.5677111e+00 
1.0698974e+04 3.5700533e+00 
1.0705227e+04 3.5698314e+00 
1.0711480e+04 3.5703940e+00 
1.0717733e+04 3.5656497e+00 
1.0723986e+04 3.5654781e+00 
1.0730239e+04 3.5667510e+00 
1.0736492e+04 3.5648048e+00 
1.0742745e+04 3.5633569e+00 
1.0748999e+04 3.5681798e+00 
1.0755252e+04 3.5711801e+00 
1.0761505e+04 3.5697780e+00 
1.0767758e+04 3.5697806e+00 
1.0774011e+04 3.5651081e+00 
1.0780264e+04 3.5656879e+00 
1.0786517e+04 3.5652447e+00 
1.0792770e+04 3.5677283e+00 
1.0799023e+04 3.5693259e+00 
1.0805276e+04 3.5701275e+00 
1.0811529e+04 3.5692739e+00 
1.0817782e+04 3.5678608e+00 
1.0824035e+04 3.5716667e+00 
1.0830288e+04 3.5767462e+00 
1.0836541e+04 3.5803733e+00 
1.0842794e+04 3.5823238e+00 
1.0849047e+04 3.5818582e+00 
1.0855300e+04 3.5807061e+00 
1.0861553e+04 3.5833991e+00 
1.0867807e+04 3.5799384e+00 
1.0874060e+04 3.5777636e+00 
1.0880313e+04 3.5753505e+00 
1.0886566e+04 3.5707815e+00 
1.0892819e+04 3.5679016e+00 
1.0899072e+04 3.5672381e+00 
1.0905325e+04 3.5631437e+00 
1.0911578e+04 3.5620940e+00 
1.0917831e+04 3.5616744e+00 
1.0924084e+04 3.5596044e+00 
1.0930337e+04 3.5624869e+00 
1.0936590e+04 3.5664935e+00 
1.0942843e+04 3.5646424e+00 
1.0949096e+04 3.5644217e+00 
1.0955349e+04 3.5633183e+00 
1.0961602e+04 3.5669439e+00 
1.0967855e+04 3.5670183e+00 
1.0974108e+04 3.5620499e+00 
1.0980362e+04 3.5603993e+00 
1.0986615e+04 3.5609379e+00 
1.0992868e+04 3.5618618e+00 
1.0999121e+04 3.5629671e+00 
1.1005374e+04 3.5625422e+00 
1.1011627e+04 3.5628316e+00 
1.1017880e+04 3.5627480e+00 
1.1024133e+04 3.5622602e+00 
1.1030386e+04 3.5614247e+00 
1.1036639e+04 3.5586245e+00 
1.1042892e+04 3.5589435e+00 
1.1049145e+04 3.5581567e+00 
1.1055398e+04 3.5626245e+00 
1.1061651e+04 3.5655417e+00 
1.1067904e+04 3.5652108e+00 
1.1074157e+04 3.5673766e+00 
1.1080410e+04 3.5675902e+00 
1.1086663e+04 3.5676587e+00 
1.1092916e+04 3.5672171e+00 
1.1099170e+04 3.5648355e+00 
1.1105423e+04 3.5628273e+00 
1.1111676e+04 3.5601935e+00 
1.1117929e+04 3.5601144e+00 
1.1124182e+04 3.5619364e+00 
1.1130435e+04 3.5632787e+00 
1.1136688e+04 3.5671651e+00 
1.1142941e+04 3.5674872e+00 
1.1149194e+04 3.5674717e+00 
1.1155447e+04 3.5692368e+00 
1.1161700e+04 3.5680633e+00 
1.1167953e+04 3.5641584e+00 
1.1174206e+04 3.5641212e+00 
1.1180459e+04 3.5624189e+00 
1.1186712e+04 3.5665851e+00 
1.1192965e+04 3.5686989e+00 
1.1199218e+04 3.5673370e+00 
1.1205471e+04 3.5658720e+00 
1.1211724e+04 3.5677812e+00 
1.1217978e+04 3.5671334e+00 
1.1224231e+04 3.5671065e+00 
1.1230484e+04 3.5691192e+00 
1.1236737e+04 3.5675070e+00 
1.1242990e+04 3.5675550e+00 
1.1249243e+04 3.5661337e+00 
1.1255496e+04 3.5622551e+00 
1.1261749e+04 3.5580525e+00 
1.1268002e+04 3.5594559e+00 
1.1274255e+04 3.5598996e+00 
1.1280508e+04 3.5555787e+00 
1.1286761e+04 3.5589817e+00 
1.1293014e+04 3.5657771e+00 
1.1299267e+04 3.5640807e+00 
1.1305520e+04 3.5608950e+00 
1.1311773e+04 3.5640666e+00 
1.1318026e+04 3.5698447e+00 
1.1324279e+04 3.5695620e+00 
1.1330532e+04 3.5688457e+00 
1.1336786e+04 3.5714662e+00 
1.1343039e+04 3.5713353e+00 
1.1349292e+04 3.5726929e+00 
1.1355545e+04 3.5719471e+00 
1.1361798e+04 3.5712850e+00 
1.1368051e+04 3.5723240e+00 
1.1374304e+04 3.5729856e+00 
1.1380557e+04 3.5745955e+00 
1.1386810e+04 3.5732386e+00 
1.1393063e+04 3.5721653e+00 
1.1399316e+04 3.5720325e+00 
1.1405569e+04 3.5747824e+00 
1.1411822e+04 3.5769899e+00 
1.1418075e+04 3.5778506e+00 
1.1424328e+04 3.5782850e+00 
1.1430581e+04 3.5797360e+00 
1.1436834e+04 3.5801547e+00 
1.1443087e+04 3.5800676e+00 
1.1449340e+04 3.5860376e+00 
1.1455594e+04 3.5870483e+00 
1.1461847e+04 3.5816364e+00 
1.1468100e+04 3.5775077e+00 
1.1474353e+04 3.5735068e+00 
1.1480606e+04 3.5692642e+00 
1.1486859e+04 3.5708752e+00 
1.1493112e+04 3.5705214e+00 
1.1499365e+04 3.5698049e+00 
1.1505618e+04 3.5632205e+00 
1.1511871e+04 3.5619888e+00 
1.1518124e+04 3.5666301e+00 
1.1524377e+04 3.5672219e+00 
1.1530630e+04 3.5622044e+00 
1.1536883e+04 3.5647075e+00 
1.1543136e+04 3.5647681e+00 
1.1549389e+04 3.5684500e+00 
1.1555642e+04 3.5725424e+00 
1.1561895e+04 3.5741770e+00 
1.1568149e+04 3.5735550e+00 
1.1574402e+04 3.5778906e+00 
1.1580655e+04 3.5808983e+00 
1.1586908e+04 3.5814230e+00 
1.1593161e+04 3.5782025e+00 
1.1599414e+04 3.5738084e+00 
1.1605667e+04 3.5702484e+00 
1.1611920e+04 3.5671227e+00 
1.1618173e+04 3.5667012e+00 
1.1624426e+04 3.5687263e+00 
1.1630679e+04 3.5697525e+00 
1.1636932e+04 3.5671906e+00 
1.1643185e+04 3.5677989e+00 
1.1649438e+04 3.5701740e+00 
1.1655691e+04 3.5722520e+00 
1.1661944e+04 3.5725174e+00 
1.1668197e+04 3.5707006e+00 
1.1674450e+04 3.5666194e+00 
1.1680703e+04 3.5677009e+00 
1.1686957e+04 3.5655260e+00 
1.1693210e+04 3.5665581e+00 
1.1699463e+04 3.5684295e+00 
1.1705716e+04 3.5668161e+00 
1.1711969e+04 3.5668294e+00 
1.1718222e+04 3.5706050e+00 
1.1724475e+04 3.5733352e+00 
1.1730728e+04 3.5704429e+00 
1.1736981e+04 3.5684593e+00 
1.1743234e+04 3.5653548e+00 
1.1749487e+04 3.5635402e+00 
1.1755740e+04 3.5595360e+00 
1.1761993e+04 3.5630262e+00 
1.1768246e+04 3.5644257e+00 
1.1774499e+04 3.5680823e+00 
1.1780752e+04 3.5707996e+00 
1.1787005e+04 3.5751517e+00 
1.1793258e+04 3.5820308e+00 
1.1799511e+04 3.5808058e+00 
1.1805765e+04 3.5799341e+00 
1.1812018e+04 3.5799143e+00 
1.1818271e+04 3.5793450e+00 
1.1824524e+04 3.5758107e+00 
1.1830777e+04 3.5707757e+00 
1.1837030e+04 3.5696809e+00 
1.1843283e+04 3.5743575e+00 
1.1849536e+04 3.5752685e+00 
1.1855789e+04 3.5716584e+00 
1.1862042e+04 3.5733387e+00 
1.1868295e+04 3.5741479e+00 
1.1874548e+04 3.5717697e+00 
1.1880801e+04 3.5713232e+00 
1.1887054e+04 3.5710154e+00 
1.1893307e+04 3.5703328e+00 
1.1899560e+04 3.5703709e+00 
1.1905813e+04 3.5683737e+00 
1.1912066e+04 3.5677693e+00 
1.1918319e+04 3.5656385e+00 
1.1924573e+04 3.5644565e+00 
1.1930826e+04 3.5614319e+00 
1.1937079e+04 3.5601134e+00 
1.1943332e+04 3.5601501e+00 
1.1949585e+04 3.5646713e+00 
1.1955838e+04 3.5661387e+00 
1.1962091e+04 3.5655539e+00 
1.1968344e+04 3.5662284e+00 
1.1974597e+04 3.5694399e+00 
1.1980850e+04 3.5722384e+00 
1.1987103e+04 3.5756989e+00 
1.1993356e+04 3.5740964e+00 
1.1999609e+04 3.5719678e+00 
1.2005862e+04 3.5736933e+00 
1.2012115e+04 3.5762789e+00 
1.2018368e+04 3.5741749e+00 
1.2024621e+04 3.5745158e+00 
1.2030874e+04 3.5743470e+00 
1.2037128e+04 3.5718663e+00 
1.2043381e+04 3.5700195e+00 
1.2049634e+04 3.5683370e+00 
1.2055887e+04 3.5705433e+00 
1.2062140e+04 3.5704744e+00 
1.2068393e+04 3.5708101e+00 
1.2074646e+04 3.5731652e+00 
1.2080899e+04 3.5687468e+00 
1.2087152e+04 3.5703351e+00 
1.2093405e+04 3.5693974e+00 
1.2099658e+04 3.5638876e+00 
1.2105911e+04 3.5585201e+00 
1.2112164e+04 3.5572534e+00 
1.2118417e+04 3.5592067e+00 
1.2124670e+04 3.5583208e+00 
1.2130923e+04 3.5575669e+00 
1.2137176e+04 3.5558314e+00 
1.2143429e+04 3.5575361e+00 
1.2149682e+04 3.5576797e+00 
1.2155936e+04 3.5598702e+00 
1.2162189e+04 3.5621834e+00 
1.2168442e+04 3.5654285e+00 
1.2174695e+04 3.5675402e+00 
1.2180948e+04 3.5674424e+00 
1.2187201e+04 3.5679681e+00 
1.2193454e+04 3.5696139e+00 
1.2199707e+04 3.5712090e+00 
1.2205960e+04 3.5695062e+00 
1.2212213e+04 3.5703769e+00 
1.2218466e+04 3.5647142e+00 
1.2224719e+04 3.5648141e+00 
1.2230972e+04 3.5679212e+00 
1.2237225e+04 3.5669653e+00 
1.2243478e+04 3.5644085e+00 
1.2249731e+04 3.5646727e+00 
1.2255984e+04 3.5662625e+00 
1.2262237e+04 3.5666738e+00 
1.2268490e+04 3.5667853e+00 
1.2274744e+04 3.5632625e+00 
1.2280997e+04 3.5665176e+00 
1.2287250e+04 3.5733960e+00 
1.2293503e+04 3.5746455e+00 
1.2299756e+04 3.5750542e+00 
1.2306009e+04 3.5766084e+00 
1.2312262e+04 3.5731008e+00 
1.2318515e+04 3.5709486e+00 
1.2324768e+04 3.5685363e+00 
1.2331021e+04 3.5675457e+00 
1.2337274e+04 3.5704703e+00 
1.2343527e+04 3.5692902e+00 
1.2349780e+04 3.5715094e+00 
1.2356033e+04 3.5703664e+00 
1.2362286e+04 3.5708241e+00 
1.2368539e+04 3.5735040e+00 
1.2374792e+04 3.5749350e+00 
1.2381045e+04 3.5773566e+00 
1.2387298e+04 3.5783591e+00 
1.2393552e+04 3.5784137e+00 
1.2399805e+04 3.5778072e+00 
1.2406058e+04 3.5774930e+00 
1.2412311e+04 3.5772510e+00 
1.2418564e+04 3.5725694e+00 
1.2424817e+04 3.5720379e+00 
1.2431070e+04 3.5684044e+00 
1.2437323e+04 3.5658486e+00 
1.2443576e+04 3.5654013e+00 
1.2449829e+04 3.5644100e+00 
1.2456082e+04 3.5659268e+00 
1.2462335e+04 3.5684540e+00 
1.2468588e+04 3.5633783e+00 
1.2474841e+04 3.5606027e+00 
1.2481094e+04 3.5633323e+00 
1.2487347e+04 3.5620797e+00 
1.2493600e+04 3.5659649e+00 
1.2499853e+04 3.5702586e+00 
1.2506106e+04 3.5707567e+00 
1.2512360e+04 3.5738511e+00 
1.2518613e+04 3.5747995e+00 
1.2524866e+04 3.5742731e+00 
1.2531119e+04 3.5764921e+00 
1.2537372e+04 3.5768621e+00 
1.2543625e+04 3.5778577e+00 
1.2549878e+04 3.5791540e+00 
1.2556131e+04 3.5764885e+00 
1.2562384e+04 3.5745876e+00 
1.2568637e+04 3.5721152e+00 
1.2574890e+04 3.5702724e+00 
1.2581143e+04 3.5666580e+00 
1.2587396e+04 3.5625100e+00 
1.2593649e+04 3.5627353e+00 
1.2599902e+04 3.5636175e+00 
1.2606155e+04 3.5639141e+00 
1.2612408e+04 3.5635788e+00 
1.2618661e+04 3.5664260e+00 
1.2624915e+04 3.5704229e+00 
1.2631168e+04 3.5693440e+00 
1.2637421e+04 3.5680113e+00 
1.2643674e+04 3.5671299e+00 
1.2649927e+04 3.5664642e+00 
1.2656180e+04 3.5660276e+00 
1.2662433e+04 3.5644872e+00 
1.2668686e+04 3.5612302e+00 
1.2674939e+04 3.5584488e+00 
1.2681192e+04 3.5612345e+00 
1.2687445e+04 3.5662541e+00 
1.2693698e+04 3.5717270e+00 
1.2699951e+04 3.5726511e+00 
1.2706204e+04 3.5742815e+00 
1.2712457e+04 3.5723007e+00 
1.2718710e+04 3.5726781e+00 
1.2724963e+04 3.5705900e+00 
1.2731216e+04 3.5655804e+00 
1.2737469e+04 3.5613298e+00 
1.2743723e+04 3.5614011e+00 
1.2749976e+04 3.5651467e+00 
1.2756229e+04 3.5669012e+00 
1.2762482e+04 3.5647471e+00 
1.2768735e+04 3.5662365e+00 
1.2774988e+04 3.5673218e+00 
1.2781241e+04 3.5653582e+00 
1.2787494e+04 3.5670712e+00 
1.2793747e+04 3.5693293e+00 
1.2800000e+04 3.5680058e+00 
