0.0000000e+00 4.3651187e-07 
1.2800000e+02 2.1193928e-07 
2.5600000e+02 2.1484945e-08 
3.8400000e+02 3.1707401e-10 
5.1200000e+02 1.2424346e-12 
6.4000000e+02 5.3734382e-13 
7.6800000e+02 7.0847207e-13 
8.9600000e+02 1.1146394e-12 
1.0240000e+03 8.0728748e-12 
1.1520000e+03 1.5026603e-11 
1.2800000e+03 6.0788323e-12 
1.4080000e+03 6.3472638e-13 
1.5360000e+03 2.5884977e-13 
1.6640000e+03 6.8832621e-14 
1.7920000e+03 1.1325493e-13 
1.9200000e+03 1.7722721e-14 
2.0480000e+03 9.3842943e-14 
2.1760000e+03 1.5875990e-13 
2.3040000e+03 2.3814452e-13 
2.4320000e+03 1.5275258e-13 
2.5600000e+03 1.9555345e-14 
2.6880000e+03 5.7145098e-14 
2.8160000e+03 9.3746964e-14 
2.9440000e+03 1.9657167e-13 
3.0720000e+03 1.9281508e-13 
3.2000000e+03 1.3088789e-13 
3.3280000e+03 2.3679081e-13 
3.4560000e+03 1.3344969e-11 
3.5840000e+03 1.7265031e-10 
3.7120000e+03 4.1047163e-10 
3.8400000e+03 2.1084863e-10 
3.9680000e+03 2.0385905e-11 
4.0960000e+03 2.6441788e-13 
4.2240000e+03 2.0876574e-13 
4.3520000e+03 2.2263346e-13 
4.4800000e+03 1.2543678e-13 
4.6080000e+03 1.3749611e-14 
4.7360000e+03 6.9585661e-14 
4.8640000e+03 1.3635774e-13 
4.9920000e+03 1.0212821e-13 
5.1200000e+03 7.6091680e-14 
5.2480000e+03 5.6847220e-14 
5.3760000e+03 1.2446875e-13 
5.5040000e+03 8.8630695e-14 
5.6320000e+03 3.2451604e-14 
5.7600000e+03 5.9568514e-14 
5.8880000e+03 3.8010000e-14 
6.0160000e+03 7.1352436e-14 
6.1440000e+03 6.9485799e-14 
6.2720000e+03 1.2704125e-13 
6.4000000e+03 9.5172364e-14 
6.5280000e+03 5.9670374e-14 
6.6560000e+03 5.5431822e-14 
6.7840000e+03 1.1684901e-13 
6.9120000e+03 9.7084565e-14 
7.0400000e+03 8.6940539e-14 
7.1680000e+03 1.8568788e-14 
7.2960000e+03 5.7976532e-14 
7.4240000e+03 3.8367069e-14 
7.5520000e+03 3.9490600e-14 
7.6800000e+03 1.7410390e-14 
7.8080000e+03 4.1577497e-14 
7.9360000e+03 2.7447108e-14 
8.0640000e+03 5.5629245e-14 
8.1920000e+03 1.3378918e-13 
8.3200000e+03 1.8637991e-13 
8.4480000e+03 1.0674464e-13 
8.5760000e+03 9.2891833e-14 
8.7040000e+03 1.7575642e-13 
8.8320000e+03 1.3491973e-13 
8.9600000e+03 1.4168980e-13 
9.0880000e+03 8.4610534e-14 
9.2160000e+03 3.3932347e-14 
9.3440000e+03 6.3788703e-14 
9.4720000e+03 7.8717699e-14 
9.6000000e+03 8.9968817e-14 
9.7280000e+03 1.4728015e-13 
9.8560000e+03 6.3217948e-13 
9.9840000e+03 9.5192842e-13 
1.0112000e+04 3.6101056e-13 
1.0240000e+04 5.5379627e-14 
1.0368000e+04 1.6046223e-14 
1.0496000e+04 6.2192960e-14 
1.0624000e+04 2.4501118e-13 
1.0752000e+04 4.8147451e-13 
1.0880000e+04 3.5784244e-13 
1.1008000e+04 1.2391080e-13 
1.1136000e+04 1.2084818e-13 
1.1264000e+04 9.2640048e-14 
1.1392000e+04 2.0166045e-14 
1.1520000e+04 1.4657196e-13 
1.1648000e+04 1.8900448e-13 
1.1776000e+04 1.2316857e-13 
1.1904000e+04 1.6325045e-13 
1.2032000e+04 1.2058362e-13 
1.2160000e+04 5.6672105e-14 
1.2288000e+04 1.1479505e-13 
1.2416000e+04 8.8706826e-14 
1.2544000e+04 1.6333507e-14 
1.2672000e+04 9.2299730e-14 
1.2800000e+04 1.1120235e-13 
1.2928000e+04 5.7059704e-14 
1.3056000e+04 8.2931275e-14 
1.3184000e+04 1.2858237e-13 
1.3312000e+04 1.3339666e-13 
1.3440000e+04 1.1872471e-13 
1.3568000e+04 1.1585970e-13 
1.3696000e+04 9.2952230e-14 
1.3824000e+04 2.2284084e-13 
1.3952000e+04 9.4260340e-14 
1.4080000e+04 1.0676690e-13 
1.4208000e+04 1.0369380e-13 
1.4336000e+04 1.7351917e-13 
1.4464000e+04 2.5255400e-13 
1.4592000e+04 8.0202900e-14 
1.4720000e+04 1.4916992e-13 
1.4848000e+04 1.8294258e-13 
1.4976000e+04 1.8271134e-13 
1.5104000e+04 1.6357341e-13 
1.5232000e+04 1.2595349e-13 
1.5360000e+04 8.9437762e-13 
1.5488000e+04 1.1825739e-12 
1.5616000e+04 4.7993863e-13 
1.5744000e+04 1.8902772e-13 
1.5872000e+04 2.3451138e-13 
1.6000000e+04 2.2405329e-13 
1.6128000e+04 2.1291443e-13 
1.6256000e+04 1.6411849e-13 
1.6384000e+04 1.7307621e-13 
1.6512000e+04 1.5417570e-13 
1.6640000e+04 1.4259968e-13 
1.6768000e+04 1.6575410e-13 
1.6896000e+04 2.6038506e-13 
1.7024000e+04 1.1259953e-13 
1.7152000e+04 6.8310273e-14 
1.7280000e+04 8.4018621e-14 
1.7408000e+04 1.1888332e-13 
1.7536000e+04 1.1332459e-13 
1.7664000e+04 2.0453613e-14 
1.7792000e+04 9.1427679e-14 
1.7920000e+04 1.0778361e-13 
1.8048000e+04 9.4332399e-14 
1.8176000e+04 8.3278375e-14 
1.8304000e+04 7.0081900e-14 
1.8432000e+04 4.1702583e-14 
1.8560000e+04 3.2491821e-14 
1.8688000e+04 7.4679656e-14 
1.8816000e+04 1.7301617e-13 
1.8944000e+04 7.6463019e-14 
1.9072000e+04 1.2359176e-13 
1.9200000e+04 1.6229360e-13 
1.9328000e+04 2.2181463e-13 
1.9456000e+04 9.3588993e-13 
1.9584000e+04 1.7049602e-12 
1.9712000e+04 7.8761097e-13 
1.9840000e+04 2.6662534e-13 
1.9968000e+04 4.4844440e-13 
2.0096000e+04 3.2890379e-13 
2.0224000e+04 6.8878890e-14 
2.0352000e+04 1.1230838e-13 
2.0480000e+04 1.4510046e-13 
2.0608000e+04 1.0202063e-13 
2.0736000e+04 7.7980306e-14 
2.0864000e+04 5.8626254e-14 
2.0992000e+04 1.1213440e-13 
2.1120000e+04 2.4300454e-13 
2.1248000e+04 1.9483507e-13 
2.1376000e+04 7.5668618e-14 
2.1504000e+04 1.2219013e-13 
2.1632000e+04 1.7629758e-13 
2.1760000e+04 1.3334921e-13 
2.1888000e+04 1.2070390e-13 
2.2016000e+04 1.2763938e-13 
2.2144000e+04 1.0614671e-13 
2.2272000e+04 1.1511362e-13 
2.2400000e+04 1.3511986e-13 
2.2528000e+04 2.1242082e-13 
2.2656000e+04 2.4365858e-13 
2.2784000e+04 1.0899365e-13 
2.2912000e+04 2.2288733e-14 
2.3040000e+04 8.1522015e-14 
2.3168000e+04 1.6814692e-13 
2.3296000e+04 1.4336168e-13 
2.3424000e+04 2.3241611e-13 
2.3552000e+04 1.6839968e-13 
2.3680000e+04 2.0436867e-14 
2.3808000e+04 1.7714161e-13 
2.3936000e+04 1.7245024e-13 
2.4064000e+04 4.4348138e-14 
2.4192000e+04 4.9543245e-14 
2.4320000e+04 3.4679013e-14 
2.4448000e+04 7.2337671e-14 
2.4576000e+04 1.1726826e-13 
2.4704000e+04 1.5163467e-13 
2.4832000e+04 1.4654654e-13 
2.4960000e+04 4.6594737e-14 
2.5088000e+04 1.5799547e-13 
2.5216000e+04 2.0050797e-13 
2.5344000e+04 2.6742337e-13 
2.5472000e+04 2.2923051e-13 
2.5600000e+04 1.8524071e-13 
2.5728000e+04 1.3747105e-13 
2.5856000e+04 1.1449798e-13 
2.5984000e+04 7.5758229e-15 
2.6112000e+04 6.5506181e-14 
2.6240000e+04 1.2485089e-13 
2.6368000e+04 1.1554923e-13 
2.6496000e+04 6.5982308e-14 
2.6624000e+04 9.4691026e-14 
2.6752000e+04 1.5543483e-13 
2.6880000e+04 1.7584366e-13 
2.7008000e+04 2.0478286e-13 
2.7136000e+04 3.7536958e-13 
2.7264000e+04 2.8336602e-13 
2.7392000e+04 1.6876616e-13 
2.7520000e+04 1.1725744e-13 
2.7648000e+04 6.1444448e-14 
2.7776000e+04 1.0881907e-13 
2.7904000e+04 2.5513595e-13 
2.8032000e+04 3.7597510e-13 
2.8160000e+04 9.1419851e-13 
2.8288000e+04 4.9670150e-11 
2.8416000e+04 5.1988364e-10 
2.8544000e+04 1.0275719e-09 
2.8672000e+04 4.3853859e-10 
2.8800000e+04 3.3876880e-11 
2.8928000e+04 6.3931179e-13 
2.9056000e+04 3.4445482e-13 
2.9184000e+04 2.7945319e-13 
2.9312000e+04 1.7278078e-13 
2.9440000e+04 2.3904988e-13 
2.9568000e+04 1.9920717e-13 
2.9696000e+04 6.2304227e-14 
2.9824000e+04 7.7000187e-14 
2.9952000e+04 1.3723700e-13 
3.0080000e+04 1.3933742e-13 
3.0208000e+04 1.4366233e-13 
3.0336000e+04 1.5575909e-13 
3.0464000e+04 2.2062205e-14 
3.0592000e+04 1.6806977e-14 
3.0720000e+04 3.2296343e-14 
3.0848000e+04 2.5541848e-14 
3.0976000e+04 8.2259476e-14 
3.1104000e+04 1.3002277e-13 
3.1232000e+04 1.0810218e-13 
3.1360000e+04 1.4305664e-13 
3.1488000e+04 1.8571847e-13 
3.1616000e+04 5.3656796e-14 
3.1744000e+04 2.4483047e-14 
3.1872000e+04 8.2690331e-14 
3.2000000e+04 7.6176444e-14 
3.2128000e+04 8.0226502e-14 
3.2256000e+04 5.4585554e-14 
3.2384000e+04 9.4878979e-14 
3.2512000e+04 1.1339952e-13 
3.2640000e+04 4.2023686e-14 
3.2768000e+04 4.3392908e-14 
3.2896000e+04 3.3918116e-14 
3.3024000e+04 5.3675065e-14 
3.3152000e+04 5.2605737e-14 
3.3280000e+04 1.1620879e-13 
3.3408000e+04 7.2556253e-14 
3.3536000e+04 7.7548617e-14 
3.3664000e+04 1.3864246e-13 
3.3792000e+04 7.0260028e-14 
3.3920000e+04 6.0451141e-15 
3.4048000e+04 9.2401327e-14 
3.4176000e+04 1.0752357e-13 
3.4304000e+04 4.2851275e-14 
3.4432000e+04 1.3330384e-13 
3.4560000e+04 3.7663201e-14 
3.4688000e+04 1.4305916e-13 
3.4816000e+04 2.2222514e-13 
3.4944000e+04 2.2009461e-13 
3.5072000e+04 8.5321954e-14 
3.5200000e+04 9.2452067e-14 
3.5328000e+04 1.4897057e-13 
3.5456000e+04 1.2461452e-13 
3.5584000e+04 7.2606777e-14 
3.5712000e+04 1.5676585e-13 
3.5840000e+04 1.4506732e-13 
3.5968000e+04 1.0152828e-13 
3.6096000e+04 7.4695241e-14 
3.6224000e+04 9.1497773e-14 
3.6352000e+04 1.1989449e-13 
3.6480000e+04 1.2607635e-13 
3.6608000e+04 3.5352174e-14 
3.6736000e+04 1.5723921e-13 
3.6864000e+04 1.6454900e-13 
3.6992000e+04 8.7963125e-14 
3.7120000e+04 9.4158967e-14 
3.7248000e+04 9.3116690e-14 
3.7376000e+04 9.1442736e-14 
3.7504000e+04 1.3556120e-13 
3.7632000e+04 2.2253522e-13 
3.7760000e+04 2.4520872e-13 
3.7888000e+04 2.3575003e-13 
3.8016000e+04 1.6523915e-13 
3.8144000e+04 1.7174959e-13 
3.8272000e+04 1.1344684e-13 
3.8400000e+04 7.0030672e-14 
3.8528000e+04 4.1019593e-14 
3.8656000e+04 9.6823760e-14 
3.8784000e+04 1.7741449e-13 
3.8912000e+04 1.1761848e-13 
3.9040000e+04 4.8290929e-13 
3.9168000e+04 1.1350540e-12 
3.9296000e+04 4.7958360e-13 
3.9424000e+04 2.9418291e-14 
3.9552000e+04 7.0282247e-14 
3.9680000e+04 7.6647605e-14 
3.9808000e+04 1.3642004e-13 
3.9936000e+04 4.4299667e-14 
4.0064000e+04 1.1336441e-13 
4.0192000e+04 4.9861940e-14 
4.0320000e+04 4.7347366e-14 
4.0448000e+04 1.1055202e-13 
4.0576000e+04 1.9611249e-13 
4.0704000e+04 1.4174737e-13 
4.0832000e+04 1.7437900e-13 
4.0960000e+04 2.1397089e-13 
4.1088000e+04 2.2866038e-13 
4.1216000e+04 3.6556405e-13 
4.1344000e+04 6.6348592e-13 
4.1472000e+04 1.0040046e-12 
4.1600000e+04 6.9565187e-13 
4.1728000e+04 3.4726944e-13 
4.1856000e+04 1.8961765e-13 
4.1984000e+04 9.5345776e-14 
4.2112000e+04 3.3443304e-14 
4.2240000e+04 1.6585606e-13 
4.2368000e+04 2.3959643e-13 
4.2496000e+04 1.0524941e-13 
4.2624000e+04 1.1573968e-13 
4.2752000e+04 1.8394925e-13 
4.2880000e+04 1.4197664e-13 
4.3008000e+04 1.5652197e-13 
4.3136000e+04 2.9742027e-14 
4.3264000e+04 8.9707823e-14 
4.3392000e+04 8.5377804e-14 
4.3520000e+04 1.2407688e-13 
4.3648000e+04 1.5760425e-13 
4.3776000e+04 1.3060108e-13 
4.3904000e+04 9.0933324e-14 
4.4032000e+04 5.4265020e-14 
4.4160000e+04 3.0236779e-14 
4.4288000e+04 1.5779367e-13 
4.4416000e+04 1.7754155e-12 
4.4544000e+04 4.6257902e-12 
4.4672000e+04 2.6658903e-12 
4.4800000e+04 3.6767090e-13 
4.4928000e+04 4.2248713e-14 
4.5056000e+04 7.3644412e-14 
4.5184000e+04 7.6084660e-14 
4.5312000e+04 1.2232973e-13 
4.5440000e+04 1.1031340e-13 
4.5568000e+04 9.5460159e-14 
4.5696000e+04 1.2712022e-13 
4.5824000e+04 1.0733390e-13 
4.5952000e+04 4.2459556e-14 
4.6080000e+04 9.1118221e-14 
4.6208000e+04 1.5570642e-13 
4.6336000e+04 1.3879933e-13 
4.6464000e+04 1.7553464e-13 
4.6592000e+04 1.1196832e-13 
4.6720000e+04 1.4385459e-13 
4.6848000e+04 2.0006948e-13 
4.6976000e+04 1.3575214e-13 
4.7104000e+04 1.9836295e-13 
4.7232000e+04 2.4037798e-13 
4.7360000e+04 1.3212733e-13 
4.7488000e+04 1.3576228e-13 
4.7616000e+04 2.3211825e-13 
4.7744000e+04 1.0783024e-13 
4.7872000e+04 1.9197814e-14 
4.8000000e+04 1.3059248e-13 
4.8128000e+04 1.3664849e-13 
4.8256000e+04 5.2630230e-14 
4.8384000e+04 3.0729705e-14 
4.8512000e+04 9.4984669e-14 
4.8640000e+04 1.0723755e-13 
4.8768000e+04 1.0556466e-13 
4.8896000e+04 6.5774717e-14 
4.9024000e+04 5.3774161e-14 
4.9152000e+04 5.2821039e-14 
4.9280000e+04 1.1408764e-14 
4.9408000e+04 1.3293960e-13 
4.9536000e+04 1.6263716e-13 
4.9664000e+04 1.5210623e-13 
4.9792000e+04 1.4854101e-13 
4.9920000e+04 5.6790700e-14 
5.0048000e+04 9.8091748e-14 
5.0176000e+04 1.2492192e-13 
5.0304000e+04 5.8827434e-14 
5.0432000e+04 1.4188439e-13 
5.0560000e+04 7.5873769e-14 
5.0688000e+04 1.6817019e-14 
5.0816000e+04 1.0464699e-13 
5.0944000e+04 2.1717848e-13 
5.1072000e+04 1.6859726e-13 
5.1200000e+04 1.1313736e-13 
5.1328000e+04 5.7858130e-14 
5.1456000e+04 5.2717677e-14 
5.1584000e+04 9.3582213e-14 
5.1712000e+04 4.2609562e-14 
5.1840000e+04 9.0497068e-14 
5.1968000e+04 8.8563766e-14 
5.2096000e+04 7.7410802e-14 
5.2224000e+04 1.1126244e-13 
5.2352000e+04 1.0339117e-13 
5.2480000e+04 1.7002568e-13 
5.2608000e+04 3.7713271e-14 
5.2736000e+04 2.2117018e-14 
5.2864000e+04 3.6758936e-14 
5.2992000e+04 3.5799258e-14 
5.3120000e+04 6.7658485e-14 
5.3248000e+04 5.8787529e-14 
5.3376000e+04 1.2673086e-13 
5.3504000e+04 1.9565525e-13 
5.3632000e+04 1.6307990e-13 
5.3760000e+04 9.8427268e-14 
5.3888000e+04 1.0174789e-13 
5.4016000e+04 1.0328111e-13 
5.4144000e+04 8.6487539e-14 
5.4272000e+04 4.4691278e-14 
5.4400000e+04 3.7307197e-14 
5.4528000e+04 1.7237869e-13 
5.4656000e+04 1.2638569e-13 
5.4784000e+04 1.5176026e-15 
5.4912000e+04 3.0478631e-14 
5.5040000e+04 9.1926737e-14 
5.5168000e+04 1.3339900e-13 
5.5296000e+04 8.4889317e-14 
5.5424000e+04 5.0971102e-14 
5.5552000e+04 3.7183533e-14 
5.5680000e+04 3.2755306e-14 
5.5808000e+04 7.1470831e-14 
5.5936000e+04 4.7373990e-14 
5.6064000e+04 8.9118600e-14 
5.6192000e+04 1.0026628e-13 
5.6320000e+04 1.1463686e-13 
5.6448000e+04 1.0072817e-13 
5.6576000e+04 1.5057718e-13 
5.6704000e+04 1.5380171e-13 
5.6832000e+04 8.6598907e-14 
5.6960000e+04 4.7435512e-14 
5.7088000e+04 1.0080561e-13 
5.7216000e+04 1.2660124e-13 
5.7344000e+04 1.3915426e-13 
5.7472000e+04 1.2621623e-13 
5.7600000e+04 3.9797992e-14 
5.7728000e+04 1.1818366e-13 
5.7856000e+04 1.3838209e-13 
5.7984000e+04 4.7656018e-14 
5.8112000e+04 6.6794457e-14 
5.8240000e+04 6.4119290e-14 
5.8368000e+04 1.0734710e-13 
5.8496000e+04 1.0082089e-13 
5.8624000e+04 2.9169925e-13 
5.8752000e+04 6.6057403e-13 
5.8880000e+04 1.8620482e-13 
5.9008000e+04 1.2655343e-13 
5.9136000e+04 5.8175741e-14 
5.9264000e+04 1.7122240e-13 
5.9392000e+04 1.1718588e-13 
5.9520000e+04 2.0404983e-14 
5.9648000e+04 5.4906532e-14 
5.9776000e+04 5.3167591e-14 
5.9904000e+04 8.6997453e-14 
6.0032000e+04 1.1681950e-13 
6.0160000e+04 9.6036677e-14 
6.0288000e+04 5.9035391e-14 
6.0416000e+04 4.4578660e-14 
6.0544000e+04 7.5676593e-14 
6.0672000e+04 9.2315946e-14 
6.0800000e+04 5.0153932e-14 
6.0928000e+04 1.1374118e-13 
6.1056000e+04 1.0465435e-13 
6.1184000e+04 5.3156034e-14 
6.1312000e+04 4.6530525e-14 
6.1440000e+04 9.8230343e-14 
6.1568000e+04 9.3190124e-14 
6.1696000e+04 5.1502490e-14 
6.1824000e+04 1.1589278e-13 
6.1952000e+04 1.6699371e-13 
6.2080000e+04 1.6897272e-13 
6.2208000e+04 1.7002045e-13 
6.2336000e+04 2.2667713e-13 
6.2464000e+04 1.4926298e-13 
6.2592000e+04 2.9055236e-14 
6.2720000e+04 9.7313372e-14 
6.2848000e+04 9.7531155e-14 
6.2976000e+04 5.5997172e-14 
6.3104000e+04 3.8216893e-14 
6.3232000e+04 8.2881388e-14 
6.3360000e+04 5.3527464e-14 
6.3488000e+04 1.6341579e-13 
6.3616000e+04 2.6144443e-13 
6.3744000e+04 1.6549807e-13 
6.3872000e+04 2.1350482e-13 
6.4000000e+04 2.0737174e-13 
6.4128000e+04 1.3283455e-13 
6.4256000e+04 6.9687501e-14 
6.4384000e+04 7.7888237e-14 
6.4512000e+04 1.5815897e-13 
6.4640000e+04 2.0082436e-13 
6.4768000e+04 2.6009875e-13 
6.4896000e+04 8.3950934e-13 
6.5024000e+04 1.3371751e-12 
6.5152000e+04 2.3280995e-12 
6.5280000e+04 5.4347421e-12 
6.5408000e+04 3.1685822e-12 
6.5536000e+04 3.7623938e-13 
6.5664000e+04 1.6430852e-13 
6.5792000e+04 1.3237884e-13 
6.5920000e+04 1.5348289e-13 
6.6048000e+04 2.2467901e-13 
6.6176000e+04 1.6603936e-13 
6.6304000e+04 1.5100930e-13 
6.6432000e+04 1.5178425e-13 
6.6560000e+04 2.1183855e-13 
6.6688000e+04 1.8246314e-12 
6.6816000e+04 7.8633046e-12 
6.6944000e+04 7.7295132e-12 
6.7072000e+04 1.7349326e-12 
6.7200000e+04 1.8770327e-13 
6.7328000e+04 1.3090658e-13 
6.7456000e+04 1.0260994e-13 
6.7584000e+04 9.8677875e-14 
6.7712000e+04 7.9228236e-14 
6.7840000e+04 2.7100226e-14 
6.7968000e+04 1.3262644e-13 
6.8096000e+04 1.1380863e-13 
6.8224000e+04 1.1367077e-13 
6.8352000e+04 4.0257162e-14 
6.8480000e+04 6.1870946e-14 
6.8608000e+04 1.4264321e-13 
6.8736000e+04 2.0375074e-13 
6.8864000e+04 1.7525155e-13 
6.8992000e+04 9.8508787e-14 
6.9120000e+04 2.3706760e-14 
6.9248000e+04 1.6123894e-13 
6.9376000e+04 3.7819757e-14 
6.9504000e+04 1.3077930e-13 
6.9632000e+04 6.0690019e-14 
6.9760000e+04 1.1000160e-14 
6.9888000e+04 1.6112780e-13 
7.0016000e+04 1.6303049e-13 
7.0144000e+04 1.5793061e-13 
7.0272000e+04 1.3045061e-13 
7.0400000e+04 1.4674813e-13 
7.0528000e+04 9.3463513e-14 
7.0656000e+04 1.1639394e-13 
7.0784000e+04 1.6019360e-13 
7.0912000e+04 7.0790596e-14 
7.1040000e+04 6.8429928e-15 
7.1168000e+04 1.1885017e-13 
7.1296000e+04 1.3905652e-13 
7.1424000e+04 3.9905542e-14 
7.1552000e+04 1.2725233e-13 
7.1680000e+04 1.7762851e-13 
7.1808000e+04 6.8888566e-14 
7.1936000e+04 5.5018175e-14 
7.2064000e+04 4.0521372e-14 
7.2192000e+04 1.3092239e-13 
7.2320000e+04 2.2005499e-13 
7.2448000e+04 2.1157635e-13 
7.2576000e+04 2.3952910e-13 
7.2704000e+04 1.8877925e-13 
7.2832000e+04 1.5293786e-13 
7.2960000e+04 4.1207106e-14 
7.3088000e+04 5.3067163e-14 
7.3216000e+04 1.2997708e-13 
7.3344000e+04 4.7069855e-14 
7.3472000e+04 2.2448323e-14 
7.3600000e+04 1.1460841e-13 
7.3728000e+04 1.4324589e-13 
7.3856000e+04 1.0883867e-13 
7.3984000e+04 3.6595279e-14 
7.4112000e+04 1.2489642e-13 
7.4240000e+04 9.0691235e-14 
7.4368000e+04 4.1489940e-14 
7.4496000e+04 2.6200938e-15 
7.4624000e+04 2.3934561e-14 
7.4752000e+04 5.7068350e-14 
7.4880000e+04 5.4551043e-14 
7.5008000e+04 7.8263534e-14 
7.5136000e+04 9.6297482e-14 
7.5264000e+04 1.0632355e-13 
7.5392000e+04 1.3569403e-13 
7.5520000e+04 1.3097157e-13 
7.5648000e+04 1.4887148e-13 
7.5776000e+04 2.3462883e-13 
7.5904000e+04 1.5815723e-13 
7.6032000e+04 1.2065170e-13 
7.6160000e+04 1.4942924e-13 
7.6288000e+04 5.7350514e-14 
7.6416000e+04 7.4155749e-14 
7.6544000e+04 2.8745542e-13 
7.6672000e+04 1.7728403e-12 
7.6800000e+04 2.7346818e-12 
7.6928000e+04 1.0374642e-12 
7.7056000e+04 2.7131189e-13 
7.7184000e+04 3.3453145e-13 
7.7312000e+04 3.4660816e-13 
7.7440000e+04 2.2851935e-13 
7.7568000e+04 1.7198812e-13 
7.7696000e+04 1.6887923e-13 
7.7824000e+04 6.8079806e-14 
7.7952000e+04 9.8415166e-14 
7.8080000e+04 1.6547808e-13 
7.8208000e+04 6.7972250e-13 
7.8336000e+04 1.6834384e-12 
7.8464000e+04 1.0764170e-12 
7.8592000e+04 1.0706320e-13 
7.8720000e+04 1.7346316e-13 
7.8848000e+04 1.9436160e-13 
7.8976000e+04 2.3663488e-13 
7.9104000e+04 2.2682054e-13 
7.9232000e+04 2.7035557e-13 
7.9360000e+04 2.6152366e-13 
7.9488000e+04 1.4374595e-13 
7.9616000e+04 1.4832752e-13 
7.9744000e+04 1.5155478e-13 
7.9872000e+04 1.6141004e-13 
8.0000000e+04 1.4873033e-13 
8.0128000e+04 1.2575146e-13 
8.0256000e+04 1.4814491e-13 
8.0384000e+04 1.2016203e-14 
8.0512000e+04 1.3991906e-13 
8.0640000e+04 2.0833297e-13 
8.0768000e+04 1.5873376e-13 
8.0896000e+04 1.2494031e-13 
8.1024000e+04 4.6041743e-14 
8.1152000e+04 3.1289218e-14 
8.1280000e+04 2.4799862e-13 
8.1408000e+04 6.0087715e-13 
8.1536000e+04 1.0547245e-12 
8.1664000e+04 1.5212962e-12 
8.1792000e+04 1.1645249e-12 
8.1920000e+04 7.0110833e-13 
8.2048000e+04 7.7343345e-13 
8.2176000e+04 1.2058918e-12 
8.2304000e+04 1.6566750e-12 
8.2432000e+04 1.8346919e-12 
8.2560000e+04 1.9192586e-12 
8.2688000e+04 2.0898728e-12 
8.2816000e+04 2.3011866e-12 
8.2944000e+04 2.4362112e-12 
8.3072000e+04 2.8149674e-12 
8.3200000e+04 2.8585090e-12 
8.3328000e+04 2.2467013e-12 
8.3456000e+04 2.6676413e-12 
8.3584000e+04 2.9840219e-12 
8.3712000e+04 2.5748522e-12 
8.3840000e+04 3.2259982e-12 
8.3968000e+04 3.8490695e-12 
8.4096000e+04 2.9167554e-12 
8.4224000e+04 2.7544195e-12 
8.4352000e+04 2.7296782e-12 
8.4480000e+04 2.7467306e-12 
8.4608000e+04 2.4179359e-12 
8.4736000e+04 2.0481839e-12 
8.4864000e+04 2.0351197e-12 
8.4992000e+04 1.9481667e-12 
8.5120000e+04 1.7647497e-12 
8.5248000e+04 1.8539371e-12 
8.5376000e+04 2.2351127e-12 
8.5504000e+04 2.3974644e-12 
8.5632000e+04 2.3553943e-12 
8.5760000e+04 2.4047459e-12 
8.5888000e+04 2.4946568e-12 
8.6016000e+04 2.2801708e-12 
8.6144000e+04 2.4536384e-12 
8.6272000e+04 2.8306376e-12 
8.6400000e+04 2.6731592e-12 
8.6528000e+04 2.7455367e-12 
8.6656000e+04 2.8518943e-12 
8.6784000e+04 2.5646271e-12 
8.6912000e+04 2.4810210e-12 
8.7040000e+04 2.7184682e-12 
8.7168000e+04 2.4764379e-12 
8.7296000e+04 2.0110283e-12 
8.7424000e+04 2.0962247e-12 
8.7552000e+04 2.4270644e-12 
8.7680000e+04 2.3508782e-12 
8.7808000e+04 2.0635149e-12 
8.7936000e+04 2.1143933e-12 
8.8064000e+04 2.1544947e-12 
8.8192000e+04 2.1947925e-12 
8.8320000e+04 2.2873422e-12 
8.8448000e+04 3.2556601e-12 
8.8576000e+04 4.3647208e-12 
8.8704000e+04 4.7130047e-12 
8.8832000e+04 5.1338087e-12 
8.8960000e+04 5.3109015e-12 
8.9088000e+04 5.2569242e-12 
8.9216000e+04 5.2397409e-12 
8.9344000e+04 4.8951815e-12 
8.9472000e+04 4.5157792e-12 
8.9600000e+04 4.7728700e-12 
8.9728000e+04 4.8772735e-12 
8.9856000e+04 2.8675497e-12 
8.9984000e+04 1.0548054e-12 
9.0112000e+04 4.4448752e-13 
9.0240000e+04 2.2250786e-12 
9.0368000e+04 5.5742108e-12 
9.0496000e+04 1.4491354e-11 
9.0624000e+04 2.6095116e-11 
9.0752000e+04 3.3749909e-11 
9.0880000e+04 2.8479705e-11 
9.1008000e+04 1.3362241e-11 
9.1136000e+04 4.6174379e-12 
9.1264000e+04 1.6364059e-12 
9.1392000e+04 5.4758433e-12 
9.1520000e+04 9.4469424e-12 
9.1648000e+04 8.3456133e-12 
9.1776000e+04 6.2158009e-12 
9.1904000e+04 4.6287570e-12 
9.2032000e+04 1.5757208e-12 
9.2160000e+04 2.6292291e-12 
9.2288000e+04 5.5144569e-12 
9.2416000e+04 5.5783251e-12 
9.2544000e+04 6.0076636e-12 
9.2672000e+04 8.2139261e-12 
9.2800000e+04 7.7302427e-12 
9.2928000e+04 5.6914170e-12 
9.3056000e+04 6.8921253e-12 
9.3184000e+04 8.0559448e-12 
9.3312000e+04 5.5876428e-12 
9.3440000e+04 4.0294482e-12 
9.3568000e+04 5.0025132e-12 
9.3696000e+04 4.7812305e-12 
9.3824000e+04 2.9665059e-12 
9.3952000e+04 1.5465959e-12 
9.4080000e+04 2.9064299e-12 
9.4208000e+04 3.9506384e-12 
9.4336000e+04 2.2452908e-12 
9.4464000e+04 3.5239712e-13 
9.4592000e+04 2.6878630e-12 
9.4720000e+04 6.8034823e-12 
9.4848000e+04 7.3746365e-12 
9.4976000e+04 3.2449896e-12 
9.5104000e+04 3.7594125e-12 
9.5232000e+04 1.5117354e-11 
9.5360000e+04 3.7799829e-11 
9.5488000e+04 4.4360703e-11 
9.5616000e+04 2.8269912e-11 
9.5744000e+04 3.3264884e-11 
9.5872000e+04 6.3719266e-11 
9.6000000e+04 6.8688721e-11 
9.6128000e+04 5.6462300e-11 
9.6256000e+04 4.0058571e-11 
9.6384000e+04 2.3844593e-11 
9.6512000e+04 1.5418992e-11 
9.6640000e+04 1.7647188e-11 
9.6768000e+04 2.8884112e-11 
9.6896000e+04 4.5116064e-11 
9.7024000e+04 5.6249075e-11 
9.7152000e+04 4.1464346e-11 
9.7280000e+04 1.4515463e-11 
9.7408000e+04 3.0500591e-12 
9.7536000e+04 1.9764943e-12 
9.7664000e+04 4.2248900e-12 
9.7792000e+04 8.1231809e-12 
9.7920000e+04 1.2818880e-11 
9.8048000e+04 1.5808084e-11 
9.8176000e+04 1.4164375e-11 
9.8304000e+04 1.0719399e-11 
9.8432000e+04 1.0623930e-11 
9.8560000e+04 9.5841599e-12 
9.8688000e+04 7.6466715e-12 
9.8816000e+04 4.5654231e-12 
9.8944000e+04 2.4918646e-12 
9.9072000e+04 1.5738361e-12 
9.9200000e+04 2.1873013e-12 
9.9328000e+04 3.9873131e-12 
9.9456000e+04 5.8626385e-12 
9.9584000e+04 7.0894206e-12 
9.9712000e+04 8.3210739e-12 
9.9840000e+04 8.9454650e-12 
9.9968000e+04 8.9980679e-12 
1.0009600e+05 8.9418317e-12 
1.0022400e+05 8.7783669e-12 
1.0035200e+05 8.7342963e-12 
1.0048000e+05 8.4427717e-12 
1.0060800e+05 8.3034777e-12 
1.0073600e+05 7.0196180e-12 
1.0086400e+05 5.0124536e-12 
1.0099200e+05 3.1848638e-12 
1.0112000e+05 1.9205698e-12 
1.0124800e+05 1.2032996e-12 
1.0137600e+05 1.1637707e-12 
1.0150400e+05 1.2025811e-12 
1.0163200e+05 9.4291805e-13 
1.0176000e+05 9.7398890e-13 
1.0188800e+05 1.5380948e-12 
1.0201600e+05 1.8407654e-12 
1.0214400e+05 1.1836469e-12 
1.0227200e+05 1.0507090e-12 
1.0240000e+05 1.3504274e-12 
