0.0000000e+00 4.2794333e+00 
5.0024426e+01 4.4000745e+00 
1.0004885e+02 4.5224462e+00 
1.5007328e+02 4.6298566e+00 
2.0009770e+02 4.7294230e+00 
2.5012213e+02 4.8244696e+00 
3.0014656e+02 4.9034343e+00 
3.5017098e+02 4.9755244e+00 
4.0019541e+02 5.0403004e+00 
4.5021983e+02 5.0882273e+00 
5.0024426e+02 5.1294155e+00 
5.5026869e+02 5.1552658e+00 
6.0029311e+02 5.1672320e+00 
6.5031754e+02 5.1720190e+00 
7.0034196e+02 5.1586170e+00 
7.5036639e+02 5.1337242e+00 
8.0039082e+02 5.1016407e+00 
8.5041524e+02 5.0513272e+00 
9.0043967e+02 4.9932871e+00 
9.5046409e+02 4.9245944e+00 
1.0004885e+03 4.8427796e+00 
1.0505129e+03 4.7535648e+00 
1.1005374e+03 4.6516185e+00 
1.1505618e+03 4.5422859e+00 
1.2005862e+03 4.4290800e+00 
1.2506106e+03 4.3044906e+00 
1.3006351e+03 4.1789956e+00 
1.3506595e+03 4.0505915e+00 
1.4006839e+03 3.9131286e+00 
1.4507084e+03 3.7806294e+00 
1.5007328e+03 3.6451292e+00 
1.5507572e+03 3.5041831e+00 
1.6007816e+03 3.3717678e+00 
1.6508061e+03 3.2369177e+00 
1.7008305e+03 3.1053448e+00 
1.7508549e+03 2.9829202e+00 
1.8008793e+03 2.8639171e+00 
1.8509038e+03 2.7530580e+00 
1.9009282e+03 2.6487138e+00 
1.9509526e+03 2.5496228e+00 
2.0009770e+03 2.4647009e+00 
2.0510015e+03 2.3857110e+00 
2.1010259e+03 2.3190391e+00 
2.1510503e+03 2.2667880e+00 
2.2010747e+03 2.2213101e+00 
2.2510992e+03 2.1894071e+00 
2.3011236e+03 2.1734712e+00 
2.3511480e+03 2.1618900e+00 
2.4011724e+03 2.1691275e+00 
2.4511969e+03 2.1884410e+00 
2.5012213e+03 2.2164743e+00 
2.5512457e+03 2.2604973e+00 
2.6012702e+03 2.3151698e+00 
2.6512946e+03 2.3775065e+00 
2.7013190e+03 2.4565270e+00 
2.7513434e+03 2.5395622e+00 
2.8013679e+03 2.6333911e+00 
2.8513923e+03 2.7400076e+00 
2.9014167e+03 2.8496771e+00 
2.9514411e+03 2.9689970e+00 
3.0014656e+03 3.0927832e+00 
3.0514900e+03 3.2170784e+00 
3.1015144e+03 3.3514941e+00 
3.1515388e+03 3.4883251e+00 
3.2015633e+03 3.6211920e+00 
3.2515877e+03 3.7604976e+00 
3.3016121e+03 3.8995588e+00 
3.3516365e+03 4.0301800e+00 
3.4016610e+03 4.1627059e+00 
3.4516854e+03 4.2905135e+00 
3.5017098e+03 4.4116755e+00 
3.5517342e+03 4.5301890e+00 
3.6017587e+03 4.6366272e+00 
3.6517831e+03 4.7371492e+00 
3.7018075e+03 4.8302526e+00 
3.7518319e+03 4.9116111e+00 
3.8018564e+03 4.9827261e+00 
3.8518808e+03 5.0446153e+00 
3.9019052e+03 5.0906234e+00 
3.9519297e+03 5.1303730e+00 
4.0019541e+03 5.1557450e+00 
4.0519785e+03 5.1648393e+00 
4.1020029e+03 5.1696253e+00 
4.1520274e+03 5.1567025e+00 
4.2020518e+03 5.1318088e+00 
4.2520762e+03 5.0982871e+00 
4.3021006e+03 5.0498896e+00 
4.3521251e+03 4.9899278e+00 
4.4021495e+03 4.9217095e+00 
4.4521739e+03 4.8369980e+00 
4.5021983e+03 4.7487373e+00 
4.5522228e+03 4.6487164e+00 
4.6022472e+03 4.5384145e+00 
4.6522716e+03 4.4256949e+00 
4.7022960e+03 4.3044906e+00 
4.7523205e+03 4.1751618e+00 
4.8023449e+03 4.0477409e+00 
4.8523693e+03 3.9116733e+00 
4.9023937e+03 3.7767940e+00 
4.9524182e+03 3.6456079e+00 
5.0024426e+03 3.5070651e+00 
5.0524670e+03 3.3727329e+00 
5.1024915e+03 3.2407880e+00 
5.1525159e+03 3.1087275e+00 
5.2025403e+03 2.9843614e+00 
5.2525647e+03 2.8681941e+00 
5.3025892e+03 2.7559619e+00 
5.3526136e+03 2.6506298e+00 
5.4026380e+03 2.5534544e+00 
5.4526624e+03 2.4637396e+00 
5.5026869e+03 2.3915007e+00 
5.5527113e+03 2.3224242e+00 
5.6027357e+03 2.2658203e+00 
5.6527601e+03 2.2246957e+00 
5.7027846e+03 2.1903734e+00 
5.7528090e+03 2.1720231e+00 
5.8028334e+03 2.1652670e+00 
5.8528578e+03 2.1686447e+00 
5.9028823e+03 2.1860259e+00 
5.9529067e+03 2.2164743e+00 
6.0029311e+03 2.2556584e+00 
6.0529555e+03 2.3113005e+00 
6.1029800e+03 2.3789544e+00 
6.1530044e+03 2.4541223e+00 
6.2030288e+03 2.5419579e+00 
6.2530532e+03 2.6343489e+00 
6.3030777e+03 2.7366283e+00 
6.3531021e+03 2.8529978e+00 
6.4031265e+03 2.9670775e+00 
6.4531510e+03 3.0913343e+00 
6.5031754e+03 3.2219174e+00 
6.5531998e+03 3.3514941e+00 
6.6032242e+03 3.4854405e+00 
6.6532487e+03 3.6245437e+00 
6.7032731e+03 3.7585814e+00 
6.7532975e+03 3.8971376e+00 
6.8033219e+03 4.0330257e+00 
6.8533464e+03 4.1627059e+00 
6.9033708e+03 4.2905135e+00 
6.9533952e+03 4.4116755e+00 
7.0034196e+03 4.5263171e+00 
7.0534441e+03 4.6390452e+00 
7.1034685e+03 4.7395639e+00 
7.1534929e+03 4.8288069e+00 
7.2035173e+03 4.9144974e+00 
7.2535418e+03 4.9832072e+00 
7.3035662e+03 5.0446153e+00 
7.3535906e+03 5.0968499e+00 
7.4036150e+03 5.1284575e+00 
7.4536395e+03 5.1543093e+00 
7.5036639e+03 5.1701045e+00 
7.5536883e+03 5.1677108e+00 
7.6037128e+03 5.1567025e+00 
7.6537372e+03 5.1332450e+00 
7.7037616e+03 5.0939760e+00 
7.7537860e+03 5.0479722e+00 
7.8038105e+03 4.9884868e+00 
7.8538349e+03 4.9135346e+00 
7.9038593e+03 4.8336258e+00 
7.9538837e+03 4.7439094e+00 
8.0039082e+03 4.6390452e+00 
8.0539326e+03 4.5330920e+00 
8.1039570e+03 4.4136090e+00 
8.1539814e+03 4.2929230e+00 
8.2040059e+03 4.1689324e+00 
8.2540303e+03 4.0377712e+00 
8.3040547e+03 3.9014955e+00 
8.3540791e+03 3.7672064e+00 
8.4041036e+03 3.6288526e+00 
8.4541280e+03 3.4926505e+00 
8.5041524e+03 3.3572879e+00 
8.5541768e+03 3.2214336e+00 
8.6042013e+03 3.0913343e+00 
8.6542257e+03 2.9699569e+00 
8.7042501e+03 2.8496771e+00 
8.7542745e+03 2.7395244e+00 
8.8042990e+03 2.6367424e+00 
8.8543234e+03 2.5386040e+00 
8.9043478e+03 2.4565270e+00 
8.9543723e+03 2.3804026e+00 
9.0043967e+03 2.3146863e+00 
9.0544211e+03 2.2624328e+00 
9.1044455e+03 2.2169578e+00 
9.1544700e+03 2.1850595e+00 
9.2044944e+03 2.1705754e+00 
9.2545188e+03 2.1623724e+00 
9.3045432e+03 2.1696100e+00 
9.3545677e+03 2.1913395e+00 
9.4045921e+03 2.2193758e+00 
9.4546165e+03 2.2648523e+00 
9.5046409e+03 2.3233914e+00 
9.5546654e+03 2.3871586e+00 
9.6046898e+03 2.4637396e+00 
9.6547142e+03 2.5524967e+00 
9.7047386e+03 2.6463192e+00 
9.7547631e+03 2.7540259e+00 
9.8047875e+03 2.8672433e+00 
9.8548119e+03 2.9834006e+00 
9.9048363e+03 3.1116271e+00 
9.9548608e+03 3.2422397e+00 
1.0004885e+04 3.3727329e+00 
1.0054910e+04 3.5094666e+00 
1.0104934e+04 3.6441717e+00 
1.0154958e+04 3.7801502e+00 
1.0204983e+04 3.9204080e+00 
1.0255007e+04 4.0515413e+00 
1.0305032e+04 4.1833105e+00 
1.0355056e+04 4.3141336e+00 
1.0405081e+04 4.4319816e+00 
1.0455105e+04 4.5490608e+00 
1.0505129e+04 4.6593547e+00 
1.0555154e+04 4.7545300e+00 
1.0605178e+04 4.8475966e+00 
1.0655203e+04 4.9265175e+00 
1.0705227e+04 4.9937668e+00 
1.0755252e+04 5.0551624e+00 
1.0805276e+04 5.1011610e+00 
1.0855300e+04 5.1346812e+00 
1.0905325e+04 5.1605310e+00 
1.0955349e+04 5.1686683e+00 
1.1005374e+04 5.1672320e+00 
1.1055398e+04 5.1528730e+00 
1.1105423e+04 5.1246271e+00 
1.1155447e+04 5.0863109e+00 
1.1205471e+04 5.0374236e+00 
1.1255496e+04 4.9721632e+00 
1.1305520e+04 4.8991051e+00 
1.1355545e+04 4.8177214e+00 
1.1405569e+04 4.7192802e+00 
1.1455594e+04 4.6192150e+00 
1.1505618e+04 4.5113168e+00 
1.1555642e+04 4.3904095e+00 
1.1605667e+04 4.2693210e+00 
1.1655691e+04 4.1421266e+00 
1.1705716e+04 4.0088577e+00 
1.1755740e+04 3.8744159e+00 
1.1805765e+04 3.7370269e+00 
1.1855789e+04 3.5996397e+00 
1.1905813e+04 3.4657245e+00 
1.1955838e+04 3.3278272e+00 
1.2005862e+04 3.1938515e+00 
1.2055887e+04 3.0667117e+00 
1.2105911e+04 2.9431105e+00 
1.2155936e+04 2.8256993e+00 
1.2205960e+04 2.7178299e+00 
1.2255984e+04 2.6108954e+00 
1.2306009e+04 2.5208695e+00 
1.2356033e+04 2.4387255e+00 
1.2406058e+04 2.3630211e+00 
1.2456082e+04 2.3001745e+00 
1.2506106e+04 2.2498519e+00 
1.2556131e+04 2.2068045e+00 
1.2606155e+04 2.1816790e+00 
1.2656180e+04 2.1667144e+00 
1.2706204e+04 2.1614077e+00 
1.2756229e+04 2.1725059e+00 
1.2806253e+04 2.1976211e+00 
1.2856277e+04 2.2305000e+00 
1.2906302e+04 2.2808208e+00 
1.2956326e+04 2.3393459e+00 
1.3006351e+04 2.4054863e+00 
1.3056375e+04 2.4868021e+00 
1.3106400e+04 2.5759578e+00 
1.3156424e+04 2.6741128e+00 
1.3206448e+04 2.7860615e+00 
1.3256473e+04 2.8991418e+00 
1.3306497e+04 3.0161006e+00 
1.3356522e+04 3.1474061e+00 
1.3406546e+04 3.2761016e+00 
1.3456571e+04 3.4103498e+00 
1.3506595e+04 3.5464287e+00 
1.3556619e+04 3.6819813e+00 
1.3606644e+04 3.8199918e+00 
1.3656668e+04 3.9583905e+00 
1.3706693e+04 4.0900855e+00 
1.3756717e+04 4.2193050e+00 
1.3806742e+04 4.3454943e+00 
1.3856766e+04 4.4639020e+00 
1.3906790e+04 4.5785770e+00 
1.3956815e+04 4.6835246e+00 
1.4006839e+04 4.7791414e+00 
1.4056864e+04 4.8687863e+00 
1.4106888e+04 4.9471846e+00 
1.4156913e+04 5.0115228e+00 
1.4206937e+04 5.0700202e+00 
1.4256961e+04 5.1145716e+00 
1.4306986e+04 5.1423411e+00 
1.4357010e+04 5.1634030e+00 
1.4407035e+04 5.1691465e+00 
1.4457059e+04 5.1610098e+00 
1.4507084e+04 5.1471286e+00 
1.4557108e+04 5.1174445e+00 
1.4607132e+04 5.0733747e+00 
1.4657157e+04 5.0220766e+00 
1.4707181e+04 4.9548717e+00 
1.4757206e+04 4.8764882e+00 
1.4807230e+04 4.7902369e+00 
1.4857255e+04 4.6936736e+00 
1.4907279e+04 4.5872860e+00 
1.4957303e+04 4.4750285e+00 
1.5007328e+04 4.3517699e+00 
1.5057352e+04 4.2279539e+00 
1.5107377e+04 4.1000972e+00 
1.5157401e+04 3.9647441e+00 
1.5207426e+04 3.8286452e+00 
1.5257450e+04 3.6925099e+00 
1.5307474e+04 3.5536239e+00 
1.5357499e+04 3.4175787e+00 
1.5407523e+04 3.2848072e+00 
1.5457548e+04 3.1517596e+00 
1.5507572e+04 3.0271757e+00 
1.5557596e+04 2.9062979e+00 
1.5607621e+04 2.7870355e+00 
1.5657645e+04 2.6803486e+00 
1.5707670e+04 2.5831375e+00 
1.5757694e+04 2.4906433e+00 
1.5807719e+04 2.4103069e+00 
1.5857743e+04 2.3407958e+00 
1.5907767e+04 2.2793694e+00 
1.5957792e+04 2.2353375e+00 
1.6007816e+04 2.1971378e+00 
1.6057841e+04 2.1715405e+00 
1.6107865e+04 2.1633372e+00 
1.6157890e+04 2.1671972e+00 
1.6207914e+04 2.1807132e+00 
1.6257938e+04 2.2116389e+00 
1.6307963e+04 2.2498519e+00 
1.6357987e+04 2.2987232e+00 
1.6408012e+04 2.3654361e+00 
1.6458036e+04 2.4416134e+00 
1.6508061e+04 2.5227873e+00 
1.6558085e+04 2.6195099e+00 
1.6608109e+04 2.7226458e+00 
1.6658134e+04 2.8316753e+00 
1.6708158e+04 2.9517334e+00 
1.6758183e+04 3.0710549e+00 
1.6808207e+04 3.1996582e+00 
1.6858232e+04 3.3379719e+00 
1.6908256e+04 3.4714966e+00 
1.6958280e+04 3.6077826e+00 
1.7008305e+04 3.7461257e+00 
1.7058329e+04 3.8821445e+00 
1.7108354e+04 4.0164347e+00 
1.7158378e+04 4.1469097e+00 
1.7208403e+04 4.2741361e+00 
1.7258427e+04 4.3976583e+00 
1.7308451e+04 4.5166397e+00 
1.7358476e+04 4.6250196e+00 
1.7408500e+04 4.7270083e+00 
1.7458525e+04 4.8210959e+00 
1.7508549e+04 4.9034343e+00 
1.7558574e+04 4.9750443e+00 
1.7608598e+04 5.0393414e+00 
1.7658622e+04 5.0867906e+00 
1.7708647e+04 5.1260633e+00 
1.7758671e+04 5.1538305e+00 
1.7808696e+04 5.1648393e+00 
1.7858720e+04 5.1686683e+00 
1.7908745e+04 5.1595745e+00 
1.7958769e+04 5.1318088e+00 
1.8008793e+04 5.0973291e+00 
1.8058818e+04 5.0518069e+00 
1.8108842e+04 4.9894476e+00 
1.8158867e+04 4.9178624e+00 
1.8208891e+04 4.8379622e+00 
1.8258915e+04 4.7439094e+00 
1.8308940e+04 4.6443648e+00 
1.8358964e+04 4.5359955e+00 
1.8408989e+04 4.4174762e+00 
1.8459013e+04 4.2958150e+00 
1.8509038e+04 4.1698909e+00 
1.8559062e+04 4.0358725e+00 
1.8609086e+04 3.9000425e+00 
1.8659111e+04 3.7638519e+00 
1.8709135e+04 3.6245437e+00 
1.8759160e+04 3.4888058e+00 
1.8809184e+04 3.3524597e+00 
1.8859209e+04 3.2180464e+00 
1.8909233e+04 3.0894022e+00 
1.8959257e+04 2.9646788e+00 
1.9009282e+04 2.8444617e+00 
1.9059306e+04 2.7342155e+00 
1.9109331e+04 2.6286042e+00 
1.9159355e+04 2.5323744e+00 
1.9209380e+04 2.4483502e+00 
1.9259404e+04 2.3746099e+00 
1.9309428e+04 2.3064635e+00 
1.9359453e+04 2.2527552e+00 
1.9409477e+04 2.2140565e+00 
1.9459502e+04 2.1821620e+00 
1.9509526e+04 2.1676798e+00 
1.9559551e+04 2.1647847e+00 
1.9609575e+04 2.1705754e+00 
1.9659599e+04 2.1932721e+00 
1.9709624e+04 2.2280815e+00 
1.9759648e+04 2.2701752e+00 
1.9809673e+04 2.3296773e+00 
1.9859697e+04 2.3977711e+00 
1.9909722e+04 2.4757545e+00 
1.9959746e+04 2.5659044e+00 
2.0009770e+04 2.6621280e+00 
2.0059795e+04 2.7651670e+00 
2.0109819e+04 2.8815126e+00 
2.0159844e+04 3.0021467e+00 
2.0209868e+04 3.1280627e+00 
2.0259893e+04 3.2611077e+00 
2.0309917e+04 3.3963695e+00 
2.0359941e+04 3.5305932e+00 
2.0409966e+04 3.6704960e+00 
2.0459990e+04 3.8094230e+00 
2.0510015e+04 3.9418061e+00 
2.0560039e+04 4.0786533e+00 
2.0610064e+04 4.2111406e+00 
2.0660088e+04 4.3339114e+00 
2.0710112e+04 4.4551954e+00 
2.0760137e+04 4.5703516e+00 
2.0810161e+04 4.6738577e+00 
2.0860186e+04 4.7728691e+00 
2.0910210e+04 4.8581929e+00 
2.0960234e+04 4.9250751e+00 
2.1010259e+04 4.9836864e+00 
2.1060283e+04 5.0316691e+00 
2.1110308e+04 5.0671444e+00 
2.1160332e+04 5.1002030e+00 
2.1210357e+04 5.1236691e+00 
2.1260381e+04 5.1375542e+00 
2.1310405e+04 5.1500010e+00 
2.1360430e+04 5.1619668e+00 
2.1410454e+04 5.1657963e+00 
2.1460479e+04 5.1691465e+00 
2.1510503e+04 5.1748905e+00 
2.1560528e+04 5.1739330e+00 
2.1610552e+04 5.1710615e+00 
2.1660576e+04 5.1720190e+00 
2.1710601e+04 5.1677108e+00 
2.1760625e+04 5.1672320e+00 
2.1810650e+04 5.1701045e+00 
2.1860674e+04 5.1662755e+00 
2.1910699e+04 5.1657963e+00 
2.1960723e+04 5.1681895e+00 
2.2010747e+04 5.1653175e+00 
2.2060772e+04 5.1667542e+00 
2.2110796e+04 5.1710615e+00 
2.2160821e+04 5.1691465e+00 
2.2210845e+04 5.1705828e+00 
2.2260870e+04 5.1715398e+00 
2.2310894e+04 5.1710615e+00 
2.2360918e+04 5.1720190e+00 
2.2410943e+04 5.1729760e+00 
2.2460967e+04 5.1696253e+00 
2.2510992e+04 5.1653175e+00 
2.2561016e+04 5.1638823e+00 
2.2611041e+04 5.1552658e+00 
2.2661065e+04 5.1466498e+00 
2.2711089e+04 5.1380329e+00 
2.2761114e+04 5.1255841e+00 
2.2811138e+04 5.1097822e+00 
2.2861163e+04 5.0944552e+00 
2.2911187e+04 5.0719371e+00 
2.2961212e+04 5.0460544e+00 
2.3011236e+04 5.0220766e+00 
2.3061260e+04 4.9894476e+00 
2.3111285e+04 4.9519892e+00 
2.3161309e+04 4.9154582e+00 
2.3211334e+04 4.8721552e+00 
2.3261358e+04 4.8235054e+00 
2.3311383e+04 4.7719045e+00 
2.3361407e+04 4.7168655e+00 
2.3411431e+04 4.6530690e+00 
2.3461456e+04 4.5901890e+00 
2.3511480e+04 4.5229301e+00 
2.3561505e+04 4.4484239e+00 
2.3611529e+04 4.3725343e+00 
2.3661553e+04 4.2953324e+00 
2.3711578e+04 4.2082591e+00 
2.3761602e+04 4.1225300e+00 
2.3811627e+04 4.0358725e+00 
2.3861651e+04 3.9408319e+00 
2.3911676e+04 3.8454869e+00 
2.3961700e+04 3.7504368e+00 
2.4011724e+04 3.6499159e+00 
2.4061749e+04 3.5526648e+00 
2.4111773e+04 3.4541769e+00 
2.4161798e+04 3.3524597e+00 
2.4211822e+04 3.2538509e+00 
2.4261847e+04 3.1585319e+00 
2.4311871e+04 3.0589912e+00 
2.4361895e+04 2.9641991e+00 
2.4411920e+04 2.8753264e+00 
2.4461944e+04 2.7855744e+00 
2.4511969e+04 2.6957102e+00 
2.4561993e+04 2.6175957e+00 
2.4612018e+04 2.5405207e+00 
2.4662042e+04 2.4695077e+00 
2.4712066e+04 2.4088609e+00 
2.4762091e+04 2.3490114e+00 
2.4812115e+04 2.2963042e+00 
2.4862140e+04 2.2561424e+00 
2.4912164e+04 2.2213101e+00 
2.4962189e+04 2.1918228e+00 
2.5012213e+04 2.1744366e+00 
2.5062237e+04 2.1657495e+00 
2.5112262e+04 2.1623724e+00 
2.5162286e+04 2.1705754e+00 
2.5212311e+04 2.1889238e+00 
2.5262335e+04 2.2126060e+00 
2.5312360e+04 2.2503357e+00 
2.5362384e+04 2.2977557e+00 
2.5412408e+04 2.3485281e+00 
2.5462433e+04 2.4112709e+00 
2.5512457e+04 2.4844007e+00 
2.5562482e+04 2.5611165e+00 
2.5612506e+04 2.6467981e+00 
2.5662531e+04 2.7409730e+00 
2.5712555e+04 2.8406713e+00 
2.5762579e+04 2.9435894e+00 
2.5812604e+04 3.0546501e+00 
2.5862628e+04 3.1686909e+00 
2.5912653e+04 3.2877083e+00 
2.5962677e+04 3.4142056e+00 
2.6012702e+04 3.5382721e+00 
2.6062726e+04 3.6594882e+00 
2.6112750e+04 3.7868648e+00 
2.6162775e+04 3.9107034e+00 
2.6212799e+04 4.0353975e+00 
2.6262824e+04 4.1555238e+00 
2.6312848e+04 4.2741361e+00 
2.6362872e+04 4.3860612e+00 
2.6412897e+04 4.4953489e+00 
2.6462921e+04 4.6022840e+00 
2.6512946e+04 4.6970563e+00 
2.6562970e+04 4.7863779e+00 
2.6612995e+04 4.8697486e+00 
2.6663019e+04 4.9399762e+00 
2.6713043e+04 5.0033660e+00 
2.6763068e+04 5.0585175e+00 
2.6813092e+04 5.1011610e+00 
2.6863117e+04 5.1318088e+00 
2.6913141e+04 5.1571808e+00 
2.6963166e+04 5.1710615e+00 
2.7013190e+04 5.1657963e+00 
2.7063214e+04 5.1576595e+00 
2.7113239e+04 5.1375542e+00 
2.7163263e+04 5.0997243e+00 
2.7213288e+04 5.0585175e+00 
2.7263312e+04 5.0043254e+00 
2.7313337e+04 4.9366121e+00 
2.7363361e+04 4.8610821e+00 
2.7413385e+04 4.7791414e+00 
2.7463410e+04 4.6854582e+00 
2.7513434e+04 4.5824480e+00 
2.7563459e+04 4.4784150e+00 
2.7613483e+04 4.3628750e+00 
2.7663508e+04 4.2394900e+00 
2.7713532e+04 4.1196647e+00 
2.7763556e+04 3.9941649e+00 
2.7813581e+04 3.8594596e+00 
2.7863605e+04 3.7322385e+00 
2.7913630e+04 3.6020346e+00 
2.7963654e+04 3.4695728e+00 
2.8013679e+04 3.3394208e+00 
2.8063703e+04 3.2117555e+00 
2.8113727e+04 3.0840898e+00 
2.8163752e+04 2.9618008e+00 
2.8213776e+04 2.8529978e+00 
2.8263801e+04 2.7414563e+00 
2.8313825e+04 2.6396151e+00 
2.8363850e+04 2.5481858e+00 
2.8413874e+04 2.4632590e+00 
2.8463898e+04 2.3857110e+00 
2.8513923e+04 2.3243585e+00 
2.8563947e+04 2.2677557e+00 
2.8613972e+04 2.2232447e+00 
2.8663996e+04 2.1927888e+00 
2.8714021e+04 2.1729884e+00 
2.8764045e+04 2.1623724e+00 
2.8814069e+04 2.1667144e+00 
2.8864094e+04 2.1850595e+00 
2.8914118e+04 2.2087383e+00 
2.8964143e+04 2.2459812e+00 
2.9014167e+04 2.2967880e+00 
2.9064191e+04 2.3586740e+00 
2.9114216e+04 2.4290967e+00 
2.9164240e+04 2.5141559e+00 
2.9214265e+04 2.6032381e+00 
2.9264289e+04 2.7000339e+00 
2.9314314e+04 2.8104813e+00 
2.9364338e+04 2.9234936e+00 
2.9414362e+04 3.0387392e+00 
2.9464387e+04 3.1667559e+00 
2.9514411e+04 3.2959280e+00 
2.9564436e+04 3.4262512e+00 
2.9614460e+04 3.5608177e+00 
2.9664485e+04 3.6934667e+00 
2.9714509e+04 3.8267219e+00 
2.9764533e+04 3.9613223e+00 
2.9814558e+04 4.0962825e+00 
2.9864582e+04 4.2188244e+00 
2.9914607e+04 4.3416328e+00 
2.9964631e+04 4.4610000e+00 
3.0014656e+04 4.5727706e+00 
3.0064680e+04 4.6772413e+00 
3.0114704e+04 4.7752819e+00 
3.0164729e+04 4.8620448e+00 
3.0214753e+04 4.9375730e+00 
3.0264778e+04 5.0057650e+00 
3.0314802e+04 5.0628319e+00 
3.0364827e+04 5.1054721e+00 
3.0414851e+04 5.1394691e+00 
3.0464875e+04 5.1610098e+00 
3.0514900e+04 5.1686683e+00 
3.0564924e+04 5.1667542e+00 
3.0614949e+04 5.1523943e+00 
3.0664973e+04 5.1222329e+00 
3.0714998e+04 5.0848737e+00 
3.0765022e+04 5.0374236e+00 
3.0815046e+04 4.9736037e+00 
3.0865071e+04 4.9019918e+00 
3.0915095e+04 4.8230238e+00 
3.0965120e+04 4.7289400e+00 
3.1015144e+04 4.6255031e+00 
3.1065169e+04 4.5195427e+00 
3.1115193e+04 4.4063582e+00 
3.1165217e+04 4.2813601e+00 
3.1215242e+04 4.1579175e+00 
3.1265266e+04 4.0297060e+00 
3.1315291e+04 3.8947177e+00 
3.1365315e+04 3.7638519e+00 
3.1415340e+04 3.6283741e+00 
3.1465364e+04 3.4897671e+00 
3.1515388e+04 3.3577702e+00 
3.1565413e+04 3.2272403e+00 
3.1615437e+04 3.0971308e+00 
3.1665462e+04 2.9752367e+00 
3.1715486e+04 2.8591678e+00 
3.1765511e+04 2.7467709e+00 
3.1815535e+04 2.6420090e+00 
3.1865559e+04 2.5491436e+00 
3.1915584e+04 2.4603741e+00 
3.1965608e+04 2.3852284e+00 
3.2015633e+04 2.3204899e+00 
3.2065657e+04 2.2638845e+00 
3.2115681e+04 2.2203431e+00 
3.2165706e+04 2.1903734e+00 
3.2215730e+04 2.1686447e+00 
3.2265755e+04 2.1618900e+00 
3.2315779e+04 2.1700926e+00 
3.2365804e+04 2.1869917e+00 
3.2415828e+04 2.2145402e+00 
3.2465852e+04 2.2571101e+00 
3.2515877e+04 2.3083982e+00 
3.2565901e+04 2.3707478e+00 
3.2615926e+04 2.4469066e+00 
3.2665950e+04 2.5323744e+00 
3.2715975e+04 2.6238174e+00 
3.2765999e+04 2.7255363e+00 
3.2816023e+04 2.8368821e+00 
3.2866048e+04 2.9507749e+00 
3.2916072e+04 3.0744338e+00 
3.2966097e+04 3.2015936e+00 
3.3016121e+04 3.3302424e+00 
3.3066146e+04 3.4638000e+00 
3.3116170e+04 3.6020346e+00 
3.3166194e+04 3.7365479e+00 
3.3216219e+04 3.8720019e+00 
3.3266243e+04 4.0102782e+00 
3.3316268e+04 4.1383009e+00 
3.3366292e+04 4.2645073e+00 
3.3416317e+04 4.3899264e+00 
3.3466341e+04 4.5050268e+00 
3.3516365e+04 4.6124430e+00 
3.3566390e+04 4.7168655e+00 
3.3616414e+04 4.8114543e+00 
3.3666439e+04 4.8914070e+00 
3.3716463e+04 4.9688015e+00 
3.3766488e+04 5.0297508e+00 
3.3816512e+04 5.0810409e+00 
3.3866536e+04 5.1246271e+00 
3.3916561e+04 5.1500010e+00 
3.3966585e+04 5.1643605e+00 
3.4016610e+04 5.1710615e+00 
3.4066634e+04 5.1624460e+00 
3.4116659e+04 5.1399479e+00 
3.4166683e+04 5.1088243e+00 
3.4216707e+04 5.0657072e+00 
3.4266732e+04 5.0067244e+00 
3.4316756e+04 4.9428592e+00 
3.4366781e+04 4.8649344e+00 
3.4416805e+04 4.7762475e+00 
3.4466830e+04 4.6815915e+00 
3.4516854e+04 4.5785770e+00 
3.4566878e+04 4.4629345e+00 
3.4616903e+04 4.3440466e+00 
3.4666927e+04 4.2212262e+00 
3.4716952e+04 4.0910392e+00 
3.4766976e+04 3.9608331e+00 
3.4817000e+04 3.8276832e+00 
3.4867025e+04 3.6882026e+00 
3.4917049e+04 3.5550625e+00 
3.4967074e+04 3.4199882e+00 
3.5017098e+04 3.2852905e+00 
3.5067123e+04 3.1556292e+00 
3.5117147e+04 3.0310292e+00 
3.5167171e+04 2.9101169e+00 
3.5217196e+04 2.7963002e+00 
3.5267220e+04 2.6894670e+00 
3.5317245e+04 2.5888810e+00 
3.5367269e+04 2.4988036e+00 
3.5417294e+04 2.4184992e+00 
3.5467318e+04 2.3475618e+00 
3.5517342e+04 2.2875953e+00 
3.5567367e+04 2.2406592e+00 
3.5617391e+04 2.2029374e+00 
3.5667416e+04 2.1768506e+00 
3.5717440e+04 2.1671972e+00 
3.5767465e+04 2.1628549e+00 
3.5817489e+04 2.1754022e+00 
3.5867513e+04 2.2043874e+00 
3.5917538e+04 2.2392077e+00 
3.5967562e+04 2.2895305e+00 
3.6017587e+04 2.3494947e+00 
3.6067611e+04 2.4170539e+00 
3.6117636e+04 2.4983237e+00 
3.6167660e+04 2.5898380e+00 
3.6217684e+04 2.6885068e+00 
3.6267709e+04 2.7967885e+00 
3.6317733e+04 2.9115493e+00 
3.6367758e+04 3.0319929e+00 
3.6417782e+04 3.1609504e+00 
3.6467807e+04 3.2930269e+00 
3.6517831e+04 3.4257691e+00 
3.6567855e+04 3.5603383e+00 
3.6617880e+04 3.6944239e+00 
3.6667904e+04 3.8291261e+00 
3.6717929e+04 3.9647441e+00 
3.6767953e+04 4.0981903e+00 
3.6817978e+04 4.2250695e+00 
3.6868002e+04 4.3459768e+00 
3.6918026e+04 4.4697075e+00 
3.6968051e+04 4.5829320e+00 
3.7018075e+04 4.6864247e+00 
3.7068100e+04 4.7844481e+00 
3.7118124e+04 4.8702302e+00 
3.7168149e+04 4.9452629e+00 
3.7218173e+04 5.0129619e+00 
3.7268197e+04 5.0685830e+00 
3.7318222e+04 5.1107402e+00 
3.7368246e+04 5.1456919e+00 
3.7418271e+04 5.1648393e+00 
3.7468295e+04 5.1691465e+00 
3.7518319e+04 5.1653175e+00 
3.7568344e+04 5.1485648e+00 
3.7618368e+04 5.1179233e+00 
3.7668393e+04 5.0791245e+00 
3.7718417e+04 5.0249548e+00 
3.7768442e+04 4.9611163e+00 
3.7818466e+04 4.8870764e+00 
3.7868490e+04 4.8022933e+00 
3.7918515e+04 4.7086525e+00 
3.7968539e+04 4.6066380e+00 
3.8018564e+04 4.4948654e+00 
3.8068588e+04 4.3763986e+00 
3.8118613e+04 4.2563257e+00 
3.8168637e+04 4.1273069e+00 
3.8218661e+04 3.9926901e+00 
3.8268686e+04 3.8599417e+00 
3.8318710e+04 3.7245789e+00 
3.8368735e+04 3.5886199e+00 
3.8418759e+04 3.4522521e+00 
3.8468784e+04 3.3167136e+00 
3.8518808e+04 3.1851418e+00 
3.8568832e+04 3.0604386e+00 
3.8618857e+04 2.9373653e+00 
3.8668881e+04 2.8207831e+00 
3.8718906e+04 2.7134981e+00 
3.8768930e+04 2.6108954e+00 
3.8818955e+04 2.5175130e+00 
3.8868979e+04 2.4363186e+00 
3.8919003e+04 2.3610892e+00 
3.8969028e+04 2.2987232e+00 
3.9019052e+04 2.2498519e+00 
3.9069077e+04 2.2087383e+00 
3.9119101e+04 2.1792645e+00 
3.9169126e+04 2.1681623e+00 
3.9219150e+04 2.1638198e+00 
3.9269174e+04 2.1725059e+00 
3.9319199e+04 2.1995542e+00 
3.9369223e+04 2.2324350e+00 
3.9419248e+04 2.2769499e+00 
3.9469272e+04 2.3369288e+00 
3.9519297e+04 2.4021113e+00 
3.9569321e+04 2.4819994e+00 
3.9619345e+04 2.5721283e+00 
3.9669370e+04 2.6659625e+00 
3.9719394e+04 2.7719605e+00 
3.9769419e+04 2.8881791e+00 
3.9819443e+04 3.0069571e+00 
3.9869468e+04 3.1328981e+00 
3.9919492e+04 3.2635260e+00 
3.9969516e+04 3.3939586e+00 
4.0019541e+04 3.5310736e+00 
4.0069565e+04 3.6685810e+00 
4.0119590e+04 3.8007801e+00 
4.0169614e+04 3.9383972e+00 
4.0219638e+04 4.0715127e+00 
4.0269663e+04 4.1991396e+00 
4.0319687e+04 4.3252273e+00 
4.0369712e+04 4.4479399e+00 
4.0419736e+04 4.5577712e+00 
4.0469761e+04 4.6661229e+00 
4.0519785e+04 4.7656312e+00 
4.0569809e+04 4.8519320e+00 
4.0619834e+04 4.9313245e+00 
4.0669858e+04 5.0024061e+00 
4.0719883e+04 5.0561213e+00 
4.0769907e+04 5.1045141e+00 
4.0819932e+04 5.1389899e+00 
4.0869956e+04 5.1576595e+00 
4.0919980e+04 5.1701045e+00 
4.0970005e+04 5.1686683e+00 
4.1020029e+04 5.1509581e+00 
4.1070054e+04 5.1279788e+00 
4.1120078e+04 5.0872693e+00 
4.1170103e+04 5.0345464e+00 
4.1220127e+04 4.9774451e+00 
4.1270151e+04 4.9039164e+00 
4.1320176e+04 4.8191681e+00 
4.1370200e+04 4.7289400e+00 
4.1420225e+04 4.6250196e+00 
4.1470249e+04 4.5147042e+00 
4.1520274e+04 4.3991079e+00 
4.1570298e+04 4.2760625e+00 
4.1620322e+04 4.1497812e+00 
4.1670347e+04 4.0240159e+00 
4.1720371e+04 3.8845608e+00 
4.1770396e+04 3.7494788e+00 
4.1820420e+04 3.6164031e+00 
4.1870445e+04 3.4791911e+00 
4.1920469e+04 3.3432848e+00 
4.1970493e+04 3.2136912e+00 
4.2020518e+04 3.0831242e+00 
4.2070542e+04 2.9594030e+00 
4.2120567e+04 2.8454096e+00 
4.2170591e+04 2.7322860e+00 
4.2220616e+04 2.6290829e+00 
4.2270640e+04 2.5371666e+00 
4.2320664e+04 2.4512365e+00 
4.2370689e+04 2.3760583e+00 
4.2420713e+04 2.3132353e+00 
4.2470738e+04 2.2580779e+00 
4.2520762e+04 2.2174416e+00 
4.2570787e+04 2.1884410e+00 
4.2620811e+04 2.1671972e+00 
4.2670835e+04 2.1647847e+00 
4.2720860e+04 2.1725059e+00 
4.2770884e+04 2.1889238e+00 
4.2820909e+04 2.2237282e+00 
4.2870933e+04 2.2667880e+00 
4.2920957e+04 2.3195226e+00 
4.2970982e+04 2.3881235e+00 
4.3021006e+04 2.4637396e+00 
4.3071031e+04 2.5510595e+00 
4.3121055e+04 2.6477559e+00 
4.3171080e+04 2.7496719e+00 
4.3221104e+04 2.8601174e+00 
4.3271128e+04 2.9800384e+00 
4.3321153e+04 3.1005127e+00 
4.3371177e+04 3.2277241e+00 
4.3421202e+04 3.3621151e+00 
4.3471226e+04 3.4960148e+00 
4.3521251e+04 3.6326826e+00 
4.3571275e+04 3.7700820e+00 
4.3621299e+04 3.9048865e+00 
4.3671324e+04 4.0391946e+00 
4.3721348e+04 4.1703696e+00 
4.3771373e+04 4.2962961e+00 
4.3821397e+04 4.4189267e+00 
4.3871422e+04 4.5345440e+00 
4.3921446e+04 4.6385617e+00 
4.3971470e+04 4.7405295e+00 
4.4021495e+04 4.8336258e+00 
4.4071519e+04 4.9111304e+00 
4.4121544e+04 4.9856067e+00 
4.4171568e+04 5.0436573e+00 
4.4221593e+04 5.0891857e+00 
4.4271617e+04 5.1294155e+00 
4.4321641e+04 5.1567025e+00 
4.4371666e+04 5.1672320e+00 
4.4421690e+04 5.1720190e+00 
4.4471715e+04 5.1590958e+00 
4.4521739e+04 5.1346812e+00 
4.4571764e+04 5.1021194e+00 
4.4621788e+04 5.0532451e+00 
4.4671812e+04 4.9937668e+00 
4.4721837e+04 4.9265175e+00 
4.4771861e+04 4.8432617e+00 
4.4821886e+04 4.7540474e+00 
4.4871910e+04 4.6559691e+00 
4.4921935e+04 4.5476093e+00 
4.4971959e+04 4.4339156e+00 
4.5021983e+04 4.3141336e+00 
4.5072008e+04 4.1866670e+00 
4.5122032e+04 4.0610480e+00 
4.5172057e+04 3.9281809e+00 
4.5222081e+04 3.7892630e+00 
4.5272106e+04 3.6566164e+00 
4.5322130e+04 3.5209923e+00 
4.5372154e+04 3.3852768e+00 
4.5422179e+04 3.2548187e+00 
4.5472203e+04 3.1217778e+00 
4.5522228e+04 2.9944530e+00 
4.5572252e+04 2.8796086e+00 
4.5622277e+04 2.7671072e+00 
4.5672301e+04 2.6616490e+00 
4.5722325e+04 2.5678196e+00 
4.5772350e+04 2.4767153e+00 
4.5822374e+04 2.3982534e+00 
4.5872399e+04 2.3311276e+00 
4.5922423e+04 2.2730787e+00 
4.5972447e+04 2.2314675e+00 
4.6022472e+04 2.1961713e+00 
4.6072496e+04 2.1720231e+00 
4.6122521e+04 2.1657495e+00 
4.6172545e+04 2.1696100e+00 
4.6222570e+04 2.1821620e+00 
4.6272594e+04 2.2126060e+00 
4.6322618e+04 2.2522712e+00 
4.6372643e+04 2.3040447e+00 
4.6422667e+04 2.3707478e+00 
4.6472692e+04 2.4416134e+00 
4.6522716e+04 2.5237463e+00 
4.6572741e+04 2.6195099e+00 
4.6622765e+04 2.7192743e+00 
4.6672789e+04 2.8293099e+00 
4.6722814e+04 2.9498165e+00 
4.6772838e+04 3.0700896e+00 
4.6822863e+04 3.1986904e+00 
4.6872887e+04 3.3292763e+00 
4.6922912e+04 3.4623570e+00 
4.6972936e+04 3.5996397e+00 
4.7022960e+04 3.7341542e+00 
4.7072985e+04 3.8676586e+00 
4.7123009e+04 4.0069647e+00 
4.7173034e+04 4.1363883e+00 
4.7223058e+04 4.2616196e+00 
4.7273083e+04 4.3875103e+00 
4.7323107e+04 4.5035744e+00 
4.7373131e+04 4.6134105e+00 
4.7423156e+04 4.7187977e+00 
4.7473180e+04 4.8114543e+00 
4.7523205e+04 4.8957376e+00 
4.7573229e+04 4.9692822e+00 
4.7623254e+04 5.0292711e+00 
4.7673278e+04 5.0824785e+00 
4.7723302e+04 5.1260633e+00 
4.7773327e+04 5.1504793e+00 
4.7823351e+04 5.1667542e+00 
4.7873376e+04 5.1715398e+00 
4.7923400e+04 5.1610098e+00 
4.7973425e+04 5.1423411e+00 
4.8023449e+04 5.1102605e+00 
4.8073473e+04 5.0642691e+00 
4.8123498e+04 5.0124822e+00 
4.8173522e+04 4.9447818e+00 
4.8223547e+04 4.8663788e+00 
4.8273571e+04 4.7810717e+00 
4.8323596e+04 4.6844916e+00 
4.8373620e+04 4.5795445e+00 
4.8423644e+04 4.4692235e+00 
4.8473669e+04 4.3483906e+00 
4.8523693e+04 4.2255502e+00 
4.8573718e+04 4.0972362e+00 
4.8623742e+04 3.9627883e+00 
4.8673766e+04 3.8257604e+00 
4.8723791e+04 3.6934667e+00 
4.8773815e+04 3.5560224e+00 
4.8823840e+04 3.4228787e+00 
4.8873864e+04 3.2906096e+00 
4.8923889e+04 3.1575639e+00 
4.8973913e+04 3.0339203e+00 
4.9023937e+04 2.9139371e+00 
4.9073962e+04 2.7958121e+00 
4.9123986e+04 2.6913874e+00 
4.9174011e+04 2.5917525e+00 
4.9224035e+04 2.4997633e+00 
4.9274060e+04 2.4233170e+00 
4.9324084e+04 2.3499777e+00 
4.9374108e+04 2.2904983e+00 
4.9424133e+04 2.2411430e+00 
4.9474157e+04 2.2019706e+00 
4.9524182e+04 2.1787817e+00 
4.9574206e+04 2.1662321e+00 
4.9624231e+04 2.1628549e+00 
4.9674255e+04 2.1768506e+00 
4.9724279e+04 2.2034206e+00 
4.9774304e+04 2.2367887e+00 
4.9824328e+04 2.2871113e+00 
4.9874353e+04 2.3461120e+00 
4.9924377e+04 2.4156082e+00 
4.9974402e+04 2.4973638e+00 
5.0024426e+04 2.5855305e+00 
5.0074450e+04 2.6846669e+00 
5.0124475e+04 2.7948363e+00 
5.0174499e+04 2.9034352e+00 
5.0224524e+04 3.0228412e+00 
5.0274548e+04 3.1522431e+00 
5.0324573e+04 3.2785203e+00 
5.0374597e+04 3.4122779e+00 
5.0424621e+04 3.5517051e+00 
5.0474646e+04 3.6838956e+00 
5.0524670e+04 3.8199918e+00 
5.0574695e+04 3.9569254e+00 
5.0624719e+04 4.0881796e+00 
5.0674744e+04 4.2188244e+00 
5.0724768e+04 4.3445287e+00 
5.0774792e+04 4.4619675e+00 
5.0824817e+04 4.5771260e+00 
5.0874841e+04 4.6806245e+00 
5.0924866e+04 4.7757649e+00 
5.0974890e+04 4.8668599e+00 
5.1024915e+04 4.9423790e+00 
5.1074939e+04 5.0072045e+00 
5.1124963e+04 5.0647488e+00 
5.1174988e+04 5.1078658e+00 
5.1225012e+04 5.1418629e+00 
5.1275037e+04 5.1634030e+00 
5.1325061e+04 5.1696253e+00 
5.1375085e+04 5.1677108e+00 
5.1425110e+04 5.1519156e+00 
5.1475134e+04 5.1217542e+00 
5.1525159e+04 5.0834370e+00 
5.1575183e+04 5.0302300e+00 
5.1625208e+04 4.9664001e+00 
5.1675232e+04 4.8966999e+00 
5.1725256e+04 4.8114543e+00 
5.1775281e+04 4.7158990e+00 
5.1825305e+04 4.6163130e+00 
5.1875330e+04 4.5045419e+00 
5.1925354e+04 4.3865442e+00 
5.1975379e+04 4.2659516e+00 
5.2025403e+04 4.1363883e+00 
5.2075427e+04 4.0079112e+00 
5.2125452e+04 3.8729677e+00 
5.2175476e+04 3.7351117e+00 
5.2225501e+04 3.6015551e+00 
5.2275525e+04 3.4618762e+00 
5.2325550e+04 3.3263779e+00 
5.2375574e+04 3.1982067e+00 
5.2425598e+04 3.0667117e+00 
5.2475623e+04 2.9435894e+00 
5.2525647e+04 2.8307288e+00 
5.2575672e+04 2.7178299e+00 
5.2625696e+04 2.6180742e+00 
5.2675721e+04 2.5271020e+00 
5.2725745e+04 2.4406509e+00 
5.2775769e+04 2.3697820e+00 
5.2825794e+04 2.3059797e+00 
5.2875818e+04 2.2513037e+00 
5.2925843e+04 2.2130895e+00 
5.2975867e+04 2.1840937e+00 
5.3025892e+04 2.1676798e+00 
5.3075916e+04 2.1647847e+00 
5.3125940e+04 2.1710579e+00 
5.3175965e+04 2.1932721e+00 
5.3225989e+04 2.2295325e+00 
5.3276014e+04 2.2721109e+00 
5.3326038e+04 2.3287101e+00 
5.3376063e+04 2.3982534e+00 
5.3426087e+04 2.4714298e+00 
5.3476111e+04 2.5587220e+00 
5.3526136e+04 2.6549408e+00 
5.3576160e+04 2.7593515e+00 
5.3626185e+04 2.8748507e+00 
5.3676209e+04 2.9910886e+00 
5.3726234e+04 3.1145267e+00 
5.3776258e+04 3.2465942e+00 
5.3826282e+04 3.3780408e+00 
5.3876307e+04 3.5147495e+00 
5.3926331e+04 3.6489587e+00 
5.3976356e+04 3.7811096e+00 
5.4026380e+04 3.9189513e+00 
5.4076404e+04 4.0548682e+00 
5.4126429e+04 4.1818719e+00 
5.4176453e+04 4.3102760e+00 
5.4226478e+04 4.4281125e+00 
5.4276502e+04 4.5408344e+00 
5.4326527e+04 4.6530690e+00 
5.4376551e+04 4.7511511e+00 
5.4426575e+04 4.8418169e+00 
5.4476600e+04 4.9245944e+00 
5.4526624e+04 4.9918475e+00 
5.4576649e+04 5.0532451e+00 
5.4626673e+04 5.1011610e+00 
5.4676698e+04 5.1337242e+00 
5.4726722e+04 5.1605310e+00 
5.4776746e+04 5.1715398e+00 
5.4826771e+04 5.1686683e+00 
5.4876795e+04 5.1576595e+00 
5.4926820e+04 5.1279788e+00 
5.4976844e+04 5.0934978e+00 
5.5026869e+04 5.0465336e+00 
5.5076893e+04 4.9812860e+00 
5.5126917e+04 4.9120927e+00 
5.5176942e+04 4.8336258e+00 
5.5226966e+04 4.7385983e+00 
5.5276991e+04 4.6395288e+00 
5.5327015e+04 4.5306721e+00 
5.5377040e+04 4.4131250e+00 
5.5427064e+04 4.2948503e+00 
5.5477088e+04 4.1674953e+00 
5.5527113e+04 4.0372963e+00 
5.5577137e+04 3.9053710e+00 
5.5627162e+04 3.7676861e+00 
5.5677186e+04 3.6341193e+00 
5.5727211e+04 3.4988978e+00 
5.5777235e+04 3.3616321e+00 
5.5827259e+04 3.2325625e+00 
5.5877284e+04 3.1024456e+00 
5.5927308e+04 2.9747565e+00 
5.5977333e+04 2.8620174e+00 
5.6027357e+04 2.7453210e+00 
5.6077382e+04 2.6429670e+00 
5.6127406e+04 2.5491436e+00 
5.6177430e+04 2.4613357e+00 
5.6227455e+04 2.3861933e+00 
5.6277479e+04 2.3204899e+00 
5.6327504e+04 2.2634006e+00 
5.6377528e+04 2.2237282e+00 
5.6427553e+04 2.1913395e+00 
5.6477577e+04 2.1705754e+00 
5.6527601e+04 2.1676798e+00 
5.6577626e+04 2.1710579e+00 
5.6627650e+04 2.1903734e+00 
5.6677675e+04 2.2203431e+00 
5.6727699e+04 2.2585616e+00 
5.6777723e+04 2.3166211e+00 
5.6827748e+04 2.3808851e+00 
5.6877772e+04 2.4526796e+00 
5.6927797e+04 2.5400414e+00 
5.6977821e+04 2.6324339e+00 
5.7027846e+04 2.7356629e+00 
5.7077870e+04 2.8501513e+00 
5.7127894e+04 2.9627600e+00 
5.7177919e+04 3.0884364e+00 
5.7227943e+04 3.2185302e+00 
5.7277968e+04 3.3476312e+00 
5.7327992e+04 3.4844797e+00 
5.7378017e+04 3.6192765e+00 
5.7428041e+04 3.7547479e+00 
5.7478065e+04 3.8927820e+00 
5.7528090e+04 4.0263867e+00 
5.7578114e+04 4.1579175e+00 
5.7628139e+04 4.2861776e+00 
5.7678163e+04 4.4068413e+00 
5.7728188e+04 4.5243816e+00 
5.7778212e+04 4.6322742e+00 
5.7828236e+04 4.7323208e+00 
5.7878261e+04 4.8263974e+00 
5.7928285e+04 4.9077635e+00 
5.7978310e+04 4.9803257e+00 
5.8028334e+04 5.0436573e+00 
5.8078359e+04 5.0891857e+00 
5.8128383e+04 5.1289368e+00 
5.8178407e+04 5.1581388e+00 
5.8228432e+04 5.1691465e+00 
5.8278456e+04 5.1720190e+00 
5.8328481e+04 5.1600533e+00 
5.8378505e+04 5.1375542e+00 
5.8428530e+04 5.1059504e+00 
5.8478554e+04 5.0556417e+00 
5.8528578e+04 4.9990473e+00 
5.8578603e+04 4.9318051e+00 
5.8628627e+04 4.8485603e+00 
5.8678652e+04 4.7617698e+00 
5.8728676e+04 4.6627388e+00 
5.8778701e+04 4.5534158e+00 
5.8828725e+04 4.4402022e+00 
5.8878749e+04 4.3165445e+00 
5.8928774e+04 4.1905036e+00 
5.8978798e+04 4.0629501e+00 
5.9028823e+04 3.9262373e+00 
5.9078847e+04 3.7916622e+00 
5.9128872e+04 3.6566164e+00 
5.9178896e+04 3.5161903e+00 
5.9228920e+04 3.3867240e+00 
5.9278945e+04 3.2523999e+00 
5.9328969e+04 3.1203275e+00 
5.9378994e+04 2.9973378e+00 
5.9429018e+04 2.8772295e+00 
5.9479043e+04 2.7646823e+00 
5.9529067e+04 2.6578157e+00 
5.9579091e+04 2.5596800e+00 
5.9629116e+04 2.4738326e+00 
5.9679140e+04 2.3943949e+00 
5.9729165e+04 2.3277433e+00 
5.9779189e+04 2.2730787e+00 
5.9829213e+04 2.2242122e+00 
5.9879238e+04 2.1942384e+00 
5.9929262e+04 2.1739538e+00 
5.9979287e+04 2.1623724e+00 
6.0029311e+04 2.1720231e+00 
6.0079336e+04 2.1845767e+00 
6.0129360e+04 2.2150238e+00 
6.0179384e+04 2.2571101e+00 
6.0229409e+04 2.3069472e+00 
6.0279433e+04 2.3741271e+00 
6.0329458e+04 2.4497933e+00 
6.0379482e+04 2.5328536e+00 
6.0429507e+04 2.6286042e+00 
6.0479531e+04 2.7284284e+00 
6.0529555e+04 2.8397236e+00 
6.0579580e+04 2.9584441e+00 
6.0629604e+04 3.0792615e+00 
6.0679629e+04 3.2098200e+00 
6.0729653e+04 3.3447332e+00 
6.0779678e+04 3.4772673e+00 
6.0829702e+04 3.6159241e+00 
6.0879726e+04 3.7509160e+00 
6.0929751e+04 3.8869784e+00 
6.0979775e+04 4.0244904e+00 
6.1029800e+04 4.1497812e+00 
6.1079824e+04 4.2799153e+00 
6.1129849e+04 4.4015245e+00 
6.1179873e+04 4.5176072e+00 
6.1229897e+04 4.6317911e+00 
6.1279922e+04 4.7289400e+00 
6.1329946e+04 4.8235054e+00 
6.1379971e+04 4.9077635e+00 
6.1429995e+04 4.9779253e+00 
6.1480020e+04 5.0403004e+00 
6.1530044e+04 5.0896649e+00 
6.1580068e+04 5.1265416e+00 
6.1630093e+04 5.1552658e+00 
6.1680117e+04 5.1681895e+00 
6.1730142e+04 5.1705828e+00 
6.1780166e+04 5.1586170e+00 
6.1830191e+04 5.1342025e+00 
6.1880215e+04 5.1021194e+00 
6.1930239e+04 5.0527658e+00 
6.1980264e+04 4.9932871e+00 
6.2030288e+04 4.9260364e+00 
6.2080313e+04 4.8408527e+00 
6.2130337e+04 4.7530818e+00 
6.2180362e+04 4.6554861e+00 
6.2230386e+04 4.5437374e+00 
6.2280410e+04 4.4290800e+00 
6.2330435e+04 4.3069015e+00 
6.2380459e+04 4.1804338e+00 
6.2430484e+04 4.0524921e+00 
6.2480508e+04 3.9170101e+00 
6.2530532e+04 3.7825477e+00 
6.2580557e+04 3.6470437e+00 
6.2630581e+04 3.5089860e+00 
6.2680606e+04 3.3770757e+00 
6.2730630e+04 3.2407880e+00 
6.2780655e+04 3.1125937e+00 
6.2830679e+04 2.9896467e+00 
6.2880703e+04 2.8658175e+00 
6.2930728e+04 2.7564459e+00 
6.2980752e+04 2.6506298e+00 
6.3030777e+04 2.5515385e+00 
6.3080801e+04 2.4699883e+00 
6.3130826e+04 2.3890884e+00 
6.3180850e+04 2.3238750e+00 
6.3230874e+04 2.2701752e+00 
6.3280899e+04 2.2222774e+00 
6.3330923e+04 2.1927888e+00 
6.3380948e+04 2.1715405e+00 
6.3430972e+04 2.1633372e+00 
6.3480997e+04 2.1715405e+00 
6.3531021e+04 2.1855426e+00 
6.3581045e+04 2.2174416e+00 
6.3631070e+04 2.2590456e+00 
6.3681094e+04 2.3117843e+00 
6.3731119e+04 2.3808851e+00 
6.3781143e+04 2.4550846e+00 
6.3831168e+04 2.5414789e+00 
6.3881192e+04 2.6357849e+00 
6.3931216e+04 2.7361457e+00 
6.3981241e+04 2.8511002e+00 
6.4031265e+04 2.9661179e+00 
6.4081290e+04 3.0908513e+00 
6.4131314e+04 3.2214336e+00 
6.4181339e+04 3.3519771e+00 
6.4231363e+04 3.4902475e+00 
6.4281387e+04 3.6240647e+00 
6.4331412e+04 3.7595394e+00 
6.4381436e+04 3.9000425e+00 
6.4431461e+04 4.0316029e+00 
6.4481485e+04 4.1607904e+00 
6.4531510e+04 4.2890682e+00 
6.4581534e+04 4.4082913e+00 
6.4631558e+04 4.5277691e+00 
6.4681583e+04 4.6337252e+00 
6.4731607e+04 4.7347355e+00 
6.4781632e+04 4.8292890e+00 
6.4831656e+04 4.9092064e+00 
6.4881681e+04 4.9832072e+00 
6.4931705e+04 5.0426979e+00 
6.4981729e+04 5.0896649e+00 
6.5031754e+04 5.1313305e+00 
6.5081778e+04 5.1538305e+00 
6.5131803e+04 5.1701045e+00 
6.5181827e+04 5.1710615e+00 
6.5231851e+04 5.1543093e+00 
6.5281876e+04 5.1351604e+00 
6.5331900e+04 5.0982871e+00 
6.5381925e+04 5.0503683e+00 
6.5431949e+04 4.9937668e+00 
6.5481974e+04 4.9212289e+00 
6.5531998e+04 4.8413343e+00 
6.5582022e+04 4.7501850e+00 
6.5632047e+04 4.6492009e+00 
6.5682071e+04 4.5442214e+00 
6.5732096e+04 4.4276295e+00 
6.5782120e+04 4.3073831e+00 
6.5832145e+04 4.1842694e+00 
6.5882169e+04 4.0510664e+00 
6.5932193e+04 3.9204080e+00 
6.5982218e+04 3.7830274e+00 
6.6032242e+04 3.6451292e+00 
6.6082267e+04 3.5123487e+00 
6.6132291e+04 3.3751457e+00 
6.6182316e+04 3.2417562e+00 
6.6232340e+04 3.1101770e+00 
6.6282364e+04 2.9843614e+00 
6.6332389e+04 2.8691444e+00 
6.6382413e+04 2.7525742e+00 
6.6432438e+04 2.6482346e+00 
6.6482462e+04 2.5539334e+00 
6.6532487e+04 2.4651818e+00 
6.6582511e+04 2.3919830e+00 
6.6632535e+04 2.3238750e+00 
6.6682560e+04 2.2667880e+00 
6.6732584e+04 2.2266304e+00 
6.6782609e+04 2.1908565e+00 
6.6832633e+04 2.1710579e+00 
6.6882658e+04 2.1671972e+00 
6.6932682e+04 2.1681623e+00 
6.6982706e+04 2.1874750e+00 
6.7032731e+04 2.2150238e+00 
6.7082755e+04 2.2590456e+00 
6.7132780e+04 2.3171046e+00 
6.7182804e+04 2.3779891e+00 
6.7232829e+04 2.4560463e+00 
6.7282853e+04 2.5414789e+00 
6.7332877e+04 2.6343489e+00 
6.7382902e+04 2.7429054e+00 
6.7432926e+04 2.8544211e+00 
6.7482951e+04 2.9728363e+00 
6.7532975e+04 3.0980968e+00 
6.7583000e+04 3.2243366e+00 
6.7633024e+04 3.3606670e+00 
6.7683048e+04 3.4950533e+00 
6.7733073e+04 3.6283741e+00 
6.7783097e+04 3.7681651e+00 
6.7833122e+04 3.9029491e+00 
6.7883146e+04 4.0372963e+00 
6.7933170e+04 4.1698909e+00 
6.7983195e+04 4.2948503e+00 
6.8033219e+04 4.4194098e+00 
6.8083244e+04 4.5326080e+00 
6.8133268e+04 4.6424308e+00 
6.8183293e+04 4.7448750e+00 
6.8233317e+04 4.8336258e+00 
6.8283341e+04 4.9154582e+00 
6.8333366e+04 4.9865675e+00 
6.8383390e+04 5.0450950e+00 
6.8433415e+04 5.0992451e+00 
6.8483439e+04 5.1332450e+00 
6.8533464e+04 5.1557450e+00 
6.8583488e+04 5.1715398e+00 
6.8633512e+04 5.1681895e+00 
6.8683537e+04 5.1581388e+00 
6.8733561e+04 5.1342025e+00 
6.8783586e+04 5.0958920e+00 
6.8833610e+04 5.0489306e+00 
6.8883635e+04 4.9860873e+00 
6.8933659e+04 4.9120927e+00 
6.8983683e+04 4.8316979e+00 
6.9033708e+04 4.7385983e+00 
6.9083732e+04 4.6404963e+00 
6.9133757e+04 4.5316401e+00 
6.9183781e+04 4.4145761e+00 
6.9233806e+04 4.2967782e+00 
6.9283830e+04 4.1674953e+00 
6.9333854e+04 4.0401435e+00 
6.9383879e+04 3.9058554e+00 
6.9433903e+04 3.7657692e+00 
6.9483928e+04 3.6322041e+00 
6.9533952e+04 3.4969759e+00 
6.9583977e+04 3.3606670e+00 
6.9634001e+04 3.2296598e+00 
6.9684025e+04 3.0951984e+00 
6.9734050e+04 2.9718764e+00 
6.9784074e+04 2.8563194e+00 
6.9834099e+04 2.7409730e+00 
6.9884123e+04 2.6377001e+00 
6.9934148e+04 2.5453115e+00 
6.9984172e+04 2.4546034e+00 
7.0034196e+04 2.3828156e+00 
7.0084221e+04 2.3175883e+00 
7.0134245e+04 2.2624328e+00 
7.0184270e+04 2.2213101e+00 
7.0234294e+04 2.1884410e+00 
7.0284319e+04 2.1705754e+00 
7.0334343e+04 2.1657495e+00 
7.0384367e+04 2.1691275e+00 
7.0434392e+04 2.1913395e+00 
7.0484416e+04 2.2203431e+00 
7.0534441e+04 2.2629168e+00 
7.0584465e+04 2.3185556e+00 
7.0634489e+04 2.3832982e+00 
7.0684514e+04 2.4608550e+00 
7.0734538e+04 2.5486648e+00 
7.0784563e+04 2.6420090e+00 
7.0834587e+04 2.7491884e+00 
7.0884612e+04 2.8605926e+00 
7.0934636e+04 2.9747565e+00 
7.0984660e+04 3.1024456e+00 
7.1034685e+04 3.2306275e+00 
7.1084709e+04 3.3679070e+00 
7.1134734e+04 3.5051436e+00 
7.1184758e+04 3.6393850e+00 
7.1234783e+04 3.7796707e+00 
7.1284807e+04 3.9150689e+00 
7.1334831e+04 4.0486913e+00 
7.1384856e+04 4.1823511e+00 
7.1434880e+04 4.3069015e+00 
7.1484905e+04 4.4281125e+00 
7.1534929e+04 4.5442214e+00 
7.1584954e+04 4.6501675e+00 
7.1634978e+04 4.7516336e+00 
7.1685002e+04 4.8408527e+00 
7.1735027e+04 4.9241138e+00 
7.1785051e+04 4.9961672e+00 
7.1835076e+04 5.0503683e+00 
7.1885100e+04 5.0968499e+00 
7.1935125e+04 5.1361179e+00 
7.1985149e+04 5.1595745e+00 
7.2035173e+04 5.1710615e+00 
7.2085198e+04 5.1710615e+00 
7.2135222e+04 5.1547875e+00 
7.2185247e+04 5.1303730e+00 
7.2235271e+04 5.0901442e+00 
7.2285296e+04 5.0398211e+00 
7.2335320e+04 4.9812860e+00 
7.2385344e+04 4.9053588e+00 
7.2435369e+04 4.8235054e+00 
7.2485393e+04 4.7328038e+00 
7.2535418e+04 4.6288886e+00 
7.2585442e+04 4.5205107e+00 
7.2635467e+04 4.4034581e+00 
7.2685491e+04 4.2803969e+00 
7.2735515e+04 4.1555238e+00 
7.2785540e+04 4.0221205e+00 
7.2835564e+04 3.8864946e+00 
7.2885589e+04 3.7518735e+00 
7.2935613e+04 3.6135294e+00 
7.2985638e+04 3.4782290e+00 
7.3035662e+04 3.3413527e+00 
7.3085686e+04 3.2059488e+00 
7.3135711e+04 3.0816758e+00 
7.3185735e+04 2.9555676e+00 
7.3235760e+04 2.8387766e+00 
7.3285784e+04 2.7298748e+00 
7.3335809e+04 2.6247749e+00 
7.3385833e+04 2.5328536e+00 
7.3435857e+04 2.4488311e+00 
7.3485882e+04 2.3702648e+00 
7.3535906e+04 2.3093657e+00 
7.3585931e+04 2.2556584e+00 
7.3635955e+04 2.2140565e+00 
7.3685979e+04 2.1855426e+00 
7.3736004e+04 2.1686447e+00 
7.3786028e+04 2.1643021e+00 
7.3836053e+04 2.1739538e+00 
7.3886077e+04 2.1927888e+00 
7.3936102e+04 2.2271142e+00 
7.3986126e+04 2.2745304e+00 
7.4036150e+04 2.3301609e+00 
7.4086175e+04 2.3987358e+00 
7.4136199e+04 2.4786367e+00 
7.4186224e+04 2.5659044e+00 
7.4236248e+04 2.6650035e+00 
7.4286273e+04 2.7700183e+00 
7.4336297e+04 2.8834169e+00 
7.4386321e+04 3.0059950e+00 
7.4436346e+04 3.1299968e+00 
7.4486370e+04 3.2625587e+00 
7.4536395e+04 3.3973339e+00 
7.4586419e+04 3.5291529e+00 
7.4636444e+04 3.6695385e+00 
7.4686468e+04 3.8027000e+00 
7.4736492e+04 3.9379101e+00 
7.4786517e+04 4.0762725e+00 
7.4836541e+04 4.2044191e+00 
7.4886566e+04 4.3314991e+00 
7.4936590e+04 4.4527774e+00 
7.4986615e+04 4.5626097e+00 
7.5036639e+04 4.6724076e+00 
7.5086663e+04 4.7719045e+00 
7.5136688e+04 4.8581929e+00 
7.5186712e+04 4.9404569e+00 
7.5236737e+04 5.0067244e+00 
7.5286761e+04 5.0609145e+00 
7.5336786e+04 5.1102605e+00 
7.5386810e+04 5.1409054e+00 
7.5436834e+04 5.1614890e+00 
7.5486859e+04 5.1724968e+00 
7.5536883e+04 5.1662755e+00 
7.5586908e+04 5.1519156e+00 
7.5636932e+04 5.1231904e+00 
7.5686957e+04 5.0800829e+00 
7.5736981e+04 5.0316691e+00 
7.5787005e+04 4.9659204e+00 
7.5837030e+04 4.8885198e+00 
7.5887054e+04 4.8075976e+00 
7.5937079e+04 4.7110682e+00 
7.5987103e+04 4.6071215e+00 
7.6037128e+04 4.4968009e+00 
7.6087152e+04 4.3763986e+00 
7.6137176e+04 4.2524762e+00 
7.6187201e+04 4.1234851e+00 
7.6237225e+04 3.9897408e+00 
7.6287250e+04 3.8570492e+00 
7.6337274e+04 3.7197917e+00 
7.6387298e+04 3.5804732e+00 
7.6437323e+04 3.4479201e+00 
7.6487347e+04 3.3133304e+00 
7.6537372e+04 3.1773996e+00 
7.6587396e+04 3.0512743e+00 
7.6637421e+04 2.9258840e+00 
7.6687445e+04 2.8099911e+00 
7.6737469e+04 2.7009947e+00 
7.6787494e+04 2.5974953e+00 
7.6837518e+04 2.5064809e+00 
7.6887543e+04 2.4247620e+00 
7.6937567e+04 2.3504610e+00 
7.6987592e+04 2.2919497e+00 
7.7037616e+04 2.2401752e+00 
7.7087640e+04 2.2019706e+00 
7.7137665e+04 2.1811962e+00 
7.7187689e+04 2.1667144e+00 
7.7237714e+04 2.1662321e+00 
7.7287738e+04 2.1821620e+00 
7.7337763e+04 2.2043874e+00 
7.7387787e+04 2.2440457e+00 
7.7437811e+04 2.2943687e+00 
7.7487836e+04 2.3523936e+00 
7.7537860e+04 2.4257252e+00 
7.7587885e+04 2.5098393e+00 
7.7637909e+04 2.5970170e+00 
7.7687934e+04 2.7009947e+00 
7.7737958e+04 2.8124409e+00 
7.7787982e+04 2.9273183e+00 
7.7838007e+04 3.0527208e+00 
7.7888031e+04 3.1769156e+00 
7.7938056e+04 3.3118806e+00 
7.7988080e+04 3.4512894e+00 
7.8038105e+04 3.5838280e+00 
7.8088129e+04 3.7188339e+00 
7.8138153e+04 3.8575311e+00 
7.8188178e+04 3.9921987e+00 
7.8238202e+04 4.1230073e+00 
7.8288227e+04 4.2544012e+00 
7.8338251e+04 4.3739834e+00 
7.8388276e+04 4.4953489e+00 
7.8438300e+04 4.6076055e+00 
7.8488324e+04 4.7105851e+00 
7.8538349e+04 4.8104901e+00 
7.8588373e+04 4.8914070e+00 
7.8638398e+04 4.9654398e+00 
7.8688422e+04 5.0331078e+00 
7.8738447e+04 5.0810409e+00 
7.8788471e+04 5.1236691e+00 
7.8838495e+04 5.1528730e+00 
7.8888520e+04 5.1643605e+00 
7.8938544e+04 5.1724968e+00 
7.8988569e+04 5.1619668e+00 
7.9038593e+04 5.1404262e+00 
7.9088617e+04 5.1097822e+00 
7.9138642e+04 5.0633106e+00 
7.9188666e+04 5.0062451e+00 
7.9238691e+04 4.9418983e+00 
7.9288715e+04 4.8610821e+00 
7.9338740e+04 4.7714219e+00 
7.9388764e+04 4.6762743e+00 
7.9438788e+04 4.5650287e+00 
7.9488813e+04 4.4484239e+00 
7.9538837e+04 4.3300519e+00 
7.9588862e+04 4.2005792e+00 
7.9638886e+04 4.0729403e+00 
7.9688911e+04 3.9383972e+00 
7.9738935e+04 3.7988603e+00 
7.9788959e+04 3.6642742e+00 
7.9838984e+04 3.5301132e+00 
7.9889008e+04 3.3891358e+00 
7.9939033e+04 3.2572377e+00 
7.9989057e+04 3.1256454e+00 
8.0039082e+04 2.9973378e+00 
8.0089106e+04 2.8815126e+00 
8.0139130e+04 2.7641976e+00 
8.0189155e+04 2.6587737e+00 
8.0239179e+04 2.5649469e+00 
8.0289204e+04 2.4733520e+00 
8.0339228e+04 2.3924654e+00 
8.0389253e+04 2.3296773e+00 
8.0439277e+04 2.2701752e+00 
8.0489301e+04 2.2256629e+00 
8.0539326e+04 2.1937554e+00 
8.0589350e+04 2.1720231e+00 
8.0639375e+04 2.1671972e+00 
8.0689399e+04 2.1720231e+00 
8.0739424e+04 2.1865087e+00 
8.0789448e+04 2.2193758e+00 
8.0839472e+04 2.2634006e+00 
8.0889497e+04 2.3161373e+00 
8.0939521e+04 2.3828156e+00 
8.0989546e+04 2.4589317e+00 
8.1039570e+04 2.5443532e+00 
8.1089595e+04 2.6424882e+00 
8.1139619e+04 2.7477376e+00 
8.1189643e+04 2.8586931e+00 
8.1239668e+04 2.9824400e+00 
8.1289692e+04 3.1063111e+00 
8.1339717e+04 3.2349818e+00 
8.1389741e+04 3.3736980e+00 
8.1439766e+04 3.5051436e+00 
8.1489790e+04 3.6441717e+00 
8.1539814e+04 3.7830274e+00 
8.1589839e+04 3.9145837e+00 
8.1639863e+04 4.0520163e+00 
8.1689888e+04 4.1837897e+00 
8.1739912e+04 4.3093114e+00 
8.1789936e+04 4.4334321e+00 
8.1839961e+04 4.5485768e+00 
8.1889985e+04 4.6550031e+00 
8.1940010e+04 4.7574267e+00 
8.1990034e+04 4.8471150e+00 
8.2040059e+04 4.9245944e+00 
8.2090083e+04 4.9980865e+00 
8.2140107e+04 5.0542035e+00 
8.2190132e+04 5.1021194e+00 
8.2240156e+04 5.1385112e+00 
8.2290181e+04 5.1595745e+00 
8.2340205e+04 5.1715398e+00 
8.2390230e+04 5.1691465e+00 
8.2440254e+04 5.1504793e+00 
8.2490278e+04 5.1265416e+00 
8.2540303e+04 5.0882273e+00 
8.2590327e+04 5.0350256e+00 
8.2640352e+04 4.9745646e+00 
8.2690376e+04 4.8991051e+00 
8.2740401e+04 4.8124185e+00 
8.2790425e+04 4.7202458e+00 
8.2840449e+04 4.6177635e+00 
8.2890474e+04 4.5040584e+00 
8.2940498e+04 4.3870273e+00 
8.2990523e+04 4.2606568e+00 
8.3040547e+04 4.1316080e+00 
8.3090572e+04 4.0027061e+00 
8.3140596e+04 3.8642819e+00 
8.3190620e+04 3.7260151e+00 
8.3240645e+04 3.5910158e+00 
8.3290669e+04 3.4517708e+00 
8.3340694e+04 3.3162301e+00 
8.3390718e+04 3.1865931e+00 
8.3440743e+04 3.0546501e+00 
8.3490767e+04 2.9354508e+00 
8.3540791e+04 2.8202920e+00 
8.3590816e+04 2.7086873e+00 
8.3640840e+04 2.6099381e+00 
8.3690865e+04 2.5175130e+00 
8.3740889e+04 2.4310226e+00 
8.3790914e+04 2.3596404e+00 
8.3840938e+04 2.2953365e+00 
8.3890962e+04 2.2440457e+00 
8.3940987e+04 2.2082546e+00 
8.3991011e+04 2.1802304e+00 
8.4041036e+04 2.1676798e+00 
8.4091060e+04 2.1691275e+00 
8.4141085e+04 2.1758850e+00 
8.4191109e+04 2.2019706e+00 
8.4241133e+04 2.2411430e+00 
8.4291158e+04 2.2871113e+00 
8.4341182e+04 2.3475618e+00 
8.4391207e+04 2.4199448e+00 
8.4441231e+04 2.5012031e+00 
8.4491255e+04 2.5951025e+00 
8.4541280e+04 2.6961901e+00 
8.4591304e+04 2.8041179e+00 
8.4641329e+04 2.9230156e+00 
8.4691353e+04 3.0459700e+00 
8.4741378e+04 3.1720779e+00 
8.4791402e+04 3.3070469e+00 
8.4841426e+04 3.4416618e+00 
8.4891451e+04 3.5761592e+00 
8.4941475e+04 3.7145257e+00 
8.4991500e+04 3.8498213e+00 
8.5041524e+04 3.9858124e+00 
8.5091549e+04 4.1163216e+00 
8.5141573e+04 4.2447801e+00 
8.5191597e+04 4.3730178e+00 
8.5241622e+04 4.4934134e+00 
8.5291646e+04 4.6042190e+00 
8.5341671e+04 4.7081695e+00 
8.5391695e+04 4.8037395e+00 
8.5441720e+04 4.8875580e+00 
8.5491744e+04 4.9654398e+00 
8.5541768e+04 5.0283122e+00 
8.5591793e+04 5.0805621e+00 
8.5641817e+04 5.1227117e+00 
8.5691842e+04 5.1519156e+00 
8.5741866e+04 5.1643605e+00 
8.5791891e+04 5.1734548e+00 
8.5841915e+04 5.1629243e+00 
8.5891939e+04 5.1394691e+00 
8.5941964e+04 5.1107402e+00 
8.5991988e+04 5.0637903e+00 
8.6042013e+04 5.0048056e+00 
8.6092037e+04 4.9390149e+00 
8.6142062e+04 4.8567481e+00 
8.6192086e+04 4.7680440e+00 
8.6242110e+04 4.6724076e+00 
8.6292135e+04 4.5606737e+00 
8.6342159e+04 4.4450383e+00 
8.6392184e+04 4.3266745e+00 
8.6442208e+04 4.2020192e+00 
8.6492233e+04 4.0829396e+00 
8.6542257e+04 3.9720843e+00 
8.6592281e+04 3.8613882e+00 
8.6642306e+04 3.7604976e+00 
8.6692330e+04 3.6690600e+00 
8.6742355e+04 3.5799935e+00 
8.6792379e+04 3.5003390e+00 
8.6842404e+04 3.4305861e+00 
8.6892428e+04 3.3645289e+00 
8.6942452e+04 3.3065636e+00 
8.6992477e+04 3.2553027e+00 
8.7042501e+04 3.2059488e+00 
8.7092526e+04 3.1672397e+00 
8.7142550e+04 3.1372499e+00 
8.7192574e+04 3.1067944e+00 
8.7242599e+04 3.0840898e+00 
8.7292623e+04 3.0614035e+00 
8.7342648e+04 3.0454879e+00 
8.7392672e+04 3.0392213e+00 
8.7442697e+04 3.0319929e+00 
8.7492721e+04 3.0295842e+00 
8.7542745e+04 3.0339203e+00 
8.7592770e+04 3.0401852e+00 
8.7642794e+04 3.0503097e+00 
8.7692819e+04 3.0662286e+00 
8.7742843e+04 3.0811925e+00 
8.7792868e+04 3.1005127e+00 
8.7842892e+04 3.1290295e+00 
8.7892916e+04 3.1536944e+00 
8.7942941e+04 3.1841741e+00 
8.7992965e+04 3.2219174e+00 
8.8042990e+04 3.2557859e+00 
8.8093014e+04 3.2964115e+00 
8.8143039e+04 3.3399038e+00 
8.8193063e+04 3.3828650e+00 
8.8243087e+04 3.4325128e+00 
8.8293112e+04 3.4868829e+00 
8.8343136e+04 3.5401912e+00 
8.8393161e+04 3.6001184e+00 
8.8443185e+04 3.6599669e+00 
8.8493210e+04 3.7245789e+00 
8.8543234e+04 3.7878237e+00 
8.8593258e+04 3.8546393e+00 
8.8643283e+04 3.9233222e+00 
8.8693307e+04 3.9956410e+00 
8.8743332e+04 4.0667553e+00 
8.8793356e+04 4.1354327e+00 
8.8843381e+04 4.2082591e+00 
8.8893405e+04 4.2828050e+00 
8.8943429e+04 4.3537011e+00 
8.8993454e+04 4.4285965e+00 
8.9043478e+04 4.4987364e+00 
8.9093503e+04 4.5669641e+00 
8.9143527e+04 4.6371112e+00 
8.9193552e+04 4.7038207e+00 
8.9243576e+04 4.7661133e+00 
8.9293600e+04 4.8297701e+00 
8.9343625e+04 4.8856330e+00 
8.9393649e+04 4.9370933e+00 
8.9443674e+04 4.9884868e+00 
8.9493698e+04 5.0316691e+00 
8.9543723e+04 5.0681038e+00 
8.9593747e+04 5.1030769e+00 
8.9643771e+04 5.1284575e+00 
8.9693796e+04 5.1485648e+00 
8.9743820e+04 5.1648393e+00 
8.9793845e+04 5.1715398e+00 
8.9843869e+04 5.1710615e+00 
8.9893894e+04 5.1677108e+00 
8.9943918e+04 5.1528730e+00 
8.9993942e+04 5.1284575e+00 
9.0043967e+04 5.1025982e+00 
9.0093991e+04 5.0642691e+00 
9.0144016e+04 5.0191984e+00 
9.0194040e+04 4.9697623e+00 
9.0244064e+04 4.9087257e+00 
9.0294089e+04 4.8398895e+00 
9.0344113e+04 4.7685266e+00 
9.0394138e+04 4.6854582e+00 
9.0444162e+04 4.5969625e+00 
9.0494187e+04 4.5064783e+00 
9.0544211e+04 4.4053912e+00 
9.0594235e+04 4.3044906e+00 
9.0644260e+04 4.1996198e+00 
9.0694284e+04 4.0862737e+00 
9.0744309e+04 3.9735532e+00 
9.0794333e+04 3.8575311e+00 
9.0844358e+04 3.7379844e+00 
9.0894382e+04 3.6197553e+00 
9.0944406e+04 3.4984171e+00 
9.0994431e+04 3.3765931e+00 
9.1044455e+04 3.2591727e+00 
9.1094480e+04 3.1483736e+00 
9.1144504e+04 3.0344021e+00 
9.1194529e+04 2.9282751e+00 
9.1244553e+04 2.8286524e+00 
9.1294577e+04 2.7245727e+00 
9.1344602e+04 2.6343489e+00 
9.1394626e+04 2.5520175e+00 
9.1444651e+04 2.4704688e+00 
9.1494675e+04 2.4016292e+00 
9.1544700e+04 2.3398292e+00 
9.1594724e+04 2.2861435e+00 
9.1644748e+04 2.2401752e+00 
9.1694773e+04 2.2077713e+00 
9.1744797e+04 2.1816790e+00 
9.1794822e+04 2.1700926e+00 
9.1844846e+04 2.1667144e+00 
9.1894871e+04 2.1729884e+00 
9.1944895e+04 2.1903734e+00 
9.1994919e+04 2.2217937e+00 
9.2044944e+04 2.2590456e+00 
9.2094968e+04 2.3103333e+00 
9.2144993e+04 2.3712306e+00 
9.2195017e+04 2.4377627e+00 
9.2245042e+04 2.5170333e+00 
9.2295066e+04 2.6065881e+00 
9.2345090e+04 2.6981118e+00 
9.2395115e+04 2.7987413e+00 
9.2445139e+04 2.9082072e+00 
9.2495164e+04 3.0228412e+00 
9.2545188e+04 3.1435370e+00 
9.2595213e+04 3.2688475e+00 
9.2645237e+04 3.3929939e+00 
9.2695261e+04 3.5224326e+00 
9.2745286e+04 3.6523092e+00 
9.2795310e+04 3.7787123e+00 
9.2845335e+04 3.9097335e+00 
9.2895359e+04 4.0391946e+00 
9.2945383e+04 4.1598330e+00 
9.2995408e+04 4.2818418e+00 
9.3045432e+04 4.4015245e+00 
9.3095457e+04 4.5122843e+00 
9.3145481e+04 4.6177635e+00 
9.3195506e+04 4.7183137e+00 
9.3245530e+04 4.8061509e+00 
9.3295554e+04 4.8890018e+00 
9.3345579e+04 4.9635186e+00 
9.3395603e+04 5.0239949e+00 
9.3445628e+04 5.0767283e+00 
9.3495652e+04 5.1188803e+00 
9.3545677e+04 5.1476073e+00 
9.3595701e+04 5.1662755e+00 
9.3645725e+04 5.1758480e+00 
9.3695750e+04 5.1672320e+00 
9.3745774e+04 5.1509581e+00 
9.3795799e+04 5.1251059e+00 
9.3845823e+04 5.0843949e+00 
9.3895848e+04 5.0350256e+00 
9.3945872e+04 4.9740839e+00 
9.3995896e+04 4.8995867e+00 
9.4045921e+04 4.8182030e+00 
9.4095945e+04 4.7318382e+00 
9.4145970e+04 4.6293726e+00 
9.4195994e+04 4.5243816e+00 
9.4246019e+04 4.4121585e+00 
9.4296043e+04 4.2885861e+00 
9.4346067e+04 4.1660585e+00 
9.4396092e+04 4.0425177e+00 
9.4446116e+04 3.9058554e+00 
9.4496141e+04 3.7739172e+00 
9.4546165e+04 3.6422572e+00 
9.4596190e+04 3.5056241e+00 
9.4646214e+04 3.3741806e+00 
9.4696238e+04 3.2465942e+00 
9.4746263e+04 3.1159770e+00 
9.4796287e+04 2.9925301e+00 
9.4846312e+04 2.8777053e+00 
9.4896336e+04 2.7637126e+00 
9.4946361e+04 2.6582947e+00 
9.4996385e+04 2.5649469e+00 
9.5046409e+04 2.4767153e+00 
9.5096434e+04 2.4001825e+00 
9.5146458e+04 2.3349953e+00 
9.5196483e+04 2.2774336e+00 
9.5246507e+04 2.2300162e+00 
9.5296532e+04 2.1985877e+00 
9.5346556e+04 2.1763675e+00 
9.5396580e+04 2.1647847e+00 
9.5446605e+04 2.1705754e+00 
9.5496629e+04 2.1836107e+00 
9.5546654e+04 2.2097051e+00 
9.5596678e+04 2.2488842e+00 
9.5646702e+04 2.2987232e+00 
9.5696727e+04 2.3577080e+00 
9.5746751e+04 2.4315042e+00 
9.5796776e+04 2.5107985e+00 
9.5846800e+04 2.6022811e+00 
9.5896825e+04 2.7048404e+00 
9.5946849e+04 2.8109710e+00 
9.5996873e+04 2.9249277e+00 
9.6046898e+04 3.0483806e+00 
9.6096922e+04 3.1749804e+00 
9.6146947e+04 3.3031800e+00 
9.6196971e+04 3.4382913e+00 
9.6246996e+04 3.5728037e+00 
9.6297020e+04 3.7063892e+00 
9.6347044e+04 3.8435612e+00 
9.6397069e+04 3.9760025e+00 
9.6447093e+04 4.1062984e+00 
9.6497118e+04 4.2375669e+00 
9.6547142e+04 4.3609433e+00 
9.6597167e+04 4.4769635e+00 
9.6647191e+04 4.5911565e+00 
9.6697215e+04 4.6956067e+00 
9.6747240e+04 4.7883077e+00 
9.6797264e+04 4.8760071e+00 
9.6847289e+04 4.9519892e+00 
9.6897313e+04 5.0163198e+00 
9.6947338e+04 5.0719371e+00 
9.6997362e+04 5.1160078e+00 
9.7047386e+04 5.1456919e+00 
9.7097411e+04 5.1638823e+00 
9.7147435e+04 5.1720190e+00 
9.7197460e+04 5.1657963e+00 
9.7247484e+04 5.1500010e+00 
9.7297509e+04 5.1212754e+00 
9.7347533e+04 5.0781665e+00 
9.7397557e+04 5.0239949e+00 
9.7447582e+04 4.9625573e+00 
9.7497606e+04 4.8851519e+00 
9.7547631e+04 4.8003645e+00 
9.7597655e+04 4.7101016e+00 
9.7647680e+04 4.6061544e+00 
9.7697704e+04 4.4953489e+00 
9.7747728e+04 4.3797803e+00 
9.7797753e+04 4.2563257e+00 
9.7847777e+04 4.1306524e+00 
9.7897802e+04 4.0022330e+00 
9.7947826e+04 3.8623528e+00 
9.7997851e+04 3.7288876e+00 
9.8047875e+04 3.5972440e+00 
9.8097899e+04 3.4604321e+00 
9.8147924e+04 3.3244445e+00 
9.8197948e+04 3.1967552e+00 
9.8247973e+04 3.0700896e+00 
9.8297997e+04 2.9469421e+00 
9.8348021e+04 2.8335683e+00 
9.8398046e+04 2.7221639e+00 
9.8448070e+04 2.6185529e+00 
9.8498095e+04 2.5290194e+00 
9.8548119e+04 2.4464254e+00 
9.8598144e+04 2.3697820e+00 
9.8648168e+04 2.3074310e+00 
9.8698192e+04 2.2556584e+00 
9.8748217e+04 2.2159908e+00 
9.8798241e+04 2.1874750e+00 
9.8848266e+04 2.1715405e+00 
9.8898290e+04 2.1652670e+00 
9.8948315e+04 2.1734712e+00 
9.8998339e+04 2.1952050e+00 
9.9048363e+04 2.2246957e+00 
9.9098388e+04 2.2711432e+00 
9.9148412e+04 2.3277433e+00 
9.9198437e+04 2.3929479e+00 
9.9248461e+04 2.4723909e+00 
9.9298486e+04 2.5615952e+00 
9.9348510e+04 2.6568573e+00 
9.9398534e+04 2.7583830e+00 
9.9448559e+04 2.8729484e+00 
9.9498583e+04 2.9877245e+00 
9.9548608e+04 3.1121106e+00 
9.9598632e+04 3.2451427e+00 
9.9648657e+04 3.3775582e+00 
9.9698681e+04 3.5099473e+00 
9.9748705e+04 3.6470437e+00 
9.9798730e+04 3.7806294e+00 
9.9848754e+04 3.9155540e+00 
9.9898779e+04 4.0548682e+00 
9.9948803e+04 4.1823511e+00 
9.9998828e+04 4.3064189e+00 
1.0004885e+05 4.4281125e+00 
1.0009888e+05 4.5413179e+00 
1.0014890e+05 4.6462989e+00 
1.0019893e+05 4.7487373e+00 
1.0024895e+05 4.8403711e+00 
1.0029897e+05 4.9193053e+00 
1.0034900e+05 4.9913673e+00 
1.0039902e+05 5.0508480e+00 
1.0044905e+05 5.0968499e+00 
1.0049907e+05 5.1322875e+00 
1.0054910e+05 5.1590958e+00 
1.0059912e+05 5.1701045e+00 
1.0064915e+05 5.1696253e+00 
1.0069917e+05 5.1581388e+00 
1.0074919e+05 5.1351604e+00 
1.0079922e+05 5.0958920e+00 
1.0084924e+05 5.0508480e+00 
1.0089927e+05 4.9918475e+00 
1.0094929e+05 4.9183440e+00 
1.0099932e+05 4.8394070e+00 
1.0104934e+05 4.7516336e+00 
1.0109936e+05 4.6467824e+00 
1.0114939e+05 4.5418024e+00 
1.0119941e+05 4.4276295e+00 
1.0124944e+05 4.3030443e+00 
1.0129946e+05 4.1780372e+00 
1.0134949e+05 4.0501161e+00 
1.0139951e+05 3.9145837e+00 
1.0144954e+05 3.7806294e+00 
1.0149956e+05 3.6470437e+00 
1.0154958e+05 3.5109076e+00 
1.0159961e+05 3.3741806e+00 
1.0164963e+05 3.2407880e+00 
1.0169966e+05 3.1101770e+00 
1.0174968e+05 2.9848418e+00 
1.0179971e+05 2.8691444e+00 
1.0184973e+05 2.7569304e+00 
1.0189976e+05 2.6511085e+00 
1.0194978e+05 2.5577645e+00 
1.0199980e+05 2.4709494e+00 
1.0204983e+05 2.3915007e+00 
1.0209985e+05 2.3272595e+00 
1.0214988e+05 2.2721109e+00 
1.0219990e+05 2.2232447e+00 
1.0224993e+05 2.1932721e+00 
1.0229995e+05 2.1749194e+00 
1.0234998e+05 2.1638198e+00 
1.0240000e+05 2.1691275e+00 
