0.0000000e+00 2.8345149e+00 
5.0024426e+01 2.9531710e+00 
1.0004885e+02 3.0734684e+00 
1.5007328e+02 3.2035294e+00 
2.0009770e+02 3.3370059e+00 
2.5012213e+02 3.4714966e+00 
3.0014656e+02 3.6077826e+00 
3.5017098e+02 3.7432523e+00 
4.0019541e+02 3.8758645e+00 
4.5021983e+02 4.0131192e+00 
5.0024426e+02 4.1406922e+00 
5.5026869e+02 4.2645073e+00 
6.0029311e+02 4.3884773e+00 
6.5031754e+02 4.5026069e+00 
7.0034196e+02 4.6100240e+00 
7.5036639e+02 4.7115507e+00 
8.0039082e+02 4.7984362e+00 
8.5041524e+02 4.8813014e+00 
9.0043967e+02 4.9519892e+00 
9.5046409e+02 5.0086436e+00 
1.0004885e+03 5.0585175e+00 
1.0505129e+03 5.0949345e+00 
1.1005374e+03 5.1164870e+00 
1.1505618e+03 5.1294155e+00 
1.2005862e+03 5.1284575e+00 
1.2506106e+03 5.1136136e+00 
1.3006351e+03 5.0896649e+00 
1.3506595e+03 5.0522866e+00 
1.4006839e+03 5.0019259e+00 
1.4507084e+03 4.9418983e+00 
1.5007328e+03 4.8687863e+00 
1.5507572e+03 4.7854128e+00 
1.6007816e+03 4.6936736e+00 
1.6508061e+03 4.5911565e+00 
1.7008305e+03 4.4827695e+00 
1.7508549e+03 4.3672214e+00 
1.8008793e+03 4.2418942e+00 
1.8509038e+03 4.1148891e+00 
1.9009282e+03 3.9858124e+00 
1.9509526e+03 3.8498213e+00 
2.0009770e+03 3.7135684e+00 
2.0510015e+03 3.5775971e+00 
2.1010259e+03 3.4406989e+00 
2.1510503e+03 3.3070469e+00 
2.2010747e+03 3.1759484e+00 
2.2510992e+03 3.0474162e+00 
2.3011236e+03 2.9297099e+00 
2.3511480e+03 2.8109710e+00 
2.4011724e+03 2.7000339e+00 
2.4511969e+03 2.6008456e+00 
2.5012213e+03 2.5055215e+00 
2.5512457e+03 2.4213901e+00 
2.6012702e+03 2.3490114e+00 
2.6512946e+03 2.2837241e+00 
2.7013190e+03 2.2324350e+00 
2.7513434e+03 2.1932721e+00 
2.8013679e+03 2.1628549e+00 
2.8513923e+03 2.1488712e+00 
2.9014167e+03 2.1469436e+00 
2.9514411e+03 2.1551383e+00 
3.0014656e+03 2.1782990e+00 
3.0514900e+03 2.2116389e+00 
3.1015144e+03 2.2561424e+00 
3.1515388e+03 2.3161373e+00 
3.2015633e+03 2.3852284e+00 
3.2515877e+03 2.4622974e+00 
3.3016121e+03 2.5534544e+00 
3.3516365e+03 2.6491926e+00 
3.4016610e+03 2.7535417e+00 
3.4516854e+03 2.8696198e+00 
3.5017098e+03 2.9862828e+00 
3.5517342e+03 3.1145267e+00 
3.6017587e+03 3.2485294e+00 
3.6517831e+03 3.3790057e+00 
3.7018075e+03 3.5161903e+00 
3.7518319e+03 3.6508729e+00 
3.8018564e+03 3.7854259e+00 
3.8518808e+03 3.9218650e+00 
3.9019052e+03 4.0567689e+00 
3.9519297e+03 4.1828313e+00 
4.0019541e+03 4.3102760e+00 
4.0519785e+03 4.4281125e+00 
4.1020029e+03 4.5398664e+00 
4.1520274e+03 4.6462989e+00 
4.2020518e+03 4.7429433e+00 
4.2520762e+03 4.8292890e+00 
4.3021006e+03 4.9092064e+00 
4.3521251e+03 4.9740839e+00 
4.4021495e+03 5.0287914e+00 
4.4521739e+03 5.0738535e+00 
4.5021983e+03 5.1035557e+00 
4.5522228e+03 5.1246271e+00 
4.6022472e+03 5.1332450e+00 
4.6522716e+03 5.1222329e+00 
4.7022960e+03 5.1064296e+00 
4.7523205e+03 5.0776873e+00 
4.8023449e+03 5.0326285e+00 
4.8523693e+03 4.9812860e+00 
4.9023937e+03 4.9173822e+00 
4.9524182e+03 4.8403711e+00 
5.0024426e+03 4.7574267e+00 
5.0524670e+03 4.6627388e+00 
5.1024915e+03 4.5572867e+00 
5.1525159e+03 4.4489074e+00 
5.2025403e+03 4.3305345e+00 
5.2525647e+03 4.2077794e+00 
5.3025892e+03 4.0834150e+00 
5.3526136e+03 3.9466791e+00 
5.4026380e+03 3.8142264e+00 
5.4526624e+03 3.6819813e+00 
5.5026869e+03 3.5440297e+00 
5.5527113e+03 3.4098680e+00 
5.6027357e+03 3.2785203e+00 
5.6527601e+03 3.1445045e+00 
5.7027846e+03 3.0189891e+00 
5.7528090e+03 2.8996189e+00 
5.8028334e+03 2.7811942e+00 
5.8528578e+03 2.6736333e+00 
5.9028823e+03 2.5740428e+00 
5.9529067e+03 2.4819994e+00 
6.0029311e+03 2.4021113e+00 
6.0529555e+03 2.3330615e+00 
6.1029800e+03 2.2687235e+00 
6.1530044e+03 2.2232447e+00 
6.2030288e+03 2.1845767e+00 
6.2530532e+03 2.1585138e+00 
6.3030777e+03 2.1483893e+00 
6.3531021e+03 2.1450160e+00 
6.4031265e+03 2.1594784e+00 
6.4531510e+03 2.1869917e+00 
6.5031754e+03 2.2213101e+00 
6.5531998e+03 2.2711432e+00 
6.6032242e+03 2.3335450e+00 
6.6532487e+03 2.4021113e+00 
6.7032731e+03 2.4853613e+00 
6.7532975e+03 2.5773938e+00 
6.8033219e+03 2.6741128e+00 
6.8533464e+03 2.7850876e+00 
6.9033708e+03 2.9010496e+00 
6.9533952e+03 3.0194705e+00 
7.0034196e+03 3.1483736e+00 
7.0534441e+03 3.2804546e+00 
7.1034685e+03 3.4108322e+00 
7.1534929e+03 3.5454688e+00 
7.2035173e+03 3.6819813e+00 
7.2535418e+03 3.8166285e+00 
7.3035662e+03 3.9530201e+00 
7.3535906e+03 4.0834150e+00 
7.4036150e+03 4.2106600e+00 
7.4536395e+03 4.3363247e+00 
7.5036639e+03 4.4527774e+00 
7.5536883e+03 4.5630937e+00 
7.6037128e+03 4.6675730e+00 
7.6537372e+03 4.7608047e+00 
7.7037616e+03 4.8461518e+00 
7.7537860e+03 4.9231515e+00 
7.8038105e+03 4.9865675e+00 
7.8538349e+03 5.0398211e+00 
7.9038593e+03 5.0810409e+00 
7.9538837e+03 5.1078658e+00 
8.0039082e+03 5.1255841e+00 
8.0539326e+03 5.1318088e+00 
8.1039570e+03 5.1212754e+00 
8.1539814e+03 5.1021194e+00 
8.2040059e+03 5.0695410e+00 
8.2540303e+03 5.0235152e+00 
8.3040547e+03 4.9673605e+00 
8.3540791e+03 4.9029541e+00 
8.4041036e+03 4.8210959e+00 
8.4541280e+03 4.7337694e+00 
8.5041524e+03 4.6385617e+00 
8.5541768e+03 4.5311565e+00 
8.6042013e+03 4.4184432e+00 
8.6542257e+03 4.2982240e+00 
8.7042501e+03 4.1722860e+00 
8.7542745e+03 4.0453663e+00 
8.8042990e+03 3.9082792e+00 
8.8543234e+03 3.7691240e+00 
8.9043478e+03 3.6374700e+00 
8.9543723e+03 3.4979365e+00 
9.0043967e+03 3.3606670e+00 
9.0544211e+03 3.2243366e+00 
9.1044455e+03 3.0927832e+00 
9.1544700e+03 2.9665978e+00 
9.2044944e+03 2.8482544e+00 
9.2545188e+03 2.7322860e+00 
9.3045432e+03 2.6290829e+00 
9.3545677e+03 2.5342913e+00 
9.4045921e+03 2.4454632e+00 
9.4546165e+03 2.3673675e+00 
9.5046409e+03 2.3021097e+00 
9.5546654e+03 2.2454975e+00 
9.6046898e+03 2.2010040e+00 
9.6547142e+03 2.1720231e+00 
9.7047386e+03 2.1512811e+00 
9.7547631e+03 2.1445341e+00 
9.8047875e+03 2.1532097e+00 
9.8548119e+03 2.1700926e+00 
9.9048363e+03 2.2024541e+00 
9.9548608e+03 2.2469490e+00 
1.0004885e+04 2.3001745e+00 
1.0054910e+04 2.3688164e+00 
1.0104934e+04 2.4469066e+00 
1.0154958e+04 2.5294986e+00 
1.0204983e+04 2.6166382e+00 
1.0255007e+04 2.7038789e+00 
1.0305032e+04 2.7870355e+00 
1.0355056e+04 2.8729484e+00 
1.0405081e+04 2.9536505e+00 
1.0455105e+04 3.0266941e+00 
1.0505129e+04 3.1000297e+00 
1.0555154e+04 3.1682074e+00 
1.0605178e+04 3.2282078e+00 
1.0655203e+04 3.2857740e+00 
1.0705227e+04 3.3360398e+00 
1.0755252e+04 3.3819003e+00 
1.0805276e+04 3.4233603e+00 
1.0855300e+04 3.4580264e+00 
1.0905325e+04 3.4873641e+00 
1.0955349e+04 3.5166709e+00 
1.1005374e+04 3.5349128e+00 
1.1055398e+04 3.5473881e+00 
1.1105423e+04 3.5598586e+00 
1.1155447e+04 3.5675304e+00 
1.1205471e+04 3.5651331e+00 
1.1255496e+04 3.5646536e+00 
1.1305520e+04 3.5574608e+00 
1.1355545e+04 3.5445094e+00 
1.1405569e+04 3.5320332e+00 
1.1455594e+04 3.5133090e+00 
1.1505618e+04 3.4888058e+00 
1.1555642e+04 3.4633188e+00 
1.1605667e+04 3.4349205e+00 
1.1655691e+04 3.4007092e+00 
1.1705716e+04 3.3669419e+00 
1.1755740e+04 3.3268609e+00 
1.1805765e+04 3.2862575e+00 
1.1855789e+04 3.2436912e+00 
1.1905813e+04 3.1967552e+00 
1.1955838e+04 3.1474061e+00 
1.2005862e+04 3.0995464e+00 
1.2055887e+04 3.0478985e+00 
1.2105911e+04 2.9939723e+00 
1.2155936e+04 2.9402375e+00 
1.2205960e+04 2.8843689e+00 
1.2255984e+04 2.8307288e+00 
1.2306009e+04 2.7758460e+00 
1.2356033e+04 2.7202373e+00 
1.2406058e+04 2.6650035e+00 
1.2456082e+04 2.6142452e+00 
1.2506106e+04 2.5596800e+00 
1.2556131e+04 2.5045619e+00 
1.2606155e+04 2.4574890e+00 
1.2656180e+04 2.4083786e+00 
1.2706204e+04 2.3639872e+00 
1.2756229e+04 2.3233914e+00 
1.2806253e+04 2.2837241e+00 
1.2856277e+04 2.2474327e+00 
1.2906302e+04 2.2198594e+00 
1.2956326e+04 2.1937554e+00 
1.3006351e+04 2.1715405e+00 
1.3056375e+04 2.1589959e+00 
1.3106400e+04 2.1474252e+00 
1.3156424e+04 2.1421254e+00 
1.3206448e+04 2.1469436e+00 
1.3256473e+04 2.1551383e+00 
1.3306497e+04 2.1705754e+00 
1.3356522e+04 2.1923058e+00 
1.3406546e+04 2.2193758e+00 
1.3456571e+04 2.2551746e+00 
1.3506595e+04 2.2996907e+00 
1.3556619e+04 2.3475618e+00 
1.3606644e+04 2.4011469e+00 
1.3656668e+04 2.4671044e+00 
1.3706693e+04 2.5338120e+00 
1.3756717e+04 2.6065881e+00 
1.3806742e+04 2.6894670e+00 
1.3856766e+04 2.7734170e+00 
1.3906790e+04 2.8643923e+00 
1.3956815e+04 2.9627600e+00 
1.4006839e+04 3.0628512e+00 
1.4056864e+04 3.1672397e+00 
1.4106888e+04 3.2785203e+00 
1.4156913e+04 3.3886535e+00 
1.4206937e+04 3.4998586e+00 
1.4256961e+04 3.6135294e+00 
1.4306986e+04 3.7269723e+00 
1.4357010e+04 3.8425980e+00 
1.4407035e+04 3.9574137e+00 
1.4457059e+04 4.0686579e+00 
1.4507084e+04 4.1780372e+00 
1.4557108e+04 4.2876229e+00 
1.4607132e+04 4.3913765e+00 
1.4657157e+04 4.4900274e+00 
1.4707181e+04 4.5863185e+00 
1.4757206e+04 4.6753073e+00 
1.4807230e+04 4.7564602e+00 
1.4857255e+04 4.8360348e+00 
1.4907279e+04 4.9053588e+00 
1.4957303e+04 4.9630380e+00 
1.5007328e+04 5.0167994e+00 
1.5057352e+04 5.0580382e+00 
1.5107377e+04 5.0896649e+00 
1.5157401e+04 5.1150494e+00 
1.5207426e+04 5.1274996e+00 
1.5257450e+04 5.1298943e+00 
1.5307474e+04 5.1260633e+00 
1.5357499e+04 5.1088243e+00 
1.5407523e+04 5.0800829e+00 
1.5457548e+04 5.0450950e+00 
1.5507572e+04 4.9976068e+00 
1.5557596e+04 4.9390149e+00 
1.5607621e+04 4.8736000e+00 
1.5657645e+04 4.7998824e+00 
1.5707670e+04 4.7139659e+00 
1.5757694e+04 4.6221175e+00 
1.5807719e+04 4.5268011e+00 
1.5857743e+04 4.4189267e+00 
1.5907767e+04 4.3064189e+00 
1.5957792e+04 4.1919432e+00 
1.6007816e+04 4.0724645e+00 
1.6057841e+04 3.9471667e+00 
1.6107865e+04 3.8243179e+00 
1.6157890e+04 3.6949027e+00 
1.6207914e+04 3.5680099e+00 
1.6257938e+04 3.4406989e+00 
1.6307963e+04 3.3123639e+00 
1.6357987e+04 3.1875610e+00 
1.6408012e+04 3.0696070e+00 
1.6458036e+04 2.9522126e+00 
1.6508061e+04 2.8416185e+00 
1.6558085e+04 2.7361457e+00 
1.6608109e+04 2.6362638e+00 
1.6658134e+04 2.5448325e+00 
1.6708158e+04 2.4622974e+00 
1.6758183e+04 2.3828156e+00 
1.6808207e+04 2.3171046e+00 
1.6858232e+04 2.2629168e+00 
1.6908256e+04 2.2169578e+00 
1.6958280e+04 2.1807132e+00 
1.7008305e+04 2.1604431e+00 
1.7058329e+04 2.1474252e+00 
1.7108354e+04 2.1450160e+00 
1.7158378e+04 2.1594784e+00 
1.7208403e+04 2.1802304e+00 
1.7258427e+04 2.2130895e+00 
1.7308451e+04 2.2604973e+00 
1.7358476e+04 2.3142028e+00 
1.7408500e+04 2.3804026e+00 
1.7458525e+04 2.4570081e+00 
1.7508549e+04 2.5400414e+00 
1.7558574e+04 2.6324339e+00 
1.7608598e+04 2.7351809e+00 
1.7658622e+04 2.8458836e+00 
1.7708647e+04 2.9560468e+00 
1.7758671e+04 3.0787787e+00 
1.7808696e+04 3.2059488e+00 
1.7858720e+04 3.3326583e+00 
1.7908745e+04 3.4628379e+00 
1.7958769e+04 3.5948489e+00 
1.8008793e+04 3.7250574e+00 
1.8058818e+04 3.8565671e+00 
1.8108842e+04 3.9897408e+00 
1.8158867e+04 4.1148891e+00 
1.8208891e+04 4.2390094e+00 
1.8258915e+04 4.3604608e+00 
1.8308940e+04 4.4716420e+00 
1.8358964e+04 4.5800290e+00 
1.8408989e+04 4.6820750e+00 
1.8459013e+04 4.7709394e+00 
1.8509038e+04 4.8528957e+00 
1.8559062e+04 4.9265175e+00 
1.8609086e+04 4.9894476e+00 
1.8659111e+04 5.0393414e+00 
1.8709135e+04 5.0791245e+00 
1.8759160e+04 5.1078658e+00 
1.8809184e+04 5.1251059e+00 
1.8859209e+04 5.1318088e+00 
1.8909233e+04 5.1231904e+00 
1.8959257e+04 5.1030769e+00 
1.9009282e+04 5.0748119e+00 
1.9059306e+04 5.0345464e+00 
1.9109331e+04 4.9788857e+00 
1.9159355e+04 4.9159393e+00 
1.9209380e+04 4.8418169e+00 
1.9259404e+04 4.7564602e+00 
1.9309428e+04 4.6637053e+00 
1.9359453e+04 4.5645447e+00 
1.9409477e+04 4.4542279e+00 
1.9459502e+04 4.3377724e+00 
1.9509526e+04 4.2188244e+00 
1.9559551e+04 4.0919919e+00 
1.9609575e+04 3.9632773e+00 
1.9659599e+04 3.8300879e+00 
1.9709624e+04 3.6963384e+00 
1.9759648e+04 3.5617766e+00 
1.9809673e+04 3.4301040e+00 
1.9859697e+04 3.2968953e+00 
1.9909722e+04 3.1657882e+00 
1.9959746e+04 3.0416312e+00 
2.0009770e+04 2.9225373e+00 
2.0059795e+04 2.8055851e+00 
2.0109819e+04 2.6971509e+00 
2.0159844e+04 2.5979741e+00 
2.0209868e+04 2.5055215e+00 
2.0259893e+04 2.4233170e+00 
2.0309917e+04 2.3499777e+00 
2.0359941e+04 2.2866275e+00 
2.0409966e+04 2.2348537e+00 
2.0459990e+04 2.1961713e+00 
2.0510015e+04 2.1686447e+00 
2.0560039e+04 2.1479073e+00 
2.0610064e+04 2.1445341e+00 
2.0660088e+04 2.1522453e+00 
2.0710112e+04 2.1725059e+00 
2.0760137e+04 2.2058377e+00 
2.0810161e+04 2.2503357e+00 
2.0860186e+04 2.3030772e+00 
2.0910210e+04 2.3668847e+00 
2.0960234e+04 2.4440196e+00 
2.1010259e+04 2.5290194e+00 
2.1060283e+04 2.6219029e+00 
2.1110308e+04 2.7269826e+00 
2.1160332e+04 2.8368821e+00 
2.1210357e+04 2.9522126e+00 
2.1260381e+04 3.0758822e+00 
2.1310405e+04 3.2035294e+00 
2.1360430e+04 3.3360398e+00 
2.1410454e+04 3.4686105e+00 
2.1460479e+04 3.6034715e+00 
2.1510503e+04 3.7351117e+00 
2.1560528e+04 3.8666935e+00 
2.1610552e+04 4.0017595e+00 
2.1660576e+04 4.1273069e+00 
2.1710601e+04 4.2524762e+00 
2.1760625e+04 4.3749495e+00 
2.1810650e+04 4.4890594e+00 
2.1860674e+04 4.5950270e+00 
2.1910699e+04 4.6946402e+00 
2.1960723e+04 4.7858958e+00 
2.2010747e+04 4.8663788e+00 
2.2060772e+04 4.9404569e+00 
2.2110796e+04 5.0019259e+00 
2.2160821e+04 5.0494099e+00 
2.2210845e+04 5.0882273e+00 
2.2260870e+04 5.1150494e+00 
2.2310894e+04 5.1265416e+00 
2.2360918e+04 5.1294155e+00 
2.2410943e+04 5.1184020e+00 
2.2460967e+04 5.0949345e+00 
2.2510992e+04 5.0633106e+00 
2.2561016e+04 5.0177593e+00 
2.2611041e+04 4.9591951e+00 
2.2661065e+04 4.8928509e+00 
2.2711089e+04 4.8143477e+00 
2.2761114e+04 4.7245936e+00 
2.2811138e+04 4.6255031e+00 
2.2861163e+04 4.5205107e+00 
2.2911187e+04 4.4087749e+00 
2.2961212e+04 4.2876229e+00 
2.3011236e+04 4.1665373e+00 
2.3061260e+04 4.0391946e+00 
2.3111285e+04 3.9068248e+00 
2.3161309e+04 3.7743969e+00 
2.3211334e+04 3.6389065e+00 
2.3261358e+04 3.5022612e+00 
2.3311383e+04 3.3674245e+00 
2.3361407e+04 3.2364335e+00 
2.3411431e+04 3.1048613e+00 
2.3461456e+04 2.9800384e+00 
2.3511480e+04 2.8662927e+00 
2.3561505e+04 2.7520905e+00 
2.3611529e+04 2.6467981e+00 
2.3661553e+04 2.5520175e+00 
2.3711578e+04 2.4637396e+00 
2.3761602e+04 2.3847458e+00 
2.3811627e+04 2.3171046e+00 
2.3861651e+04 2.2600133e+00 
2.3911676e+04 2.2121224e+00 
2.3961700e+04 2.1787817e+00 
2.4011724e+04 2.1585138e+00 
2.4061749e+04 2.1445341e+00 
2.4111773e+04 2.1459796e+00 
2.4161798e+04 2.1638198e+00 
2.4211822e+04 2.1874750e+00 
2.4261847e+04 2.2266304e+00 
2.4311871e+04 2.2774336e+00 
2.4361895e+04 2.3383789e+00 
2.4411920e+04 2.4093430e+00 
2.4461944e+04 2.4925635e+00 
2.4511969e+04 2.5850520e+00 
2.4561993e+04 2.6822679e+00 
2.4612018e+04 2.7909341e+00 
2.4662042e+04 2.9043891e+00 
2.4712066e+04 3.0223594e+00 
2.4762091e+04 3.1498249e+00 
2.4812115e+04 3.2814219e+00 
2.4862140e+04 3.4127598e+00 
2.4912164e+04 3.5445094e+00 
2.4962189e+04 3.6795883e+00 
2.5012213e+04 3.8142264e+00 
2.5062237e+04 3.9447296e+00 
2.5112262e+04 4.0777006e+00 
2.5162286e+04 4.2015395e+00 
2.5212311e+04 4.3213682e+00 
2.5262335e+04 4.4440713e+00 
2.5312360e+04 4.5534158e+00 
2.5362384e+04 4.6545191e+00 
2.5412408e+04 4.7501850e+00 
2.5462433e+04 4.8369980e+00 
2.5512457e+04 4.9106493e+00 
2.5562482e+04 4.9764848e+00 
2.5612506e+04 5.0311899e+00 
2.5662531e+04 5.0728955e+00 
2.5712555e+04 5.1049924e+00 
2.5762579e+04 5.1246271e+00 
2.5812604e+04 5.1289368e+00 
2.5862628e+04 5.1246271e+00 
2.5912653e+04 5.1083450e+00 
2.5962677e+04 5.0762496e+00 
2.6012702e+04 5.0355053e+00 
2.6062726e+04 4.9841666e+00 
2.6112750e+04 4.9173822e+00 
2.6162775e+04 4.8451891e+00 
2.6212799e+04 4.7608047e+00 
2.6262824e+04 4.6651559e+00 
2.6312848e+04 4.5621257e+00 
2.6362872e+04 4.4522934e+00 
2.6412897e+04 4.3353591e+00 
2.6462921e+04 4.2145014e+00 
2.6512946e+04 4.0886559e+00 
2.6562970e+04 3.9603446e+00 
2.6612995e+04 3.8238370e+00 
2.6663019e+04 3.6896386e+00 
2.6713043e+04 3.5584199e+00 
2.6763068e+04 3.4214332e+00 
2.6813092e+04 3.2867410e+00 
2.6863117e+04 3.1580482e+00 
2.6913141e+04 3.0310292e+00 
2.6963166e+04 2.9086845e+00 
2.7013190e+04 2.7963002e+00 
2.7063214e+04 2.6880267e+00 
2.7113239e+04 2.5869668e+00 
2.7163263e+04 2.4964039e+00 
2.7213288e+04 2.4136806e+00 
2.7263312e+04 2.3422458e+00 
2.7313337e+04 2.2827566e+00 
2.7363361e+04 2.2305000e+00 
2.7413385e+04 2.1889238e+00 
2.7463410e+04 2.1628549e+00 
2.7513434e+04 2.1488712e+00 
2.7563459e+04 2.1454978e+00 
2.7613483e+04 2.1551383e+00 
2.7663508e+04 2.1773331e+00 
2.7713532e+04 2.2097051e+00 
2.7763556e+04 2.2575939e+00 
2.7813581e+04 2.3156536e+00 
2.7863605e+04 2.3823328e+00 
2.7913630e+04 2.4589317e+00 
2.7963654e+04 2.5496228e+00 
2.8013679e+04 2.6448824e+00 
2.8063703e+04 2.7491884e+00 
2.8113727e+04 2.8629670e+00 
2.8163752e+04 2.9809988e+00 
2.8213776e+04 3.1048613e+00 
2.8263801e+04 3.2335308e+00 
2.8313825e+04 3.3654940e+00 
2.8363850e+04 3.4974563e+00 
2.8413874e+04 3.6336405e+00 
2.8463898e+04 3.7672064e+00 
2.8513923e+04 3.9014955e+00 
2.8563947e+04 4.0353975e+00 
2.8613972e+04 4.1617484e+00 
2.8663996e+04 4.2866592e+00 
2.8714021e+04 4.4058743e+00 
2.8764045e+04 4.5200267e+00 
2.8814069e+04 4.6235681e+00 
2.8864094e+04 4.7221780e+00 
2.8914118e+04 4.8129005e+00 
2.8964143e+04 4.8923697e+00 
2.9014167e+04 4.9601555e+00 
2.9064191e+04 5.0158405e+00 
2.9114216e+04 5.0613937e+00 
2.9164240e+04 5.0958920e+00 
2.9214265e+04 5.1193595e+00 
2.9264289e+04 5.1289368e+00 
2.9314314e+04 5.1255841e+00 
2.9364338e+04 5.1131339e+00 
2.9414362e+04 5.0848737e+00 
2.9464387e+04 5.0470128e+00 
2.9514411e+04 4.9990473e+00 
2.9564436e+04 4.9356508e+00 
2.9614460e+04 4.8630085e+00 
2.9664485e+04 4.7834840e+00 
2.9714509e+04 4.6907740e+00 
2.9764533e+04 4.5897050e+00 
2.9814558e+04 4.4827695e+00 
2.9864582e+04 4.3667383e+00 
2.9914607e+04 4.2438178e+00 
2.9964631e+04 4.1196647e+00 
3.0014656e+04 3.9912152e+00 
3.0064680e+04 3.8594596e+00 
3.0114704e+04 3.7269723e+00 
3.0164729e+04 3.5905364e+00 
3.0214753e+04 3.4532146e+00 
3.0264778e+04 3.3220291e+00 
3.0314802e+04 3.1899803e+00 
3.0364827e+04 3.0614035e+00 
3.0414851e+04 2.9416740e+00 
3.0464875e+04 2.8266833e+00 
3.0514900e+04 2.7106113e+00 
3.0564924e+04 2.6123312e+00 
3.0614949e+04 2.5199106e+00 
3.0664973e+04 2.4334302e+00 
3.0714998e+04 2.3610892e+00 
3.0765022e+04 2.2982395e+00 
3.0815046e+04 2.2406592e+00 
3.0865071e+04 2.2000372e+00 
3.0915095e+04 2.1696100e+00 
3.0965120e+04 2.1503172e+00 
3.1015144e+04 2.1454978e+00 
3.1065169e+04 2.1512811e+00 
3.1115193e+04 2.1667144e+00 
3.1165217e+04 2.2014873e+00 
3.1215242e+04 2.2450135e+00 
3.1265266e+04 2.2972717e+00 
3.1315291e+04 2.3644700e+00 
3.1365315e+04 2.4416134e+00 
3.1415340e+04 2.5242255e+00 
3.1465364e+04 2.6180742e+00 
3.1515388e+04 2.7202373e+00 
3.1565413e+04 2.8286524e+00 
3.1615437e+04 2.9459841e+00 
3.1665462e+04 3.0696070e+00 
3.1715486e+04 3.1948190e+00 
3.1765511e+04 3.3268609e+00 
3.1815535e+04 3.4628379e+00 
3.1865559e+04 3.5953279e+00 
3.1915584e+04 3.7312813e+00 
3.1965608e+04 3.8642819e+00 
3.2015633e+04 3.9976091e+00 
3.2065657e+04 4.1268291e+00 
3.2115681e+04 4.2529578e+00 
3.2165706e+04 4.3720512e+00 
3.2215730e+04 4.4885755e+00 
3.2265755e+04 4.5979300e+00 
3.2315779e+04 4.6965728e+00 
3.2365804e+04 4.7883077e+00 
3.2415828e+04 4.8716745e+00 
3.2465852e+04 4.9404569e+00 
3.2515877e+04 5.0009656e+00 
3.2565901e+04 5.0513272e+00 
3.2615926e+04 5.0877490e+00 
3.2665950e+04 5.1145716e+00 
3.2715975e+04 5.1294155e+00 
3.2765999e+04 5.1289368e+00 
3.2816023e+04 5.1174445e+00 
3.2866048e+04 5.0958920e+00 
3.2916072e+04 5.0594764e+00 
3.2966097e+04 5.0134420e+00 
3.3016121e+04 4.9572735e+00 
3.3066146e+04 4.8865952e+00 
3.3116170e+04 4.8095264e+00 
3.3166194e+04 4.7221780e+00 
3.3216219e+04 4.6235681e+00 
3.3266243e+04 4.5180917e+00 
3.3316268e+04 4.4053912e+00 
3.3366292e+04 4.2837691e+00 
3.3416317e+04 4.1593542e+00 
3.3466341e+04 4.0344491e+00 
3.3516365e+04 3.8985901e+00 
3.3566390e+04 3.7648101e+00 
3.3616414e+04 3.6322041e+00 
3.3666439e+04 3.4950533e+00 
3.3716463e+04 3.3625977e+00 
3.3766488e+04 3.2311113e+00 
3.3816512e+04 3.0971308e+00 
3.3866536e+04 2.9742765e+00 
3.3916561e+04 2.8605926e+00 
3.3966585e+04 2.7433884e+00 
3.4016610e+04 2.6415303e+00 
3.4066634e+04 2.5462697e+00 
3.4116659e+04 2.4594126e+00 
3.4166683e+04 2.3813677e+00 
3.4216707e+04 2.3146863e+00 
3.4266732e+04 2.2556584e+00 
3.4316756e+04 2.2111557e+00 
3.4366781e+04 2.1773331e+00 
3.4416805e+04 2.1536918e+00 
3.4466830e+04 2.1454978e+00 
3.4516854e+04 2.1498351e+00 
3.4566878e+04 2.1628549e+00 
3.4616903e+04 2.1889238e+00 
3.4666927e+04 2.2300162e+00 
3.4716952e+04 2.2817888e+00 
3.4766976e+04 2.3461120e+00 
3.4817000e+04 2.4184992e+00 
3.4867025e+04 2.5007231e+00 
3.4917049e+04 2.5927098e+00 
3.4967074e+04 2.6933084e+00 
3.5017098e+04 2.8006957e+00 
3.5067123e+04 2.9191918e+00 
3.5117147e+04 3.0392213e+00 
3.5167171e+04 3.1628857e+00 
3.5217196e+04 3.2983453e+00 
3.5267220e+04 3.4334760e+00 
3.5317245e+04 3.5651331e+00 
3.5367269e+04 3.7020814e+00 
3.5417294e+04 3.8348980e+00 
3.5467318e+04 3.9686573e+00 
3.5517342e+04 4.1010509e+00 
3.5567367e+04 4.2265115e+00 
3.5617391e+04 4.3464594e+00 
3.5667416e+04 4.4658370e+00 
3.5717440e+04 4.5747061e+00 
3.5767465e+04 4.6753073e+00 
3.5817489e+04 4.7719045e+00 
3.5867513e+04 4.8528957e+00 
3.5917538e+04 4.9265175e+00 
3.5967562e+04 4.9913673e+00 
3.6017587e+04 5.0407805e+00 
3.6067611e+04 5.0805621e+00 
3.6117636e+04 5.1107402e+00 
3.6167660e+04 5.1255841e+00 
3.6217684e+04 5.1294155e+00 
3.6267709e+04 5.1212754e+00 
3.6317733e+04 5.0997243e+00 
3.6367758e+04 5.0671444e+00 
3.6417782e+04 5.0244751e+00 
3.6467807e+04 4.9668798e+00 
3.6517831e+04 4.8995867e+00 
3.6567855e+04 4.8254337e+00 
3.6617880e+04 4.7361832e+00 
3.6667904e+04 4.6400127e+00 
3.6717929e+04 4.5364790e+00 
3.6767953e+04 4.4218278e+00 
3.6817978e+04 4.3064189e+00 
3.6868002e+04 4.1861873e+00 
3.6918026e+04 4.0567689e+00 
3.6968051e+04 3.9262373e+00 
3.7018075e+04 3.7926221e+00 
3.7068100e+04 3.6556597e+00 
3.7118124e+04 3.5229123e+00 
3.7168149e+04 3.3867240e+00 
3.7218173e+04 3.2499804e+00 
3.7268197e+04 3.1241951e+00 
3.7318222e+04 2.9992614e+00 
3.7368246e+04 2.8781812e+00 
3.7418271e+04 2.7661371e+00 
3.7468295e+04 2.6597321e+00 
3.7518319e+04 2.5615952e+00 
3.7568344e+04 2.4733520e+00 
3.7618368e+04 2.3943949e+00 
3.7668393e+04 2.3238750e+00 
3.7718417e+04 2.2658203e+00 
3.7768442e+04 2.2164743e+00 
3.7818466e+04 2.1821620e+00 
3.7868490e+04 2.1589959e+00 
3.7918515e+04 2.1459796e+00 
3.7968539e+04 2.1459796e+00 
3.8018564e+04 2.1599605e+00 
3.8068588e+04 2.1845767e+00 
3.8118613e+04 2.2232447e+00 
3.8168637e+04 2.2740464e+00 
3.8218661e+04 2.3311276e+00 
3.8268686e+04 2.4030757e+00 
3.8318710e+04 2.4863219e+00 
3.8368735e+04 2.5745218e+00 
3.8418759e+04 2.6731539e+00 
3.8468784e+04 2.7802215e+00 
3.8518808e+04 2.8919911e+00 
3.8568832e+04 3.0136938e+00 
3.8618857e+04 3.1401517e+00 
3.8668881e+04 3.2683632e+00 
3.8718906e+04 3.4040833e+00 
3.8768930e+04 3.5397117e+00 
3.8818955e+04 3.6733670e+00 
3.8868979e+04 3.8089423e+00 
3.8919003e+04 3.9413192e+00 
3.8969028e+04 4.0734167e+00 
3.9019052e+04 4.2010589e+00 
3.9069077e+04 4.3213682e+00 
3.9119101e+04 4.4382682e+00 
3.9169126e+04 4.5509958e+00 
3.9219150e+04 4.6530690e+00 
3.9269174e+04 4.7463236e+00 
3.9319199e+04 4.8350711e+00 
3.9369223e+04 4.9101686e+00 
3.9419248e+04 4.9755244e+00 
3.9469272e+04 5.0302300e+00 
3.9519297e+04 5.0709786e+00 
3.9569321e+04 5.1035557e+00 
3.9619345e+04 5.1227117e+00 
3.9669370e+04 5.1270208e+00 
3.9719394e+04 5.1241479e+00 
3.9769419e+04 5.1054721e+00 
3.9819443e+04 5.0733747e+00 
3.9869468e+04 5.0321488e+00 
3.9919492e+04 4.9779253e+00 
3.9969516e+04 4.9116111e+00 
4.0019541e+04 4.8379622e+00 
4.0069565e+04 4.7535648e+00 
4.0119590e+04 4.6564531e+00 
4.0169614e+04 4.5553508e+00 
4.0219638e+04 4.4416528e+00 
4.0269663e+04 4.3232975e+00 
4.0319687e+04 4.2020192e+00 
4.0369712e+04 4.0715127e+00 
4.0419736e+04 3.9418061e+00 
4.0469761e+04 3.8094230e+00 
4.0519785e+04 3.6714532e+00 
4.0569809e+04 3.5363522e+00 
4.0619834e+04 3.4011912e+00 
4.0669858e+04 3.2669120e+00 
4.0719883e+04 3.1396680e+00 
4.0769907e+04 3.0136938e+00 
4.0819932e+04 2.8910379e+00 
4.0869956e+04 2.7807078e+00 
4.0919980e+04 2.6741128e+00 
4.0970005e+04 2.5735643e+00 
4.1020029e+04 2.4834402e+00 
4.1070054e+04 2.4021113e+00 
4.1120078e+04 2.3316112e+00 
4.1170103e+04 2.2730787e+00 
4.1220127e+04 2.2213101e+00 
4.1270151e+04 2.1865087e+00 
4.1320176e+04 2.1618900e+00 
4.1370200e+04 2.1469436e+00 
4.1420225e+04 2.1474252e+00 
4.1470249e+04 2.1580312e+00 
4.1520274e+04 2.1802304e+00 
4.1570298e+04 2.2174416e+00 
4.1620322e+04 2.2672720e+00 
4.1670347e+04 2.3253257e+00 
4.1720371e+04 2.3948772e+00 
4.1770396e+04 2.4757545e+00 
4.1820420e+04 2.5649469e+00 
4.1870445e+04 2.6654830e+00 
4.1920469e+04 2.7700183e+00 
4.1970493e+04 2.8824646e+00 
4.2020518e+04 3.0007041e+00 
4.2070542e+04 3.1261287e+00 
4.2120567e+04 3.2553027e+00 
4.2170591e+04 3.3896182e+00 
4.2220616e+04 3.5238726e+00 
4.2270640e+04 3.6585305e+00 
4.2320664e+04 3.7940609e+00 
4.2370689e+04 3.9267230e+00 
4.2420713e+04 4.0596213e+00 
4.2470738e+04 4.1876264e+00 
4.2520762e+04 4.3078656e+00 
4.2570787e+04 4.4290800e+00 
4.2620811e+04 4.5388985e+00 
4.2670835e+04 4.6414638e+00 
4.2720860e+04 4.7400465e+00 
4.2770884e+04 4.8259153e+00 
4.2820909e+04 4.9034343e+00 
4.2870933e+04 4.9712029e+00 
4.2920957e+04 5.0259137e+00 
4.2970982e+04 5.0671444e+00 
4.3021006e+04 5.1025982e+00 
4.3071031e+04 5.1217542e+00 
4.3121055e+04 5.1294155e+00 
4.3171080e+04 5.1255841e+00 
4.3221104e+04 5.1073871e+00 
4.3271128e+04 5.0791245e+00 
4.3321153e+04 5.0407805e+00 
4.3371177e+04 4.9870467e+00 
4.3421202e+04 4.9250751e+00 
4.3471226e+04 4.8519320e+00 
4.3521251e+04 4.7670789e+00 
4.3571275e+04 4.6757913e+00 
4.3621299e+04 4.5747061e+00 
4.3671324e+04 4.4624510e+00 
4.3721348e+04 4.3483906e+00 
4.3771373e+04 4.2265115e+00 
4.3821397e+04 4.0991435e+00 
4.3871422e+04 3.9715943e+00 
4.3921446e+04 3.8368227e+00 
4.3971470e+04 3.7020814e+00 
4.4021495e+04 3.5680099e+00 
4.4071519e+04 3.4310677e+00 
4.4121544e+04 3.2997961e+00 
4.4171568e+04 3.1711099e+00 
4.4221593e+04 3.0425951e+00 
4.4271617e+04 2.9220593e+00 
4.4321641e+04 2.8080323e+00 
4.4371666e+04 2.6971509e+00 
4.4421690e+04 2.5960598e+00 
4.4471715e+04 2.5050418e+00 
4.4521739e+04 2.4189811e+00 
4.4571764e+04 2.3465953e+00 
4.4621788e+04 2.2827566e+00 
4.4671812e+04 2.2314675e+00 
4.4721837e+04 2.1937554e+00 
4.4771861e+04 2.1657495e+00 
4.4821886e+04 2.1474252e+00 
4.4871910e+04 2.1454978e+00 
4.4921935e+04 2.1517632e+00 
4.4971959e+04 2.1739538e+00 
4.5021983e+04 2.2077713e+00 
4.5072008e+04 2.2517874e+00 
4.5122032e+04 2.3093657e+00 
4.5172057e+04 2.3775065e+00 
4.5222081e+04 2.4546034e+00 
4.5272106e+04 2.5443532e+00 
4.5322130e+04 2.6396151e+00 
4.5372154e+04 2.7433884e+00 
4.5422179e+04 2.8596427e+00 
4.5472203e+04 2.9776373e+00 
4.5522228e+04 3.1019623e+00 
4.5572252e+04 3.2340140e+00 
4.5622277e+04 3.3635631e+00 
4.5672301e+04 3.4945734e+00 
4.5722325e+04 3.6317255e+00 
4.5772350e+04 3.7657692e+00 
4.5822374e+04 3.9005270e+00 
4.5872399e+04 4.0335002e+00 
4.5922423e+04 4.1583967e+00 
4.5972447e+04 4.2852139e+00 
4.6022472e+04 4.4049077e+00 
4.6072496e+04 4.5166397e+00 
4.6122521e+04 4.6245360e+00 
4.6172545e+04 4.7212124e+00 
4.6222570e+04 4.8100085e+00 
4.6272594e+04 4.8899641e+00 
4.6322618e+04 4.9553518e+00 
4.6372643e+04 5.0120020e+00 
4.6422667e+04 5.0613937e+00 
4.6472692e+04 5.0939760e+00 
4.6522716e+04 5.1174445e+00 
4.6572741e+04 5.1284575e+00 
4.6622765e+04 5.1236691e+00 
4.6672789e+04 5.1102605e+00 
4.6722814e+04 5.0839157e+00 
4.6772838e+04 5.0446153e+00 
4.6822863e+04 4.9961672e+00 
4.6872887e+04 4.9356508e+00 
4.6922912e+04 4.8625264e+00 
4.6972936e+04 4.7830014e+00 
4.7022960e+04 4.6878748e+00 
4.7072985e+04 4.5863185e+00 
4.7123009e+04 4.4808345e+00 
4.7173034e+04 4.3609433e+00 
4.7223058e+04 4.2390094e+00 
4.7273083e+04 4.1139345e+00 
4.7323107e+04 3.9809053e+00 
4.7373131e+04 3.8483765e+00 
4.7423156e+04 3.7150044e+00 
4.7473180e+04 3.5790350e+00 
4.7523205e+04 3.4440689e+00 
4.7573229e+04 3.3089805e+00 
4.7623254e+04 3.1778839e+00 
4.7673278e+04 3.0532031e+00 
4.7723302e+04 2.9292312e+00 
4.7773327e+04 2.8148928e+00 
4.7823351e+04 2.7053213e+00 
4.7873376e+04 2.6008456e+00 
4.7923400e+04 2.5088797e+00 
4.7973425e+04 2.4262068e+00 
4.8023449e+04 2.3504610e+00 
4.8073473e+04 2.2900145e+00 
4.8123498e+04 2.2372725e+00 
4.8173522e+04 2.1937554e+00 
4.8223547e+04 2.1657495e+00 
4.8273571e+04 2.1493530e+00 
4.8323596e+04 2.1450160e+00 
4.8373620e+04 2.1536918e+00 
4.8423644e+04 2.1720231e+00 
4.8473669e+04 2.2077713e+00 
4.8523693e+04 2.2537229e+00 
4.8573718e+04 2.3069472e+00 
4.8623742e+04 2.3750930e+00 
4.8673766e+04 2.4507554e+00 
4.8723791e+04 2.5362082e+00 
4.8773815e+04 2.6343489e+00 
4.8823840e+04 2.7371109e+00 
4.8873864e+04 2.8501513e+00 
4.8923889e+04 2.9694769e+00 
4.8973913e+04 3.0913343e+00 
4.9023937e+04 3.2219174e+00 
4.9073962e+04 3.3568051e+00 
4.9123986e+04 3.4878445e+00 
4.9174011e+04 3.6245437e+00 
4.9224035e+04 3.7604976e+00 
4.9274060e+04 3.8913307e+00 
4.9324084e+04 4.0278091e+00 
4.9374108e+04 4.1545668e+00 
4.9424133e+04 4.2770257e+00 
4.9474157e+04 4.4000745e+00 
4.9524182e+04 4.5103488e+00 
4.9574206e+04 4.6177635e+00 
4.9624231e+04 4.7168655e+00 
4.9674255e+04 4.8037395e+00 
4.9724279e+04 4.8846703e+00 
4.9774304e+04 4.9539108e+00 
4.9824328e+04 5.0120020e+00 
4.9874353e+04 5.0594764e+00 
4.9924377e+04 5.0930181e+00 
4.9974402e+04 5.1174445e+00 
5.0024426e+04 5.1289368e+00 
5.0074450e+04 5.1255841e+00 
5.0124475e+04 5.1136136e+00 
5.0174499e+04 5.0887070e+00 
5.0224524e+04 5.0479722e+00 
5.0274548e+04 5.0028858e+00 
5.0324573e+04 4.9418983e+00 
5.0374597e+04 4.8716745e+00 
5.0424621e+04 4.7940950e+00 
5.0474646e+04 4.6980228e+00 
5.0524670e+04 4.5998654e+00 
5.0574695e+04 4.4934134e+00 
5.0624719e+04 4.3768821e+00 
5.0674744e+04 4.2553635e+00 
5.0724768e+04 4.1311302e+00 
5.0774792e+04 4.0017595e+00 
5.0824817e+04 3.8700712e+00 
5.0874841e+04 3.7341542e+00 
5.0924866e+04 3.5972440e+00 
5.0974890e+04 3.4638000e+00 
5.1024915e+04 3.3278272e+00 
5.1074939e+04 3.1967552e+00 
5.1124963e+04 3.0691242e+00 
5.1174988e+04 2.9464629e+00 
5.1225012e+04 2.8302560e+00 
5.1275037e+04 2.7183111e+00 
5.1325061e+04 2.6156812e+00 
5.1375085e+04 2.5232668e+00 
5.1425110e+04 2.4358375e+00 
5.1475134e+04 2.3630211e+00 
5.1525159e+04 2.2982395e+00 
5.1575183e+04 2.2392077e+00 
5.1625208e+04 2.1981041e+00 
5.1675232e+04 2.1691275e+00 
5.1725256e+04 2.1498351e+00 
5.1775281e+04 2.1464615e+00 
5.1825305e+04 2.1522453e+00 
5.1875330e+04 2.1705754e+00 
5.1925354e+04 2.2010040e+00 
5.1975379e+04 2.2421107e+00 
5.2025403e+04 2.2963042e+00 
5.2075427e+04 2.3620553e+00 
5.2125452e+04 2.4353559e+00 
5.2175476e+04 2.5213490e+00 
5.2225501e+04 2.6137669e+00 
5.2275525e+04 2.7159045e+00 
5.2325550e+04 2.8271756e+00 
5.2375574e+04 2.9416740e+00 
5.2425598e+04 3.0652637e+00 
5.2475623e+04 3.1928837e+00 
5.2525647e+04 3.3210626e+00 
5.2575672e+04 3.4580264e+00 
5.2625696e+04 3.5953279e+00 
5.2675721e+04 3.7284086e+00 
5.2725745e+04 3.8647645e+00 
5.2775769e+04 3.9981008e+00 
5.2825794e+04 4.1253958e+00 
5.2875818e+04 4.2534389e+00 
5.2925843e+04 4.3701191e+00 
5.2975867e+04 4.4866400e+00 
5.3025892e+04 4.5955114e+00 
5.3075916e+04 4.6931901e+00 
5.3125940e+04 4.7863779e+00 
5.3175965e+04 4.8663788e+00 
5.3225989e+04 4.9370933e+00 
5.3276014e+04 5.0009656e+00 
5.3326038e+04 5.0484514e+00 
5.3376063e+04 5.0848737e+00 
5.3426087e+04 5.1145716e+00 
5.3476111e+04 5.1255841e+00 
5.3526136e+04 5.1284575e+00 
5.3576160e+04 5.1169648e+00 
5.3626185e+04 5.0920606e+00 
5.3676209e+04 5.0594764e+00 
5.3726234e+04 5.0100832e+00 
5.3776258e+04 4.9529495e+00 
5.3826282e+04 4.8856330e+00 
5.3876307e+04 4.8032579e+00 
5.3926331e+04 4.7144499e+00 
5.3976356e+04 4.6148620e+00 
5.4026380e+04 4.5064783e+00 
5.4076404e+04 4.3952417e+00 
5.4126429e+04 4.2731729e+00 
5.4176453e+04 4.1493025e+00 
5.4226478e+04 4.0230684e+00 
5.4276502e+04 3.8831110e+00 
5.4326527e+04 3.7513947e+00 
5.4376551e+04 3.6144872e+00 
5.4426575e+04 3.4815946e+00 
5.4476600e+04 3.3505282e+00 
5.4526624e+04 3.2156272e+00 
5.4576649e+04 3.0874703e+00 
5.4626673e+04 2.9651585e+00 
5.4676698e+04 2.8458836e+00 
5.4726722e+04 2.7337332e+00 
5.4776746e+04 2.6305189e+00 
5.4826771e+04 2.5347707e+00 
5.4876795e+04 2.4483502e+00 
5.4926820e+04 2.3712306e+00 
5.4976844e+04 2.3030772e+00 
5.5026869e+04 2.2484004e+00 
5.5076893e+04 2.2039042e+00 
5.5126917e+04 2.1739538e+00 
5.5176942e+04 2.1536918e+00 
5.5226966e+04 2.1440523e+00 
5.5276991e+04 2.1512811e+00 
5.5327015e+04 2.1667144e+00 
5.5377040e+04 2.1966546e+00 
5.5427064e+04 2.2382402e+00 
5.5477088e+04 2.2890465e+00 
5.5527113e+04 2.3552926e+00 
5.5577137e+04 2.4290967e+00 
5.5627162e+04 2.5112782e+00 
5.5677186e+04 2.6070666e+00 
5.5727211e+04 2.7072444e+00 
5.5777235e+04 2.8193097e+00 
5.5827259e+04 2.9340155e+00 
5.5877284e+04 3.0541680e+00 
5.5927308e+04 3.1846578e+00 
5.5977333e+04 3.3157468e+00 
5.6027357e+04 3.4464760e+00 
5.6077382e+04 3.5819108e+00 
5.6127406e+04 3.7135684e+00 
5.6177430e+04 3.8522303e+00 
5.6227455e+04 3.9867940e+00 
5.6277479e+04 4.1129799e+00 
5.6327504e+04 4.2404518e+00 
5.6377528e+04 4.3594942e+00 
5.6427553e+04 4.4755125e+00 
5.6477577e+04 4.5872860e+00 
5.6527601e+04 4.6849747e+00 
5.6577626e+04 4.7796235e+00 
5.6627650e+04 4.8620448e+00 
5.6677675e+04 4.9327664e+00 
5.6727699e+04 4.9956870e+00 
5.6777723e+04 5.0446153e+00 
5.6827748e+04 5.0839157e+00 
5.6877772e+04 5.1112189e+00 
5.6927797e+04 5.1231904e+00 
5.6977821e+04 5.1279788e+00 
5.7027846e+04 5.1169648e+00 
5.7077870e+04 5.0949345e+00 
5.7127894e+04 5.0623527e+00 
5.7177919e+04 5.0144014e+00 
5.7227943e+04 4.9577537e+00 
5.7277968e+04 4.8894830e+00 
5.7327992e+04 4.8080797e+00 
5.7378017e+04 4.7250757e+00 
5.7428041e+04 4.6259871e+00 
5.7478065e+04 4.5200267e+00 
5.7528090e+04 4.4082913e+00 
5.7578114e+04 4.2866592e+00 
5.7628139e+04 4.1617484e+00 
5.7678163e+04 4.0335002e+00 
5.7728188e+04 3.8981059e+00 
5.7778212e+04 3.7676861e+00 
5.7828236e+04 3.6312466e+00 
5.7878261e+04 3.4974563e+00 
5.7928285e+04 3.3625977e+00 
5.7978310e+04 3.2291758e+00 
5.8028334e+04 3.1019623e+00 
5.8078359e+04 2.9752367e+00 
5.8128383e+04 2.8572690e+00 
5.8178407e+04 2.7467709e+00 
5.8228432e+04 2.6377001e+00 
5.8278456e+04 2.5443532e+00 
5.8328481e+04 2.4570081e+00 
5.8378505e+04 2.3784719e+00 
5.8428530e+04 2.3127518e+00 
5.8478554e+04 2.2532389e+00 
5.8528578e+04 2.2087383e+00 
5.8578603e+04 2.1763675e+00 
5.8628627e+04 2.1512811e+00 
5.8678652e+04 2.1454978e+00 
5.8728676e+04 2.1479073e+00 
5.8778701e+04 2.1633372e+00 
5.8828725e+04 2.1942384e+00 
5.8878749e+04 2.2319512e+00 
5.8928774e+04 2.2842081e+00 
5.8978798e+04 2.3475618e+00 
5.9028823e+04 2.4194629e+00 
5.9078847e+04 2.5050418e+00 
5.9128872e+04 2.5951025e+00 
5.9178896e+04 2.6976314e+00 
5.9228920e+04 2.8080323e+00 
5.9278945e+04 2.9225373e+00 
5.9328969e+04 3.0483806e+00 
5.9378994e+04 3.1744969e+00 
5.9429018e+04 3.3036633e+00 
5.9479043e+04 3.4402173e+00 
5.9529067e+04 3.5737629e+00 
5.9579091e+04 3.7102184e+00 
5.9629116e+04 3.8435612e+00 
5.9679140e+04 3.9750226e+00 
5.9729165e+04 4.1072526e+00 
5.9779189e+04 4.2327595e+00 
5.9829213e+04 4.3541832e+00 
5.9879238e+04 4.4711585e+00 
5.9929262e+04 4.5790610e+00 
5.9979287e+04 4.6840081e+00 
6.0029311e+04 4.7747993e+00 
6.0079336e+04 4.8586750e+00 
6.0129360e+04 4.9337277e+00 
6.0179384e+04 4.9923272e+00 
6.0229409e+04 5.0446153e+00 
6.0279433e+04 5.0839157e+00 
6.0329458e+04 5.1078658e+00 
6.0379482e+04 5.1265416e+00 
6.0429507e+04 5.1265416e+00 
6.0479531e+04 5.1169648e+00 
6.0529555e+04 5.0968499e+00 
6.0579580e+04 5.0613937e+00 
6.0629604e+04 5.0191984e+00 
6.0679629e+04 4.9611163e+00 
6.0729653e+04 4.8918886e+00 
6.0779678e+04 4.8143477e+00 
6.0829702e+04 4.7236276e+00 
6.0879726e+04 4.6274381e+00 
6.0929751e+04 4.5195427e+00 
6.0979775e+04 4.4058743e+00 
6.1029800e+04 4.2885861e+00 
6.1079824e+04 4.1617484e+00 
6.1129849e+04 4.0339746e+00 
6.1179873e+04 3.9024642e+00 
6.1229897e+04 3.7619352e+00 
6.1279922e+04 3.6302888e+00 
6.1329946e+04 3.4950533e+00 
6.1379971e+04 3.3587358e+00 
6.1429995e+04 3.2291758e+00 
6.1480020e+04 3.0980968e+00 
6.1530044e+04 2.9737966e+00 
6.1580068e+04 2.8548956e+00 
6.1630093e+04 2.7380764e+00 
6.1680117e+04 2.6362638e+00 
6.1730142e+04 2.5386040e+00 
6.1780166e+04 2.4517176e+00 
6.1830191e+04 2.3746099e+00 
6.1880215e+04 2.3054960e+00 
6.1930239e+04 2.2488842e+00 
6.1980264e+04 2.2053545e+00 
6.2030288e+04 2.1725059e+00 
6.2080313e+04 2.1532097e+00 
6.2130337e+04 2.1454978e+00 
6.2180362e+04 2.1507990e+00 
6.2230386e+04 2.1686447e+00 
6.2280410e+04 2.1952050e+00 
6.2330435e+04 2.2387240e+00 
6.2380459e+04 2.2914660e+00 
6.2430484e+04 2.3548095e+00 
6.2480508e+04 2.4329488e+00 
6.2530532e+04 2.5175130e+00 
6.2580557e+04 2.6113739e+00 
6.2630581e+04 2.7154231e+00 
6.2680606e+04 2.8227489e+00 
6.2730630e+04 2.9407163e+00 
6.2780655e+04 3.0642986e+00 
6.2830679e+04 3.1890128e+00 
6.2880703e+04 3.3229954e+00 
6.2930728e+04 3.4561017e+00 
6.2980752e+04 3.5938904e+00 
6.3030777e+04 3.7298446e+00 
6.3080801e+04 3.8623528e+00 
6.3130826e+04 4.0005627e+00 
6.3180850e+04 4.1282630e+00 
6.3230874e+04 4.2553635e+00 
6.3280899e+04 4.3788142e+00 
6.3330923e+04 4.4914789e+00 
6.3380948e+04 4.6003489e+00 
6.3430972e+04 4.7033381e+00 
6.3480997e+04 4.7921662e+00 
6.3531021e+04 4.8750443e+00 
6.3581045e+04 4.9447818e+00 
6.3631070e+04 5.0038457e+00 
6.3681094e+04 5.0542035e+00 
6.3731119e+04 5.0882273e+00 
6.3781143e+04 5.1140924e+00 
6.3831168e+04 5.1274996e+00 
6.3881192e+04 5.1231904e+00 
6.3931216e+04 5.1116972e+00 
6.3981241e+04 5.0882273e+00 
6.4031265e+04 5.0474930e+00 
6.4081290e+04 5.0004859e+00 
6.4131314e+04 4.9380541e+00 
6.4181339e+04 4.8658972e+00 
6.4231363e+04 4.7844481e+00 
6.4281387e+04 4.6898079e+00 
6.4331412e+04 4.5911565e+00 
6.4381436e+04 4.4818020e+00 
6.4431461e+04 4.3643236e+00 
6.4481485e+04 4.2447801e+00 
6.4531510e+04 4.1172767e+00 
6.4581534e+04 3.9872854e+00 
6.4631558e+04 3.8527122e+00 
6.4681583e+04 3.7145257e+00 
6.4731607e+04 3.5814314e+00 
6.4781632e+04 3.4455132e+00 
6.4831656e+04 3.3099470e+00 
6.4881681e+04 3.1812706e+00 
6.4931705e+04 3.0493453e+00 
6.4981729e+04 2.9282751e+00 
6.5031754e+04 2.8134215e+00 
6.5081778e+04 2.7005143e+00 
6.5131803e+04 2.6027596e+00 
6.5181827e+04 2.5093596e+00 
6.5231851e+04 2.4237986e+00 
6.5281876e+04 2.3514273e+00 
6.5331900e+04 2.2861435e+00 
6.5381925e+04 2.2338862e+00 
6.5431949e+04 2.1927888e+00 
6.5481974e+04 2.1643021e+00 
6.5531998e+04 2.1493530e+00 
6.5582022e+04 2.1459796e+00 
6.5632047e+04 2.1541739e+00 
6.5682071e+04 2.1763675e+00 
6.5732096e+04 2.2092216e+00 
6.5782120e+04 2.2546906e+00 
6.5832145e+04 2.3127518e+00 
6.5882169e+04 2.3808851e+00 
6.5932193e+04 2.4594126e+00 
6.5982218e+04 2.5496228e+00 
6.6032242e+04 2.6434457e+00 
6.6082267e+04 2.7501552e+00 
6.6132291e+04 2.8634419e+00 
6.6182316e+04 2.9824400e+00 
6.6232340e+04 3.1087275e+00 
6.6282364e+04 3.2359498e+00 
6.6332389e+04 3.3688722e+00 
6.6382413e+04 3.5065846e+00 
6.6432438e+04 3.6403422e+00 
6.6482462e+04 3.7782326e+00 
6.6532487e+04 3.9140985e+00 
6.6582511e+04 4.0463161e+00 
6.6632535e+04 4.1775575e+00 
6.6682560e+04 4.2996702e+00 
6.6732584e+04 4.4184432e+00 
6.6782609e+04 4.5359955e+00 
6.6832633e+04 4.6395288e+00 
6.6882658e+04 4.7390809e+00 
6.6932682e+04 4.8249516e+00 
6.6982706e+04 4.9005489e+00 
6.7032731e+04 4.9702425e+00 
6.7082755e+04 5.0230360e+00 
6.7132780e+04 5.0666661e+00 
6.7182804e+04 5.1016407e+00 
6.7232829e+04 5.1207962e+00 
6.7282853e+04 5.1270208e+00 
6.7332877e+04 5.1227117e+00 
6.7382902e+04 5.1045141e+00 
6.7432926e+04 5.0752912e+00 
6.7482951e+04 5.0331078e+00 
6.7532975e+04 4.9784055e+00 
6.7583000e+04 4.9159393e+00 
6.7633024e+04 4.8374801e+00 
6.7683048e+04 4.7516336e+00 
6.7733073e+04 4.6564531e+00 
6.7783097e+04 4.5500283e+00 
6.7833122e+04 4.4382682e+00 
6.7883146e+04 4.3194389e+00 
6.7933170e+04 4.1953006e+00 
6.7983195e+04 4.0691338e+00 
6.8033219e+04 3.9330442e+00 
6.8083244e+04 3.7955005e+00 
6.8133268e+04 3.6628382e+00 
6.8183293e+04 3.5253131e+00 
6.8233317e+04 3.3891358e+00 
6.8283341e+04 3.2577214e+00 
6.8333366e+04 3.1232281e+00 
6.8383390e+04 2.9982994e+00 
6.8433415e+04 2.8777053e+00 
6.8483439e+04 2.7632282e+00 
6.8533464e+04 2.6587737e+00 
6.8583488e+04 2.5601587e+00 
6.8633512e+04 2.4685464e+00 
6.8683537e+04 2.3919830e+00 
6.8733561e+04 2.3200064e+00 
6.8783586e+04 2.2614651e+00 
6.8833610e+04 2.2164743e+00 
6.8883635e+04 2.1782990e+00 
6.8933659e+04 2.1561024e+00 
6.8983683e+04 2.1464615e+00 
6.9033708e+04 2.1464615e+00 
6.9083732e+04 2.1628549e+00 
6.9133757e+04 2.1894071e+00 
6.9183781e+04 2.2280815e+00 
6.9233806e+04 2.2803369e+00 
6.9283830e+04 2.3403125e+00 
6.9333854e+04 2.4141626e+00 
6.9383879e+04 2.4978435e+00 
6.9433903e+04 2.5903168e+00 
6.9483928e+04 2.6937885e+00 
6.9533952e+04 2.8041179e+00 
6.9583977e+04 2.9187140e+00 
6.9634001e+04 3.0450058e+00 
6.9684025e+04 3.1706259e+00 
6.9734050e+04 3.3017294e+00 
6.9784074e+04 3.4406989e+00 
6.9834099e+04 3.5732832e+00 
6.9884123e+04 3.7092612e+00 
6.9934148e+04 3.8469317e+00 
6.9984172e+04 3.9760025e+00 
7.0034196e+04 4.1101155e+00 
7.0084221e+04 4.2375669e+00 
7.0134245e+04 4.3580461e+00 
7.0184270e+04 4.4788990e+00 
7.0234294e+04 4.5868025e+00 
7.0284319e+04 4.6869078e+00 
7.0334343e+04 4.7810717e+00 
7.0384367e+04 4.8606009e+00 
7.0434392e+04 4.9361310e+00 
7.0484416e+04 4.9980865e+00 
7.0534441e+04 5.0460544e+00 
7.0584465e+04 5.0843949e+00 
7.0634489e+04 5.1116972e+00 
7.0684514e+04 5.1241479e+00 
7.0734538e+04 5.1270208e+00 
7.0784563e+04 5.1155291e+00 
7.0834587e+04 5.0911016e+00 
7.0884612e+04 5.0585175e+00 
7.0934636e+04 5.0096035e+00 
7.0984660e+04 4.9481454e+00 
7.1034685e+04 4.8817830e+00 
7.1084709e+04 4.7969890e+00 
7.1134734e+04 4.7086525e+00 
7.1184758e+04 4.6105084e+00 
7.1234783e+04 4.4977684e+00 
7.1284807e+04 4.3855772e+00 
7.1334831e+04 4.2625818e+00 
7.1384856e+04 4.1359100e+00 
7.1434880e+04 4.0098047e+00 
7.1484905e+04 3.8729677e+00 
7.1534929e+04 3.7355905e+00 
7.1584954e+04 3.6015551e+00 
7.1634978e+04 3.4633188e+00 
7.1685002e+04 3.3263779e+00 
7.1735027e+04 3.1953032e+00 
7.1785051e+04 3.0662286e+00 
7.1835076e+04 2.9426315e+00 
7.1885100e+04 2.8261914e+00 
7.1935125e+04 2.7110920e+00 
7.1985149e+04 2.6094596e+00 
7.2035173e+04 2.5160742e+00 
7.2085198e+04 2.4276516e+00 
7.2135222e+04 2.3552926e+00 
7.2185247e+04 2.2909820e+00 
7.2235271e+04 2.2363050e+00 
7.2285296e+04 2.1961713e+00 
7.2335320e+04 2.1657495e+00 
7.2385344e+04 2.1483893e+00 
7.2435369e+04 2.1450160e+00 
7.2485393e+04 2.1522453e+00 
7.2535418e+04 2.1744366e+00 
7.2585442e+04 2.2101884e+00 
7.2635467e+04 2.2522712e+00 
7.2685491e+04 2.3117843e+00 
7.2735515e+04 2.3794372e+00 
7.2785540e+04 2.4555655e+00 
7.2835564e+04 2.5457904e+00 
7.2885589e+04 2.6420090e+00 
7.2935613e+04 2.7477376e+00 
7.2985638e+04 2.8639171e+00 
7.3035662e+04 2.9824400e+00 
7.3085686e+04 3.1077609e+00 
7.3135711e+04 3.2378850e+00 
7.3185735e+04 3.3688722e+00 
7.3235760e+04 3.5056241e+00 
7.3285784e+04 3.6432140e+00 
7.3335809e+04 3.7767940e+00 
7.3385833e+04 3.9150689e+00 
7.3435857e+04 4.0505915e+00 
7.3485882e+04 4.1746826e+00 
7.3535906e+04 4.3020802e+00 
7.3585931e+04 4.4213438e+00 
7.3635955e+04 4.5326080e+00 
7.3685979e+04 4.6404963e+00 
7.3736004e+04 4.7361832e+00 
7.3786028e+04 4.8230238e+00 
7.3836053e+04 4.9043970e+00 
7.3886077e+04 4.9678407e+00 
7.3936102e+04 5.0249548e+00 
7.3986126e+04 5.0695410e+00 
7.4036150e+04 5.0978084e+00 
7.4086175e+04 5.1193595e+00 
7.4136199e+04 5.1284575e+00 
7.4186224e+04 5.1193595e+00 
7.4236248e+04 5.1040349e+00 
7.4286273e+04 5.0719371e+00 
7.4336297e+04 5.0302300e+00 
7.4386321e+04 4.9769654e+00 
7.4436346e+04 4.9087257e+00 
7.4486370e+04 4.8331442e+00 
7.4536395e+04 4.7477717e+00 
7.4586419e+04 4.6506510e+00 
7.4636444e+04 4.5451894e+00 
7.4686468e+04 4.4319816e+00 
7.4736492e+04 4.3117228e+00 
7.4786517e+04 4.1885848e+00 
7.4836541e+04 4.0605717e+00 
7.4886566e+04 3.9252656e+00 
7.4936590e+04 3.7921417e+00 
7.4986615e+04 3.6580527e+00 
7.5036639e+04 3.5190713e+00 
7.5086663e+04 3.3852768e+00 
7.5136688e+04 3.2499804e+00 
7.5186712e+04 3.1169438e+00 
7.5236737e+04 2.9930110e+00 
7.5286761e+04 2.8734238e+00 
7.5336786e+04 2.7588673e+00 
7.5386810e+04 2.6525455e+00 
7.5436834e+04 2.5534544e+00 
7.5486859e+04 2.4632590e+00 
7.5536883e+04 2.3866761e+00 
7.5586908e+04 2.3171046e+00 
7.5636932e+04 2.2575939e+00 
7.5686957e+04 2.2140565e+00 
7.5736981e+04 2.1778162e+00 
7.5787005e+04 2.1575491e+00 
7.5837030e+04 2.1479073e+00 
7.5887054e+04 2.1421254e+00 
7.5937079e+04 2.1479073e+00 
7.5987103e+04 2.1599605e+00 
7.6037128e+04 2.1696100e+00 
7.6087152e+04 2.1894071e+00 
7.6137176e+04 2.2053545e+00 
7.6187201e+04 2.2232447e+00 
7.6237225e+04 2.2459812e+00 
7.6287250e+04 2.2643685e+00 
7.6337274e+04 2.2808208e+00 
7.6387298e+04 2.3006582e+00 
7.6437323e+04 2.3156536e+00 
7.6487347e+04 2.3301609e+00 
7.6537372e+04 2.3422458e+00 
7.6587396e+04 2.3490114e+00 
7.6637421e+04 2.3552926e+00 
7.6687445e+04 2.3615723e+00 
7.6737469e+04 2.3635042e+00 
7.6787494e+04 2.3644700e+00 
7.6837518e+04 2.3639872e+00 
7.6887543e+04 2.3591571e+00 
7.6937567e+04 2.3533599e+00 
7.6987592e+04 2.3432124e+00 
7.7037616e+04 2.3335450e+00 
7.7087640e+04 2.3258092e+00 
7.7137665e+04 2.3113005e+00 
7.7187689e+04 2.2972717e+00 
7.7237714e+04 2.2837241e+00 
7.7287738e+04 2.2687235e+00 
7.7337763e+04 2.2527552e+00 
7.7387787e+04 2.2392077e+00 
7.7437811e+04 2.2222774e+00 
7.7487836e+04 2.2068045e+00 
7.7537860e+04 2.1947217e+00 
7.7587885e+04 2.1807132e+00 
7.7637909e+04 2.1691275e+00 
7.7687934e+04 2.1604431e+00 
7.7737958e+04 2.1503172e+00 
7.7787982e+04 2.1474252e+00 
7.7838007e+04 2.1435704e+00 
7.7888031e+04 2.1411619e+00 
7.7938056e+04 2.1454978e+00 
7.7988080e+04 2.1546559e+00 
7.8038105e+04 2.1594784e+00 
7.8088129e+04 2.1763675e+00 
7.8138153e+04 2.1942384e+00 
7.8188178e+04 2.2164743e+00 
7.8238202e+04 2.2464650e+00 
7.8288227e+04 2.2764659e+00 
7.8338251e+04 2.3146863e+00 
7.8388276e+04 2.3567419e+00 
7.8438300e+04 2.4006646e+00 
7.8488324e+04 2.4521985e+00 
7.8538349e+04 2.5117579e+00 
7.8588373e+04 2.5721283e+00 
7.8638398e+04 2.6396151e+00 
7.8688422e+04 2.7110920e+00 
7.8738447e+04 2.7870355e+00 
7.8788471e+04 2.8700953e+00 
7.8838495e+04 2.9526918e+00 
7.8888520e+04 3.0425951e+00 
7.8938544e+04 3.1353159e+00 
7.8988569e+04 3.2291758e+00 
7.9038593e+04 3.3273439e+00 
7.9088617e+04 3.4315491e+00 
7.9138642e+04 3.5320332e+00 
7.9188666e+04 3.6379488e+00 
7.9238691e+04 3.7446890e+00 
7.9288715e+04 3.8493395e+00 
7.9338740e+04 3.9530201e+00 
7.9388764e+04 4.0586705e+00 
7.9438788e+04 4.1607904e+00 
7.9488813e+04 4.2616196e+00 
7.9538837e+04 4.3638411e+00 
7.9588862e+04 4.4571304e+00 
7.9638886e+04 4.5466409e+00 
7.9688911e+04 4.6356602e+00 
7.9738935e+04 4.7139659e+00 
7.9788959e+04 4.7892723e+00 
7.9838984e+04 4.8620448e+00 
7.9889008e+04 4.9236326e+00 
7.9939033e+04 4.9798460e+00 
7.9989057e+04 5.0249548e+00 
8.0039082e+04 5.0613937e+00 
8.0089106e+04 5.0925388e+00 
8.0139130e+04 5.1136136e+00 
8.0189155e+04 5.1246271e+00 
8.0239179e+04 5.1298943e+00 
8.0289204e+04 5.1217542e+00 
8.0339228e+04 5.1035557e+00 
8.0389253e+04 5.0815201e+00 
8.0439277e+04 5.0450950e+00 
8.0489301e+04 5.0009656e+00 
8.0539326e+04 4.9486256e+00 
8.0589350e+04 4.8822641e+00 
8.0639375e+04 4.8114543e+00 
8.0689399e+04 4.7323208e+00 
8.0739424e+04 4.6433978e+00 
8.0789448e+04 4.5495448e+00 
8.0839472e+04 4.4479399e+00 
8.0889497e+04 4.3406677e+00 
8.0939521e+04 4.2313175e+00 
8.0989546e+04 4.1158442e+00 
8.1039570e+04 3.9961324e+00 
8.1089595e+04 3.8729677e+00 
8.1139619e+04 3.7470837e+00 
8.1189643e+04 3.6211920e+00 
8.1239668e+04 3.4984171e+00 
8.1289692e+04 3.3746631e+00 
8.1339717e+04 3.2494969e+00 
8.1389741e+04 3.1295133e+00 
8.1439766e+04 3.0103254e+00 
8.1489790e+04 2.8991418e+00 
8.1539814e+04 2.7933724e+00 
8.1589839e+04 2.6889870e+00 
8.1639863e+04 2.5927098e+00 
8.1689888e+04 2.5064809e+00 
8.1739912e+04 2.4266884e+00 
8.1789936e+04 2.3562586e+00 
8.1839961e+04 2.2972717e+00 
8.1889985e+04 2.2430782e+00 
8.1940010e+04 2.2024541e+00 
8.1990034e+04 2.1754022e+00 
8.2040059e+04 2.1512811e+00 
8.2090083e+04 2.1445341e+00 
8.2140107e+04 2.1474252e+00 
8.2190132e+04 2.1618900e+00 
8.2240156e+04 2.1889238e+00 
8.2290181e+04 2.2256629e+00 
8.2340205e+04 2.2711432e+00 
8.2390230e+04 2.3325779e+00 
8.2440254e+04 2.4011469e+00 
8.2490278e+04 2.4762349e+00 
8.2540303e+04 2.5620742e+00 
8.2590327e+04 2.6568573e+00 
8.2640352e+04 2.7559619e+00 
8.2690376e+04 2.8662927e+00 
8.2740401e+04 2.9814794e+00 
8.2790425e+04 3.1000297e+00 
8.2840449e+04 3.2286918e+00 
8.2890474e+04 3.3577702e+00 
8.2940498e+04 3.4844797e+00 
8.2990523e+04 3.6183186e+00 
8.3040547e+04 3.7499580e+00 
8.3090572e+04 3.8773134e+00 
8.3140596e+04 4.0083842e+00 
8.3190620e+04 4.1330419e+00 
8.3240645e+04 4.2568069e+00 
8.3290669e+04 4.3739834e+00 
8.3340694e+04 4.4866400e+00 
8.3390718e+04 4.5906725e+00 
8.3440743e+04 4.6912575e+00 
8.3490767e+04 4.7791414e+00 
8.3540791e+04 4.8591561e+00 
8.3590816e+04 4.9313245e+00 
8.3640840e+04 4.9889669e+00 
8.3690865e+04 5.0379033e+00 
8.3740889e+04 5.0796041e+00 
8.3790914e+04 5.1064296e+00 
8.3840938e+04 5.1212754e+00 
8.3890962e+04 5.1274996e+00 
8.3940987e+04 5.1198387e+00 
8.3991011e+04 5.1025982e+00 
8.4041036e+04 5.0719371e+00 
8.4091060e+04 5.0287914e+00 
8.4141085e+04 4.9755244e+00 
8.4191109e+04 4.9125733e+00 
8.4241133e+04 4.8360348e+00 
8.4291158e+04 4.7525992e+00 
8.4341182e+04 4.6612883e+00 
8.4391207e+04 4.5582547e+00 
8.4441231e+04 4.4484239e+00 
8.4491255e+04 4.3324642e+00 
8.4541280e+04 4.2096996e+00 
8.4591304e+04 4.0857973e+00 
8.4641329e+04 3.9574137e+00 
8.4691353e+04 3.8195114e+00 
8.4741378e+04 3.6867673e+00 
8.4791402e+04 3.5555420e+00 
8.4841426e+04 3.4214332e+00 
8.4891451e+04 3.2906096e+00 
8.4941475e+04 3.1628857e+00 
8.4991500e+04 3.0339203e+00 
8.5041524e+04 2.9158478e+00 
8.5091549e+04 2.8026507e+00 
8.5141573e+04 2.6923480e+00 
8.5191597e+04 2.5931883e+00 
8.5241622e+04 2.5045619e+00 
8.5291646e+04 2.4204264e+00 
8.5341671e+04 2.3494947e+00 
8.5391695e+04 2.2880790e+00 
8.5441720e+04 2.2338862e+00 
8.5491744e+04 2.1947217e+00 
8.5541768e+04 2.1662321e+00 
8.5591793e+04 2.1493530e+00 
8.5641817e+04 2.1450160e+00 
8.5691842e+04 2.1532097e+00 
8.5741866e+04 2.1710579e+00 
8.5791891e+04 2.2043874e+00 
8.5841915e+04 2.2469490e+00 
8.5891939e+04 2.3011420e+00 
8.5941964e+04 2.3668847e+00 
8.5991988e+04 2.4416134e+00 
8.6042013e+04 2.5256639e+00 
8.6092037e+04 2.6219029e+00 
8.6142062e+04 2.7221639e+00 
8.6192086e+04 2.8312020e+00 
8.6242110e+04 2.9498165e+00 
8.6292135e+04 3.0700896e+00 
8.6342159e+04 3.1957870e+00 
8.6392184e+04 3.3273439e+00 
8.6442208e+04 3.4599514e+00 
8.6492233e+04 3.5938904e+00 
8.6542257e+04 3.7293661e+00 
8.6592281e+04 3.8613882e+00 
8.6642306e+04 3.9926901e+00 
8.6692330e+04 4.1215744e+00 
8.6742355e+04 4.2447801e+00 
8.6792379e+04 4.3633585e+00 
8.6842404e+04 4.4784150e+00 
8.6892428e+04 4.5848675e+00 
8.6942452e+04 4.6864247e+00 
8.6992477e+04 4.7801065e+00 
8.7042501e+04 4.8601193e+00 
8.7092526e+04 4.9322858e+00 
8.7142550e+04 4.9956870e+00 
8.7192574e+04 5.0441360e+00 
8.7242599e+04 5.0815201e+00 
8.7292623e+04 5.1097822e+00 
8.7342648e+04 5.1255841e+00 
8.7392672e+04 5.1265416e+00 
8.7442697e+04 5.1184020e+00 
8.7492721e+04 5.0963707e+00 
8.7542745e+04 5.0633106e+00 
8.7592770e+04 5.0206375e+00 
8.7642794e+04 4.9654398e+00 
8.7692819e+04 4.8957376e+00 
8.7742843e+04 4.8201313e+00 
8.7792868e+04 4.7337694e+00 
8.7842892e+04 4.6346927e+00 
8.7892916e+04 4.5340595e+00 
8.7942941e+04 4.4232779e+00 
8.7992965e+04 4.3044906e+00 
8.8042990e+04 4.1842694e+00 
8.8093014e+04 4.0572448e+00 
8.8143039e+04 3.9238074e+00 
8.8193063e+04 3.7926221e+00 
8.8243087e+04 3.6580527e+00 
8.8293112e+04 3.5238726e+00 
8.8343136e+04 3.3896182e+00 
8.8393161e+04 3.2562699e+00 
8.8443185e+04 3.1251619e+00 
8.8493210e+04 3.0021467e+00 
8.8543234e+04 2.8838930e+00 
8.8593258e+04 2.7680776e+00 
8.8643283e+04 2.6645243e+00 
8.8693307e+04 2.5678196e+00 
8.8743332e+04 2.4767153e+00 
8.8793356e+04 2.3968067e+00 
8.8843381e+04 2.3267760e+00 
8.8893405e+04 2.2663040e+00 
8.8943429e+04 2.2193758e+00 
8.8993454e+04 2.1845767e+00 
8.9043478e+04 2.1565847e+00 
8.9093503e+04 2.1474252e+00 
8.9143527e+04 2.1474252e+00 
8.9193552e+04 2.1575491e+00 
8.9243576e+04 2.1831279e+00 
8.9293600e+04 2.2203431e+00 
8.9343625e+04 2.2667880e+00 
8.9393649e+04 2.3267760e+00 
8.9443674e+04 2.3972890e+00 
8.9493698e+04 2.4747937e+00 
8.9543723e+04 2.5649469e+00 
8.9593747e+04 2.6640451e+00 
8.9643771e+04 2.7700183e+00 
8.9693796e+04 2.8843689e+00 
8.9743820e+04 3.0021467e+00 
8.9793845e+04 3.1266124e+00 
8.9843869e+04 3.2567537e+00 
8.9893894e+04 3.3901000e+00 
8.9943918e+04 3.5229123e+00 
8.9993942e+04 3.6580527e+00 
9.0043967e+04 3.7935815e+00 
9.0093991e+04 3.9257510e+00 
9.0144016e+04 4.0567689e+00 
9.0194040e+04 4.1847491e+00 
9.0244064e+04 4.3059368e+00 
9.0294089e+04 4.4237609e+00 
9.0344113e+04 4.5364790e+00 
9.0394138e+04 4.6409793e+00 
9.0444162e+04 4.7366672e+00 
9.0494187e+04 4.8254337e+00 
9.0544211e+04 4.9015102e+00 
9.0594235e+04 4.9659204e+00 
9.0644260e+04 5.0244751e+00 
9.0694284e+04 5.0671444e+00 
9.0744309e+04 5.0982871e+00 
9.0794333e+04 5.1198387e+00 
9.0844358e+04 5.1274996e+00 
9.0894382e+04 5.1212754e+00 
9.0944406e+04 5.1102605e+00 
9.0994431e+04 5.0776873e+00 
9.1044455e+04 5.0383825e+00 
9.1094480e+04 4.9880075e+00 
9.1144504e+04 4.9260364e+00 
9.1194529e+04 4.8528957e+00 
9.1244553e+04 4.7709394e+00 
9.1294577e+04 4.6796579e+00 
9.1344602e+04 4.5756745e+00 
9.1394626e+04 4.4677725e+00 
9.1444651e+04 4.3508043e+00 
9.1494675e+04 4.2279539e+00 
9.1544700e+04 4.1039133e+00 
9.1594724e+04 3.9750226e+00 
9.1644748e+04 3.8401911e+00 
9.1694773e+04 3.7073460e+00 
9.1744797e+04 3.5728037e+00 
9.1794822e+04 3.4397361e+00 
9.1844846e+04 3.3080137e+00 
9.1894871e+04 3.1783676e+00 
9.1944895e+04 3.0483806e+00 
9.1994919e+04 2.9273183e+00 
9.2044944e+04 2.8129311e+00 
9.2094968e+04 2.7014756e+00 
9.2144993e+04 2.6003668e+00 
9.2195017e+04 2.5084002e+00 
9.2245042e+04 2.4228354e+00 
9.2295066e+04 2.3499777e+00 
9.2345090e+04 2.2871113e+00 
9.2395115e+04 2.2338862e+00 
9.2445139e+04 2.1932721e+00 
9.2495164e+04 2.1671972e+00 
9.2545188e+04 2.1498351e+00 
9.2595213e+04 2.1445341e+00 
9.2645237e+04 2.1532097e+00 
9.2695261e+04 2.1744366e+00 
9.2745286e+04 2.2043874e+00 
9.2795310e+04 2.2508197e+00 
9.2845335e+04 2.3059797e+00 
9.2895359e+04 2.3702648e+00 
9.2945383e+04 2.4488311e+00 
9.2995408e+04 2.5366871e+00 
9.3045432e+04 2.6286042e+00 
9.3095457e+04 2.7332506e+00 
9.3145481e+04 2.8492029e+00 
9.3195506e+04 2.9627600e+00 
9.3245530e+04 3.0884364e+00 
9.3295554e+04 3.2165947e+00 
9.3345579e+04 3.3476312e+00 
9.3395603e+04 3.4820759e+00 
9.3445628e+04 3.6183186e+00 
9.3495652e+04 3.7513947e+00 
9.3545677e+04 3.8855276e+00 
9.3595701e+04 4.0202246e+00 
9.3645725e+04 4.1473885e+00 
9.3695750e+04 4.2693210e+00 
9.3745774e+04 4.3889604e+00 
9.3795799e+04 4.5045419e+00 
9.3845823e+04 4.6105084e+00 
9.3895848e+04 4.7115507e+00 
9.3945872e+04 4.8008471e+00 
9.3995896e+04 4.8769698e+00 
9.4045921e+04 4.9481454e+00 
9.4095945e+04 5.0062451e+00 
9.4145970e+04 5.0522866e+00 
9.4195994e+04 5.0901442e+00 
9.4246019e+04 5.1150494e+00 
9.4296043e+04 5.1265416e+00 
9.4346067e+04 5.1260633e+00 
9.4396092e+04 5.1145716e+00 
9.4446116e+04 5.0882273e+00 
9.4496141e+04 5.0513272e+00 
9.4546165e+04 5.0048056e+00 
9.4596190e+04 4.9452629e+00 
9.4646214e+04 4.8745632e+00 
9.4696238e+04 4.7960243e+00 
9.4746263e+04 4.7062368e+00 
9.4796287e+04 4.6037354e+00 
9.4846312e+04 4.4997039e+00 
9.4896336e+04 4.3850946e+00 
9.4946361e+04 4.2635446e+00 
9.4996385e+04 4.1402135e+00 
9.5046409e+04 4.0126457e+00 
9.5096434e+04 3.8768301e+00 
9.5146458e+04 3.7461257e+00 
9.5196483e+04 3.6106563e+00 
9.5246507e+04 3.4763057e+00 
9.5296532e+04 3.3442504e+00 
9.5346556e+04 3.2136912e+00 
9.5396580e+04 3.0845728e+00 
9.5446605e+04 2.9627600e+00 
9.5496629e+04 2.8487284e+00 
9.5546654e+04 2.7351809e+00 
9.5596678e+04 2.6309977e+00 
9.5646702e+04 2.5381248e+00 
9.5696727e+04 2.4507554e+00 
9.5746751e+04 2.3731616e+00 
9.5796776e+04 2.3079147e+00 
9.5846800e+04 2.2508197e+00 
9.5896825e+04 2.2043874e+00 
9.5946849e+04 2.1734712e+00 
9.5996873e+04 2.1527274e+00 
9.6046898e+04 2.1435704e+00 
9.6096922e+04 2.1474252e+00 
9.6146947e+04 2.1657495e+00 
9.6196971e+04 2.1927888e+00 
9.6246996e+04 2.2338862e+00 
9.6297020e+04 2.2900145e+00 
9.6347044e+04 2.3494947e+00 
9.6397069e+04 2.4233170e+00 
9.6447093e+04 2.5088797e+00 
9.6497118e+04 2.5984526e+00 
9.6547142e+04 2.6981118e+00 
9.6597167e+04 2.8104813e+00 
9.6647191e+04 2.9239714e+00 
9.6697215e+04 3.0430775e+00 
9.6747240e+04 3.1730454e+00 
9.6797264e+04 3.3036633e+00 
9.6847289e+04 3.4368467e+00 
9.6897313e+04 3.5713658e+00 
9.6947338e+04 3.7044749e+00 
9.6997362e+04 3.8387475e+00 
9.7047386e+04 3.9735532e+00 
9.7097411e+04 4.1034355e+00 
9.7147435e+04 4.2274728e+00 
9.7197460e+04 4.3512869e+00 
9.7247484e+04 4.4682555e+00 
9.7297509e+04 4.5747061e+00 
9.7347533e+04 4.6743412e+00 
9.7397557e+04 4.7704568e+00 
9.7447582e+04 4.8524132e+00 
9.7497606e+04 4.9255557e+00 
9.7547631e+04 4.9889669e+00 
9.7597655e+04 5.0407805e+00 
9.7647680e+04 5.0805621e+00 
9.7697704e+04 5.1093035e+00 
9.7747728e+04 5.1246271e+00 
9.7797753e+04 5.1274996e+00 
9.7847777e+04 5.1193595e+00 
9.7897802e+04 5.1016407e+00 
9.7947826e+04 5.0671444e+00 
9.7997851e+04 5.0249548e+00 
9.8047875e+04 4.9692822e+00 
9.8097899e+04 4.9000673e+00 
9.8147924e+04 4.8239875e+00 
9.8197948e+04 4.7376323e+00 
9.8247973e+04 4.6409793e+00 
9.8297997e+04 4.5374475e+00 
9.8348021e+04 4.4285965e+00 
9.8398046e+04 4.3097939e+00 
9.8448070e+04 4.1847491e+00 
9.8498095e+04 4.0610480e+00 
9.8548119e+04 3.9296396e+00 
9.8598144e+04 3.7931013e+00 
9.8648168e+04 3.6623597e+00 
9.8698192e+04 3.5286729e+00 
9.8748217e+04 3.3915470e+00 
9.8798241e+04 3.2596562e+00 
9.8848266e+04 3.1309638e+00 
9.8898290e+04 3.0016658e+00 
9.8948315e+04 2.8848453e+00 
9.8998339e+04 2.7724459e+00 
9.9048363e+04 2.6650035e+00 
9.9098388e+04 2.5668621e+00 
9.9148412e+04 2.4786367e+00 
9.9198437e+04 2.3968067e+00 
9.9248461e+04 2.3248420e+00 
9.9298486e+04 2.2677557e+00 
9.9348510e+04 2.2188921e+00 
9.9398534e+04 2.1826448e+00 
9.9448559e+04 2.1594784e+00 
9.9498583e+04 2.1469436e+00 
9.9548608e+04 2.1454978e+00 
9.9598632e+04 2.1599605e+00 
9.9648657e+04 2.1840937e+00 
9.9698681e+04 2.2203431e+00 
9.9748705e+04 2.2706592e+00 
9.9798730e+04 2.3296773e+00 
9.9848754e+04 2.3992178e+00 
9.9898779e+04 2.4800780e+00 
9.9948803e+04 2.5716493e+00 
9.9998828e+04 2.6688385e+00 
1.0004885e+05 2.7777903e+00 
1.0009888e+05 2.8938971e+00 
1.0014890e+05 3.0136938e+00 
1.0019893e+05 3.1382174e+00 
1.0024895e+05 3.2693305e+00 
1.0029897e+05 3.3987801e+00 
1.0034900e+05 3.5349128e+00 
1.0039902e+05 3.6700168e+00 
1.0044905e+05 3.8027000e+00 
1.0049907e+05 3.9379101e+00 
1.0054910e+05 4.0705614e+00 
1.0059912e+05 4.1991396e+00 
1.0064915e+05 4.3208857e+00 
1.0069917e+05 4.4397187e+00 
1.0074919e+05 4.5514798e+00 
1.0079922e+05 4.6545191e+00 
1.0084924e+05 4.7516336e+00 
1.0089927e+05 4.8355532e+00 
1.0094929e+05 4.9101686e+00 
1.0099932e+05 4.9788857e+00 
1.0104934e+05 5.0311899e+00 
1.0109936e+05 5.0719371e+00 
1.0114939e+05 5.1045141e+00 
1.0119941e+05 5.1207962e+00 
1.0124944e+05 5.1265416e+00 
1.0129946e+05 5.1231904e+00 
1.0134949e+05 5.1049924e+00 
1.0139951e+05 5.0733747e+00 
1.0144954e+05 5.0340667e+00 
1.0149956e+05 4.9793653e+00 
1.0154958e+05 4.9125733e+00 
1.0159961e+05 4.8384442e+00 
1.0164963e+05 4.7540474e+00 
1.0169966e+05 4.6588707e+00 
1.0174968e+05 4.5563188e+00 
1.0179971e+05 4.4474564e+00 
1.0184973e+05 4.3271570e+00 
1.0189976e+05 4.2053790e+00 
1.0194978e+05 4.0786533e+00 
1.0199980e+05 3.9442425e+00 
1.0204983e+05 3.8108635e+00 
1.0209985e+05 3.6791101e+00 
1.0214988e+05 3.5401912e+00 
1.0219990e+05 3.4069760e+00 
1.0224993e+05 3.2775531e+00 
1.0229995e+05 3.1449881e+00 
1.0234998e+05 3.0189891e+00 
1.0240000e+05 2.8986650e+00 
