0.0000000e+00 4.0289407e+00 
2.5012213e+01 4.2855973e+00 
5.0024426e+01 4.5244532e+00 
7.5036639e+01 4.7365403e+00 
1.0004885e+02 4.9097266e+00 
1.2506106e+02 5.0428863e+00 
1.5007328e+02 5.1313167e+00 
1.7508549e+02 5.1705279e+00 
2.0009770e+02 5.1608882e+00 
2.2510992e+02 5.1034689e+00 
2.5012213e+02 4.9961061e+00 
2.7513434e+02 4.8467860e+00 
3.0014656e+02 4.6591783e+00 
3.2515877e+02 4.4370484e+00 
3.5017098e+02 4.1908774e+00 
3.7518319e+02 3.9258070e+00 
4.0019541e+02 3.6531084e+00 
4.2520762e+02 3.3834867e+00 
4.5021983e+02 3.1222172e+00 
4.7523205e+02 2.8786287e+00 
5.0024426e+02 2.6608193e+00 
5.2525647e+02 2.4771624e+00 
5.5026869e+02 2.3321128e+00 
5.7528090e+02 2.2308338e+00 
6.0029311e+02 2.1757438e+00 
6.2530532e+02 2.1724005e+00 
6.5031754e+02 2.2185481e+00 
6.7532975e+02 2.3109939e+00 
7.0034196e+02 2.4492280e+00 
7.2535418e+02 2.6273172e+00 
7.5036639e+02 2.8399830e+00 
7.7537860e+02 3.0794282e+00 
8.0039082e+02 3.3420572e+00 
8.2540303e+02 3.6126304e+00 
8.5041524e+02 3.8866339e+00 
8.7542745e+02 4.1508861e+00 
9.0043967e+02 4.4006867e+00 
9.2545188e+02 4.6275721e+00 
9.5046409e+02 4.8221931e+00 
9.7547631e+02 4.9772954e+00 
1.0004885e+03 5.0892878e+00 
1.0255007e+03 5.1542931e+00 
1.0505129e+03 5.1719303e+00 
1.0755252e+03 5.1396871e+00 
1.1005374e+03 5.0599971e+00 
1.1255496e+03 4.9353132e+00 
1.1505618e+03 4.7685471e+00 
1.1755740e+03 4.5643048e+00 
1.2005862e+03 4.3300629e+00 
1.2255984e+03 4.0748591e+00 
1.2506106e+03 3.8071330e+00 
1.2756229e+03 3.5383935e+00 
1.3006351e+03 3.2714465e+00 
1.3256473e+03 3.0139771e+00 
1.3506595e+03 2.7818911e+00 
1.3756717e+03 2.5768087e+00 
1.4006839e+03 2.4102876e+00 
1.4256961e+03 2.2827907e+00 
1.4507084e+03 2.2007411e+00 
1.4757206e+03 2.1683722e+00 
1.5007328e+03 2.1861582e+00 
1.5257450e+03 2.2540195e+00 
1.5507572e+03 2.3695872e+00 
1.5757694e+03 2.5251610e+00 
1.6007816e+03 2.7200511e+00 
1.6257938e+03 2.9464111e+00 
1.6508061e+03 3.1964831e+00 
1.6758183e+03 3.4644125e+00 
1.7008305e+03 3.7342889e+00 
1.7258427e+03 4.0100946e+00 
1.7508549e+03 4.2670469e+00 
1.7758671e+03 4.5086637e+00 
1.8008793e+03 4.7209449e+00 
1.8258915e+03 4.8987617e+00 
1.8509038e+03 5.0344176e+00 
1.8759160e+03 5.1257558e+00 
1.9009282e+03 5.1697440e+00 
1.9259404e+03 5.1635981e+00 
1.9509526e+03 5.1092310e+00 
1.9759648e+03 5.0080328e+00 
2.0009770e+03 4.8604856e+00 
2.0259893e+03 4.6740742e+00 
2.0510015e+03 4.4527559e+00 
2.0760137e+03 4.2071786e+00 
2.1010259e+03 3.9435127e+00 
2.1260381e+03 3.6728225e+00 
2.1510503e+03 3.4011459e+00 
2.1760625e+03 3.1344037e+00 
2.2010747e+03 2.8898826e+00 
2.2260870e+03 2.6697626e+00 
2.2510992e+03 2.4842341e+00 
2.2761114e+03 2.3376992e+00 
2.3011236e+03 2.2319269e+00 
2.3261358e+03 2.1779807e+00 
2.3511480e+03 2.1727147e+00 
2.3761602e+03 2.2159581e+00 
2.4011724e+03 2.3077109e+00 
2.4261847e+03 2.4451365e+00 
2.4511969e+03 2.6235645e+00 
2.4762091e+03 2.8377659e+00 
2.5012213e+03 3.0755570e+00 
2.5262335e+03 3.3390913e+00 
2.5512457e+03 3.6077881e+00 
2.5762579e+03 3.8771920e+00 
2.6012702e+03 4.1441131e+00 
2.6262824e+03 4.3944993e+00 
2.6512946e+03 4.6219807e+00 
2.6763068e+03 4.8184538e+00 
2.7013190e+03 4.9734859e+00 
2.7263312e+03 5.0858521e+00 
2.7513434e+03 5.1544652e+00 
2.7763556e+03 5.1720510e+00 
2.8013679e+03 5.1413774e+00 
2.8263801e+03 5.0619092e+00 
2.8513923e+03 4.9367638e+00 
2.8764045e+03 4.7683778e+00 
2.9014167e+03 4.5636578e+00 
2.9264289e+03 4.3301759e+00 
2.9514411e+03 4.0757442e+00 
2.9764533e+03 3.8056076e+00 
3.0014656e+03 3.5341642e+00 
3.0264778e+03 3.2657371e+00 
3.0514900e+03 3.0092366e+00 
3.0765022e+03 2.7761991e+00 
3.1015144e+03 2.5728297e+00 
3.1265266e+03 2.4051921e+00 
3.1515388e+03 2.2802355e+00 
3.1765511e+03 2.2014074e+00 
3.2015633e+03 2.1695938e+00 
3.2265755e+03 2.1880476e+00 
3.2515877e+03 2.2557092e+00 
3.2765999e+03 2.3710768e+00 
3.3016121e+03 2.5295968e+00 
3.3266243e+03 2.7240021e+00 
3.3516365e+03 2.9508309e+00 
3.3766488e+03 3.2017338e+00 
3.4016610e+03 3.4722328e+00 
3.4266732e+03 3.7433341e+00 
3.4516854e+03 4.0140128e+00 
3.4766976e+03 4.2730684e+00 
3.5017098e+03 4.5141058e+00 
3.5267220e+03 4.7241898e+00 
3.5517342e+03 4.9010973e+00 
3.5767465e+03 5.0370688e+00 
3.6017587e+03 5.1266317e+00 
3.6267709e+03 5.1695795e+00 
3.6517831e+03 5.1632075e+00 
3.6767953e+03 5.1069107e+00 
3.7018075e+03 5.0009375e+00 
3.7268197e+03 4.8514080e+00 
3.7518319e+03 4.6653147e+00 
3.7768442e+03 4.4422960e+00 
3.8018564e+03 4.1957846e+00 
3.8268686e+03 3.9327829e+00 
3.8518808e+03 3.6628678e+00 
3.8768930e+03 3.3906715e+00 
3.9019052e+03 3.1266935e+00 
3.9269174e+03 2.8851984e+00 
3.9519297e+03 2.6667423e+00 
3.9769419e+03 2.4823647e+00 
4.0019541e+03 2.3355505e+00 
4.0269663e+03 2.2315152e+00 
4.0519785e+03 2.1767902e+00 
4.0769907e+03 2.1721756e+00 
4.1020029e+03 2.2192867e+00 
4.1270151e+03 2.3152401e+00 
4.1520274e+03 2.4548695e+00 
4.1770396e+03 2.6334968e+00 
4.2020518e+03 2.8488467e+00 
4.2270640e+03 3.0905313e+00 
4.2520762e+03 3.3544903e+00 
4.2770884e+03 3.6235075e+00 
4.3021006e+03 3.8960569e+00 
4.3271128e+03 4.1635394e+00 
4.3521251e+03 4.4131913e+00 
4.3771373e+03 4.6375003e+00 
4.4021495e+03 4.8309822e+00 
4.4271617e+03 4.9856257e+00 
4.4521739e+03 5.0942721e+00 
4.4771861e+03 5.1580777e+00 
4.5021983e+03 5.1720467e+00 
4.5272106e+03 5.1367817e+00 
4.5522228e+03 5.0531516e+00 
4.5772350e+03 4.9231720e+00 
4.6022472e+03 4.7532511e+00 
4.6272594e+03 4.5466590e+00 
4.6522716e+03 4.3084497e+00 
4.6772838e+03 4.0511436e+00 
4.7022960e+03 3.7827289e+00 
4.7273083e+03 3.5103121e+00 
4.7523205e+03 3.2430761e+00 
4.7773327e+03 2.9870489e+00 
4.8023449e+03 2.7542915e+00 
4.8273571e+03 2.5526557e+00 
4.8523693e+03 2.3889017e+00 
4.8773815e+03 2.2687862e+00 
4.9023937e+03 2.1938744e+00 
4.9274060e+03 2.1682982e+00 
4.9524182e+03 2.1934407e+00 
4.9774304e+03 2.2690794e+00 
5.0024426e+03 2.3911631e+00 
5.0274548e+03 2.5528934e+00 
5.0524670e+03 2.7548676e+00 
5.0774792e+03 2.9882197e+00 
5.1024915e+03 3.2422388e+00 
5.1275037e+03 3.5130765e+00 
5.1525159e+03 3.7865639e+00 
5.1775281e+03 4.0570312e+00 
5.2025403e+03 4.3159089e+00 
5.2275525e+03 4.5513206e+00 
5.2525647e+03 4.7573776e+00 
5.2775769e+03 4.9297447e+00 
5.3025892e+03 5.0569401e+00 
5.3276014e+03 5.1393476e+00 
5.3526136e+03 5.1728654e+00 
5.3776258e+03 5.1554012e+00 
5.4026380e+03 5.0875034e+00 
5.4276502e+03 4.9753952e+00 
5.4526624e+03 4.8193221e+00 
5.4776746e+03 4.6231637e+00 
5.5026869e+03 4.3933325e+00 
5.5276991e+03 4.1393714e+00 
5.5527113e+03 3.8726864e+00 
5.5777235e+03 3.6017549e+00 
5.6027357e+03 3.3308678e+00 
5.6277479e+03 3.0710211e+00 
5.6527601e+03 2.8313506e+00 
5.6777723e+03 2.6190398e+00 
5.7027846e+03 2.4426301e+00 
5.7277968e+03 2.3049350e+00 
5.7528090e+03 2.2139456e+00 
5.7778212e+03 2.1717985e+00 
5.8028334e+03 2.1797876e+00 
5.8278456e+03 2.2380490e+00 
5.8528578e+03 2.3435917e+00 
5.8778701e+03 2.4956799e+00 
5.9028823e+03 2.6851363e+00 
5.9278945e+03 2.9074595e+00 
5.9529067e+03 3.1563368e+00 
5.9779189e+03 3.4220812e+00 
6.0029311e+03 3.6957998e+00 
6.0279433e+03 3.9713728e+00 
6.0529555e+03 4.2338285e+00 
6.0779678e+03 4.4797702e+00 
6.1029800e+03 4.6983252e+00 
6.1279922e+03 4.8822660e+00 
6.1530044e+03 5.0237951e+00 
6.1780166e+03 5.1191258e+00 
6.2030288e+03 5.1669221e+00 
6.2280410e+03 5.1637177e+00 
6.2530532e+03 5.1127915e+00 
6.2780655e+03 5.0107241e+00 
6.3030777e+03 4.8644843e+00 
6.3280899e+03 4.6789565e+00 
6.3531021e+03 4.4560566e+00 
6.3781143e+03 4.2088065e+00 
6.4031265e+03 3.9458630e+00 
6.4281387e+03 3.6712475e+00 
6.4531510e+03 3.3989706e+00 
6.4781632e+03 3.1352551e+00 
6.5031754e+03 2.8886890e+00 
6.5281876e+03 2.6667824e+00 
6.5531998e+03 2.4818413e+00 
6.5782120e+03 2.3354135e+00 
6.6032242e+03 2.2319193e+00 
6.6282364e+03 2.1763842e+00 
6.6532487e+03 2.1732123e+00 
6.6782609e+03 2.2203615e+00 
6.7032731e+03 2.3167181e+00 
6.7282853e+03 2.4557047e+00 
6.7532975e+03 2.6340370e+00 
6.7783097e+03 2.8512807e+00 
6.8033219e+03 3.0941391e+00 
6.8283341e+03 3.3584225e+00 
6.8533464e+03 3.6339347e+00 
6.8783586e+03 3.9062092e+00 
6.9033708e+03 4.1710143e+00 
6.9283830e+03 4.4202991e+00 
6.9533952e+03 4.6453166e+00 
6.9784074e+03 4.8394017e+00 
7.0034196e+03 4.9919901e+00 
7.0284319e+03 5.0987463e+00 
7.0534441e+03 5.1608605e+00 
7.0784563e+03 5.1694007e+00 
7.1034685e+03 5.1295514e+00 
7.1284807e+03 5.0394516e+00 
7.1534929e+03 4.9044557e+00 
7.1785051e+03 4.7292027e+00 
7.2035173e+03 4.5161076e+00 
7.2285296e+03 4.2732253e+00 
7.2535418e+03 4.0138073e+00 
7.2785540e+03 3.7392523e+00 
7.3035662e+03 3.4665811e+00 
7.3285784e+03 3.1963220e+00 
7.3535906e+03 2.9439454e+00 
7.3786028e+03 2.7178066e+00 
7.4036150e+03 2.5231588e+00 
7.4286273e+03 2.3644421e+00 
7.4536395e+03 2.2505744e+00 
7.4786517e+03 2.1845431e+00 
7.5036639e+03 2.1696315e+00 
7.5286761e+03 2.2048569e+00 
7.5536883e+03 2.2933857e+00 
7.5787005e+03 2.4252267e+00 
7.6037128e+03 2.5973554e+00 
7.6287250e+03 2.8088148e+00 
7.6537372e+03 3.0481133e+00 
7.6787494e+03 3.3084328e+00 
7.7037616e+03 3.5816398e+00 
7.7287738e+03 3.8558130e+00 
7.7537860e+03 4.1242361e+00 
7.7787982e+03 4.3767786e+00 
7.8038105e+03 4.6074467e+00 
7.8288227e+03 4.8065038e+00 
7.8538349e+03 4.9662223e+00 
7.8788471e+03 5.0827374e+00 
7.9038593e+03 5.1530595e+00 
7.9288715e+03 5.1719623e+00 
7.9538837e+03 5.1409059e+00 
7.9788959e+03 5.0609393e+00 
8.0039082e+03 4.9328828e+00 
8.0289204e+03 4.7645664e+00 
8.0539326e+03 4.5552025e+00 
8.0789448e+03 4.3186045e+00 
8.1039570e+03 4.0593510e+00 
8.1289692e+03 3.7860484e+00 
8.1539814e+03 3.5109091e+00 
8.1789936e+03 3.2380948e+00 
8.2040059e+03 2.9827101e+00 
8.2290181e+03 2.7493114e+00 
8.2540303e+03 2.5476725e+00 
8.2790425e+03 2.3836796e+00 
8.3040547e+03 2.2639892e+00 
8.3290669e+03 2.1912041e+00 
8.3540791e+03 2.1685002e+00 
8.3790914e+03 2.1982198e+00 
8.4041036e+03 2.2783017e+00 
8.4291158e+03 2.4050789e+00 
8.4541280e+03 2.5751574e+00 
8.4791402e+03 2.7808347e+00 
8.5041524e+03 3.0163438e+00 
8.5291646e+03 3.2739847e+00 
8.5541768e+03 3.5453286e+00 
8.5791891e+03 3.8228023e+00 
8.6042013e+03 4.0918651e+00 
8.6292135e+03 4.3493681e+00 
8.6542257e+03 4.5850506e+00 
8.6792379e+03 4.7866411e+00 
8.7042501e+03 4.9537096e+00 
8.7292623e+03 5.0754018e+00 
8.7542745e+03 5.1496978e+00 
8.7792868e+03 5.1728992e+00 
8.8042990e+03 5.1440253e+00 
8.8293112e+03 5.0675611e+00 
8.8543234e+03 4.9454370e+00 
8.8793356e+03 4.7763391e+00 
8.9043478e+03 4.5707722e+00 
8.9293600e+03 4.3346496e+00 
8.9543723e+03 4.0776124e+00 
8.9793845e+03 3.8069487e+00 
9.0043967e+03 3.5317249e+00 
9.0294089e+03 3.2612832e+00 
9.0544211e+03 3.0016448e+00 
9.0794333e+03 2.7670748e+00 
9.1044455e+03 2.5638978e+00 
9.1294577e+03 2.3984685e+00 
9.1544700e+03 2.2744417e+00 
9.1794822e+03 2.1994715e+00 
9.2044944e+03 2.1712117e+00 
9.2295066e+03 2.1710134e+00 
9.2545188e+03 2.1896338e+00 
9.2795310e+03 2.2172072e+00 
9.3045432e+03 2.2496977e+00 
9.3295554e+03 2.2793067e+00 
9.3545677e+03 2.3047352e+00 
9.3795799e+03 2.3214378e+00 
9.4045921e+03 2.3314071e+00 
9.4296043e+03 2.3344738e+00 
9.4546165e+03 2.3271770e+00 
9.4796287e+03 2.3143022e+00 
9.5046409e+03 2.2969096e+00 
9.5296532e+03 2.2738981e+00 
9.5546654e+03 2.2477534e+00 
9.5796776e+03 2.2241023e+00 
9.6046898e+03 2.2016056e+00 
9.6297020e+03 2.1828260e+00 
9.6547142e+03 2.1707652e+00 
9.6797264e+03 2.1672516e+00 
9.7047386e+03 2.1747601e+00 
9.7297509e+03 2.1966534e+00 
9.7547631e+03 2.2325990e+00 
9.7797753e+03 2.2868428e+00 
9.8047875e+03 2.3585243e+00 
9.8297997e+03 2.4524591e+00 
9.8548119e+03 2.5642304e+00 
9.8798241e+03 2.6943805e+00 
9.9048363e+03 2.8469131e+00 
9.9298486e+03 3.0122221e+00 
9.9548608e+03 3.1949475e+00 
9.9798730e+03 3.3910894e+00 
1.0004885e+04 3.5962503e+00 
1.0029897e+04 3.8041720e+00 
1.0054910e+04 4.0157828e+00 
1.0079922e+04 4.2199855e+00 
1.0104934e+04 4.4201045e+00 
1.0129946e+04 4.6063600e+00 
1.0154958e+04 4.7725472e+00 
1.0179971e+04 4.9164886e+00 
1.0204983e+04 5.0303574e+00 
1.0229995e+04 5.1130967e+00 
1.0255007e+04 5.1601114e+00 
1.0280020e+04 5.1719942e+00 
1.0305032e+04 5.1465788e+00 
1.0330044e+04 5.0805202e+00 
1.0355056e+04 4.9770598e+00 
1.0380068e+04 4.8398218e+00 
1.0405081e+04 4.6675124e+00 
1.0430093e+04 4.4687047e+00 
1.0455105e+04 4.2465000e+00 
1.0480117e+04 4.0091605e+00 
1.0505129e+04 3.7583842e+00 
1.0530142e+04 3.5074394e+00 
1.0555154e+04 3.2571330e+00 
1.0580166e+04 3.0166931e+00 
1.0605178e+04 2.7971034e+00 
1.0630191e+04 2.6001906e+00 
1.0655203e+04 2.4358010e+00 
1.0680215e+04 2.3065333e+00 
1.0705227e+04 2.2180955e+00 
1.0730239e+04 2.1738110e+00 
1.0755252e+04 2.1750538e+00 
1.0780264e+04 2.2198777e+00 
1.0805276e+04 2.3103426e+00 
1.0830288e+04 2.4415758e+00 
1.0855300e+04 2.6130006e+00 
1.0880313e+04 2.8158712e+00 
1.0905325e+04 3.0443301e+00 
1.0930337e+04 3.2956033e+00 
1.0955349e+04 3.5586793e+00 
1.0980362e+04 3.8244438e+00 
1.1005374e+04 4.0849533e+00 
1.1030386e+04 4.3328810e+00 
1.1055398e+04 4.5610213e+00 
1.1080410e+04 4.7625890e+00 
1.1105423e+04 4.9279242e+00 
1.1130435e+04 5.0544429e+00 
1.1155447e+04 5.1355467e+00 
1.1180459e+04 5.1709266e+00 
1.1205471e+04 5.1590066e+00 
1.1230484e+04 5.1007710e+00 
1.1255496e+04 4.9965124e+00 
1.1280508e+04 4.8506875e+00 
1.1305520e+04 4.6645584e+00 
1.1330532e+04 4.4459281e+00 
1.1355545e+04 4.2018685e+00 
1.1380557e+04 3.9426901e+00 
1.1405569e+04 3.6771677e+00 
1.1430581e+04 3.4107919e+00 
1.1455594e+04 3.1488245e+00 
1.1480606e+04 2.9046395e+00 
1.1505618e+04 2.6852520e+00 
1.1530630e+04 2.5000439e+00 
1.1555642e+04 2.3489625e+00 
1.1580655e+04 2.2412426e+00 
1.1605667e+04 2.1831071e+00 
1.1630679e+04 2.1700954e+00 
1.1655691e+04 2.2070727e+00 
1.1680703e+04 2.2919497e+00 
1.1705716e+04 2.4218001e+00 
1.1730728e+04 2.5900249e+00 
1.1755740e+04 2.7943234e+00 
1.1780752e+04 3.0290496e+00 
1.1805765e+04 3.2843037e+00 
1.1830777e+04 3.5531178e+00 
1.1855789e+04 3.8208549e+00 
1.1880801e+04 4.0859351e+00 
1.1905813e+04 4.3388181e+00 
1.1930826e+04 4.5688300e+00 
1.1955838e+04 4.7705750e+00 
1.1980850e+04 4.9366250e+00 
1.2005862e+04 5.0610838e+00 
1.2030874e+04 5.1397562e+00 
1.2055887e+04 5.1714926e+00 
1.2080899e+04 5.1527705e+00 
1.2105911e+04 5.0871625e+00 
1.2130923e+04 4.9759154e+00 
1.2155936e+04 4.8205438e+00 
1.2180948e+04 4.6269088e+00 
1.2205960e+04 4.4027405e+00 
1.2230972e+04 4.1570911e+00 
1.2255984e+04 3.8941147e+00 
1.2280997e+04 3.6231411e+00 
1.2306009e+04 3.3534551e+00 
1.2331021e+04 3.0935652e+00 
1.2356033e+04 2.8521783e+00 
1.2381045e+04 2.6388581e+00 
1.2406058e+04 2.4591737e+00 
1.2431070e+04 2.3198025e+00 
1.2456082e+04 2.2227364e+00 
1.2481094e+04 2.1743295e+00 
1.2506106e+04 2.1748555e+00 
1.2531119e+04 2.2246053e+00 
1.2556131e+04 2.3244607e+00 
1.2581143e+04 2.4673100e+00 
1.2606155e+04 2.6485984e+00 
1.2631168e+04 2.8644340e+00 
1.2656180e+04 3.1047592e+00 
1.2681192e+04 3.3633378e+00 
1.2706204e+04 3.6329029e+00 
1.2731216e+04 3.9026191e+00 
1.2756229e+04 4.1666489e+00 
1.2781241e+04 4.4145412e+00 
1.2806253e+04 4.6384997e+00 
1.2831265e+04 4.8294368e+00 
1.2856277e+04 4.9825821e+00 
1.2881290e+04 5.0927987e+00 
1.2906302e+04 5.1563859e+00 
1.2931314e+04 5.1734319e+00 
1.2956326e+04 5.1373172e+00 
1.2981339e+04 5.0548010e+00 
1.3006351e+04 4.9262519e+00 
1.3031363e+04 4.7582860e+00 
1.3056375e+04 4.5519047e+00 
1.3081387e+04 4.3168230e+00 
1.3106400e+04 4.0636945e+00 
1.3131412e+04 3.7930140e+00 
1.3156424e+04 3.5230901e+00 
1.3181436e+04 3.2557766e+00 
1.3206448e+04 3.0001702e+00 
1.3231461e+04 2.7691061e+00 
1.3256473e+04 2.5668001e+00 
1.3281485e+04 2.4027562e+00 
1.3306497e+04 2.2779870e+00 
1.3331510e+04 2.1979926e+00 
1.3356522e+04 2.1678715e+00 
1.3381534e+04 2.1888163e+00 
1.3406546e+04 2.2554848e+00 
1.3431558e+04 2.3716285e+00 
1.3456571e+04 2.5276108e+00 
1.3481583e+04 2.7226181e+00 
1.3506595e+04 2.9479251e+00 
1.3531607e+04 3.1992023e+00 
1.3556619e+04 3.4639964e+00 
1.3581632e+04 3.7331545e+00 
1.3606644e+04 4.0043473e+00 
1.3631656e+04 4.2613416e+00 
1.3656668e+04 4.4992266e+00 
1.3681681e+04 4.7123342e+00 
1.3706693e+04 4.8916650e+00 
1.3731705e+04 5.0290136e+00 
1.3756717e+04 5.1211820e+00 
1.3781729e+04 5.1672540e+00 
1.3806742e+04 5.1655412e+00 
1.3831754e+04 5.1135278e+00 
1.3856766e+04 5.0162807e+00 
1.3881778e+04 4.8735781e+00 
1.3906790e+04 4.6897545e+00 
1.3931803e+04 4.4729981e+00 
1.3956815e+04 4.2296343e+00 
1.3981827e+04 3.9702313e+00 
1.4006839e+04 3.6984799e+00 
1.4031851e+04 3.4279938e+00 
1.4056864e+04 3.1647346e+00 
1.4081876e+04 2.9160211e+00 
1.4106888e+04 2.6958325e+00 
1.4131900e+04 2.5087037e+00 
1.4156913e+04 2.3560941e+00 
1.4181925e+04 2.2453737e+00 
1.4206937e+04 2.1837616e+00 
1.4231949e+04 2.1703689e+00 
1.4256961e+04 2.2061672e+00 
1.4281974e+04 2.2899048e+00 
1.4306986e+04 2.4192057e+00 
1.4331998e+04 2.5904658e+00 
1.4357010e+04 2.7982533e+00 
1.4382022e+04 3.0314713e+00 
1.4407035e+04 3.2892540e+00 
1.4432047e+04 3.5584376e+00 
1.4457059e+04 3.8274910e+00 
1.4482071e+04 4.0948057e+00 
1.4507084e+04 4.3477902e+00 
1.4532096e+04 4.5791774e+00 
1.4557108e+04 4.7835355e+00 
1.4582120e+04 4.9481201e+00 
1.4607132e+04 5.0705323e+00 
1.4632145e+04 5.1444263e+00 
1.4657157e+04 5.1714654e+00 
1.4682169e+04 5.1507621e+00 
1.4707181e+04 5.0801969e+00 
1.4732193e+04 4.9657078e+00 
1.4757206e+04 4.8062615e+00 
1.4782218e+04 4.6092763e+00 
1.4807230e+04 4.3821592e+00 
1.4832242e+04 4.1297708e+00 
1.4857255e+04 3.8654139e+00 
1.4882267e+04 3.5977056e+00 
1.4907279e+04 3.3296337e+00 
1.4932291e+04 3.0711637e+00 
1.4957303e+04 2.8341596e+00 
1.4982316e+04 2.6224577e+00 
1.5007328e+04 2.4459980e+00 
1.5032340e+04 2.3089318e+00 
1.5057352e+04 2.2176137e+00 
1.5082364e+04 2.1733749e+00 
1.5107377e+04 2.1766980e+00 
1.5132389e+04 2.2311594e+00 
1.5157401e+04 2.3325326e+00 
1.5182413e+04 2.4783258e+00 
1.5207426e+04 2.6613917e+00 
1.5232438e+04 2.8788612e+00 
1.5257450e+04 3.1209130e+00 
1.5282462e+04 3.3829601e+00 
1.5307474e+04 3.6532547e+00 
1.5332487e+04 3.9240448e+00 
1.5357499e+04 4.1865625e+00 
1.5382511e+04 4.4328647e+00 
1.5407523e+04 4.6545410e+00 
1.5432535e+04 4.8450933e+00 
1.5457548e+04 4.9952655e+00 
1.5482560e+04 5.1017761e+00 
1.5507572e+04 5.1603031e+00 
1.5532584e+04 5.1714797e+00 
1.5557596e+04 5.1321325e+00 
1.5582609e+04 5.0454893e+00 
1.5607621e+04 4.9138279e+00 
1.5632633e+04 4.7406125e+00 
1.5657645e+04 4.5326915e+00 
1.5682658e+04 4.2948728e+00 
1.5707670e+04 4.0392513e+00 
1.5732682e+04 3.7692590e+00 
1.5757694e+04 3.4963078e+00 
1.5782706e+04 3.2313130e+00 
1.5807719e+04 2.9791474e+00 
1.5832731e+04 2.7480469e+00 
1.5857743e+04 2.5501926e+00 
1.5882755e+04 2.3891675e+00 
1.5907767e+04 2.2678764e+00 
1.5932780e+04 2.1937530e+00 
1.5957792e+04 2.1687102e+00 
1.5982804e+04 2.1916332e+00 
1.6007816e+04 2.2653632e+00 
1.6032829e+04 2.3837035e+00 
1.6057841e+04 2.5431387e+00 
1.6082853e+04 2.7367253e+00 
1.6107865e+04 2.9642272e+00 
1.6132877e+04 3.2172379e+00 
1.6157890e+04 3.4828315e+00 
1.6182902e+04 3.7505848e+00 
1.6207914e+04 4.0202031e+00 
1.6232926e+04 4.2788653e+00 
1.6257938e+04 4.5194983e+00 
1.6282951e+04 4.7301111e+00 
1.6307963e+04 4.9070725e+00 
1.6332975e+04 5.0409799e+00 
1.6357987e+04 5.1285019e+00 
1.6383000e+04 5.1691747e+00 
1.6408012e+04 5.1622596e+00 
1.6433024e+04 5.1044006e+00 
1.6458036e+04 4.9989762e+00 
1.6483048e+04 4.8517237e+00 
1.6508061e+04 4.6613064e+00 
1.6533073e+04 4.4396839e+00 
1.6558085e+04 4.1920047e+00 
1.6583097e+04 3.9314408e+00 
1.6608109e+04 3.6588554e+00 
1.6633122e+04 3.3861308e+00 
1.6658134e+04 3.1223545e+00 
1.6683146e+04 2.8793085e+00 
1.6708158e+04 2.6598277e+00 
1.6733170e+04 2.4762676e+00 
1.6758183e+04 2.3320267e+00 
1.6783195e+04 2.2299531e+00 
1.6808207e+04 2.1762867e+00 
1.6833219e+04 2.1716549e+00 
1.6858232e+04 2.2174191e+00 
1.6883244e+04 2.3138444e+00 
1.6908256e+04 2.4523335e+00 
1.6933268e+04 2.6298978e+00 
1.6958280e+04 2.8433614e+00 
1.6983293e+04 3.0856855e+00 
1.7008305e+04 3.3488324e+00 
1.7033317e+04 3.6188741e+00 
1.7058329e+04 3.8895013e+00 
1.7083341e+04 4.1519995e+00 
1.7108354e+04 4.4013972e+00 
1.7133366e+04 4.6259975e+00 
1.7158378e+04 4.8201008e+00 
1.7183390e+04 4.9755297e+00 
1.7208403e+04 5.0904040e+00 
1.7233415e+04 5.1564307e+00 
1.7258427e+04 5.1740355e+00 
1.7283439e+04 5.1393328e+00 
1.7308451e+04 5.0587001e+00 
1.7333464e+04 4.9332271e+00 
1.7358476e+04 4.7639818e+00 
1.7383488e+04 4.5596218e+00 
1.7408500e+04 4.3254852e+00 
1.7433512e+04 4.0714822e+00 
1.7458525e+04 3.8021677e+00 
1.7483537e+04 3.5306399e+00 
1.7508549e+04 3.2622941e+00 
1.7533561e+04 3.0059087e+00 
1.7558574e+04 2.7753477e+00 
1.7583586e+04 2.5728655e+00 
1.7608598e+04 2.4044414e+00 
1.7633610e+04 2.2777224e+00 
1.7658622e+04 2.1995473e+00 
1.7683635e+04 2.1693304e+00 
1.7708647e+04 2.1884658e+00 
1.7733659e+04 2.2573278e+00 
1.7758671e+04 2.3741775e+00 
1.7783683e+04 2.5321598e+00 
1.7808696e+04 2.7286265e+00 
1.7833708e+04 2.9567366e+00 
1.7858720e+04 3.2074299e+00 
1.7883732e+04 3.4738314e+00 
1.7908745e+04 3.7451546e+00 
1.7933757e+04 4.0150485e+00 
1.7958769e+04 4.2720475e+00 
1.7983781e+04 4.5127020e+00 
1.8008793e+04 4.7263212e+00 
1.8033806e+04 4.9025111e+00 
1.8058818e+04 5.0384455e+00 
1.8083830e+04 5.1281371e+00 
1.8108842e+04 5.1704378e+00 
1.8133854e+04 5.1642652e+00 
1.8158867e+04 5.1068754e+00 
1.8183879e+04 5.0041857e+00 
1.8208891e+04 4.8576775e+00 
1.8233903e+04 4.6701846e+00 
1.8258915e+04 4.4498644e+00 
1.8283928e+04 4.2061834e+00 
1.8308940e+04 3.9452360e+00 
1.8333952e+04 3.6753826e+00 
1.8358964e+04 3.4044366e+00 
1.8383977e+04 3.1407855e+00 
1.8408989e+04 2.8935184e+00 
1.8434001e+04 2.6741207e+00 
1.8459013e+04 2.4890449e+00 
1.8484025e+04 2.3398936e+00 
1.8509038e+04 2.2349379e+00 
1.8534050e+04 2.1780236e+00 
1.8559062e+04 2.1724801e+00 
1.8584074e+04 2.2142284e+00 
1.8609086e+04 2.3047030e+00 
1.8634099e+04 2.4422500e+00 
1.8659111e+04 2.6176717e+00 
1.8684123e+04 2.8318107e+00 
1.8709135e+04 3.0675323e+00 
1.8734148e+04 3.3298323e+00 
1.8759160e+04 3.6015117e+00 
1.8784172e+04 3.8726621e+00 
1.8809184e+04 4.1380887e+00 
1.8834196e+04 4.3880806e+00 
1.8859209e+04 4.6172247e+00 
1.8884221e+04 4.8152976e+00 
1.8909233e+04 4.9718804e+00 
1.8934245e+04 5.0857749e+00 
1.8959257e+04 5.1523461e+00 
1.8984270e+04 5.1725969e+00 
1.9009282e+04 5.1443863e+00 
1.9034294e+04 5.0651617e+00 
1.9059306e+04 4.9425287e+00 
1.9084319e+04 4.7747622e+00 
1.9109331e+04 4.5716820e+00 
1.9134343e+04 4.3382225e+00 
1.9159355e+04 4.0816650e+00 
1.9184367e+04 3.8144715e+00 
1.9209380e+04 3.5402832e+00 
1.9234392e+04 3.2733335e+00 
1.9259404e+04 3.0168924e+00 
1.9284416e+04 2.7833748e+00 
1.9309428e+04 2.5790665e+00 
1.9334441e+04 2.4106641e+00 
1.9359453e+04 2.2830558e+00 
1.9384465e+04 2.2020626e+00 
1.9409477e+04 2.1690376e+00 
1.9434489e+04 2.1863911e+00 
1.9459502e+04 2.2533846e+00 
1.9484514e+04 2.3663435e+00 
1.9509526e+04 2.5224450e+00 
1.9534538e+04 2.7159107e+00 
1.9559551e+04 2.9417171e+00 
1.9584563e+04 3.1898637e+00 
1.9609575e+04 3.4572477e+00 
1.9634587e+04 3.7297130e+00 
1.9659599e+04 4.0023317e+00 
1.9684612e+04 4.2610946e+00 
1.9709624e+04 4.5032544e+00 
1.9734636e+04 4.7155223e+00 
1.9759648e+04 4.8948359e+00 
1.9784660e+04 5.0330596e+00 
1.9809673e+04 5.1246095e+00 
1.9834685e+04 5.1692557e+00 
1.9859697e+04 5.1648149e+00 
1.9884709e+04 5.1111078e+00 
1.9909722e+04 5.0112677e+00 
1.9934734e+04 4.8645730e+00 
1.9959746e+04 4.6801162e+00 
1.9984758e+04 4.4615860e+00 
2.0009770e+04 4.2168450e+00 
2.0034783e+04 3.9567626e+00 
2.0059795e+04 3.6840503e+00 
2.0084807e+04 3.4142423e+00 
2.0109819e+04 3.1470823e+00 
2.0134831e+04 2.8997080e+00 
2.0159844e+04 2.6787074e+00 
2.0184856e+04 2.4944296e+00 
2.0209868e+04 2.3448544e+00 
2.0234880e+04 2.2388036e+00 
2.0259893e+04 2.1803648e+00 
2.0284905e+04 2.1699419e+00 
2.0309917e+04 2.2109597e+00 
2.0334929e+04 2.2986293e+00 
2.0359941e+04 2.4316826e+00 
2.0384954e+04 2.6061761e+00 
2.0409966e+04 2.8174601e+00 
2.0434978e+04 3.0530090e+00 
2.0459990e+04 3.3125811e+00 
2.0485002e+04 3.5824594e+00 
2.0510015e+04 3.8521559e+00 
2.0535027e+04 4.1192703e+00 
2.0560039e+04 4.3708291e+00 
2.0585051e+04 4.5999556e+00 
2.0610064e+04 4.7995329e+00 
2.0635076e+04 4.9612975e+00 
2.0660088e+04 5.0786777e+00 
2.0685100e+04 5.1507487e+00 
2.0710112e+04 5.1737061e+00 
2.0735125e+04 5.1472726e+00 
2.0760137e+04 5.0716710e+00 
2.0785149e+04 4.9490643e+00 
2.0810161e+04 4.7845840e+00 
2.0835173e+04 4.5855193e+00 
2.0860186e+04 4.3529401e+00 
2.0885198e+04 4.1006565e+00 
2.0910210e+04 3.8304744e+00 
2.0935222e+04 3.5607750e+00 
2.0960234e+04 3.2912319e+00 
2.0985247e+04 3.0314713e+00 
2.1010259e+04 2.7951167e+00 
2.1035271e+04 2.5885589e+00 
2.1060283e+04 2.4175463e+00 
2.1085296e+04 2.2877374e+00 
2.1110308e+04 2.2037930e+00 
2.1135320e+04 2.1686959e+00 
2.1160332e+04 2.1850591e+00 
2.1185344e+04 2.2477887e+00 
2.1210357e+04 2.3594582e+00 
2.1235369e+04 2.5147994e+00 
2.1260381e+04 2.7075853e+00 
2.1285393e+04 2.9319296e+00 
2.1310405e+04 3.1801059e+00 
2.1335418e+04 3.4463427e+00 
2.1360430e+04 3.7172480e+00 
2.1385442e+04 3.9899955e+00 
2.1410454e+04 4.2506609e+00 
2.1435467e+04 4.4949121e+00 
2.1460479e+04 4.7095094e+00 
2.1485491e+04 4.8876424e+00 
2.1510503e+04 5.0262198e+00 
2.1535515e+04 5.1215868e+00 
2.1560528e+04 5.1694312e+00 
2.1585540e+04 5.1658778e+00 
2.1610552e+04 5.1141882e+00 
2.1635564e+04 5.0153141e+00 
2.1660576e+04 4.8688245e+00 
2.1685589e+04 4.6836505e+00 
2.1710601e+04 4.4665885e+00 
2.1735613e+04 4.2234206e+00 
2.1760625e+04 3.9619923e+00 
2.1785638e+04 3.6886888e+00 
2.1810650e+04 3.4150426e+00 
2.1835662e+04 3.1523740e+00 
2.1860674e+04 2.9057658e+00 
2.1885686e+04 2.6816914e+00 
2.1910699e+04 2.4928024e+00 
2.1935711e+04 2.3418503e+00 
2.1960723e+04 2.2359276e+00 
2.1985735e+04 2.1777291e+00 
2.2010747e+04 2.1707568e+00 
2.2035760e+04 2.2154090e+00 
2.2060772e+04 2.3082221e+00 
2.2085784e+04 2.4468594e+00 
2.2110796e+04 2.6251993e+00 
2.2135809e+04 2.8378692e+00 
2.2160821e+04 3.0781415e+00 
2.2185833e+04 3.3386436e+00 
2.2210845e+04 3.6085830e+00 
2.2235857e+04 3.8829432e+00 
2.2260870e+04 4.1514921e+00 
2.2285882e+04 4.4017191e+00 
2.2310894e+04 4.6282654e+00 
2.2335906e+04 4.8228679e+00 
2.2360918e+04 4.9797025e+00 
2.2385931e+04 5.0920186e+00 
2.2410943e+04 5.1571145e+00 
2.2435955e+04 5.1737938e+00 
2.2460967e+04 5.1395931e+00 
2.2485979e+04 5.0589256e+00 
2.2510992e+04 4.9316897e+00 
2.2536004e+04 4.7587085e+00 
2.2561016e+04 4.5503421e+00 
2.2586028e+04 4.3145695e+00 
2.2611041e+04 4.0538464e+00 
2.2636053e+04 3.7835951e+00 
2.2661065e+04 3.5077455e+00 
2.2686077e+04 3.2379649e+00 
2.2711089e+04 2.9810965e+00 
2.2736102e+04 2.7490685e+00 
2.2761114e+04 2.5485175e+00 
2.2786126e+04 2.3861485e+00 
2.2811138e+04 2.2652140e+00 
2.2836150e+04 2.1906946e+00 
2.2861163e+04 2.1688144e+00 
2.2886175e+04 2.1968031e+00 
2.2911187e+04 2.2736466e+00 
2.2936199e+04 2.4003310e+00 
2.2961212e+04 2.5663145e+00 
2.2986224e+04 2.7680523e+00 
2.3011236e+04 3.0026226e+00 
2.3036248e+04 3.2629290e+00 
2.3061260e+04 3.5326488e+00 
2.3086273e+04 3.8063405e+00 
2.3111285e+04 4.0786085e+00 
2.3136297e+04 4.3339658e+00 
2.3161309e+04 4.5721011e+00 
2.3186321e+04 4.7770720e+00 
2.3211334e+04 4.9436064e+00 
2.3236346e+04 5.0681267e+00 
2.3261358e+04 5.1453090e+00 
2.3286370e+04 5.1743960e+00 
2.3311383e+04 5.1518321e+00 
2.3336395e+04 5.0812140e+00 
2.3361407e+04 4.9617047e+00 
2.3386419e+04 4.8004208e+00 
2.3411431e+04 4.6005859e+00 
2.3436444e+04 4.3648677e+00 
2.3461456e+04 4.1127057e+00 
2.3486468e+04 3.8435621e+00 
2.3511480e+04 3.5708468e+00 
2.3536492e+04 3.2992866e+00 
2.3561505e+04 3.0391917e+00 
2.3586517e+04 2.8026037e+00 
2.3611529e+04 2.5936151e+00 
2.3636541e+04 2.4209359e+00 
2.3661553e+04 2.2909017e+00 
2.3686566e+04 2.2051983e+00 
2.3711578e+04 2.1692998e+00 
2.3736590e+04 2.1836627e+00 
2.3761602e+04 2.2502327e+00 
2.3786615e+04 2.3618500e+00 
2.3811627e+04 2.5190578e+00 
2.3836639e+04 2.7130723e+00 
2.3861651e+04 2.9391174e+00 
2.3886663e+04 3.1906886e+00 
2.3911676e+04 3.4611042e+00 
2.3936688e+04 3.7344725e+00 
2.3961700e+04 4.0068479e+00 
2.3986712e+04 4.2690468e+00 
2.4011724e+04 4.5118828e+00 
2.4036737e+04 4.7267590e+00 
2.4061749e+04 4.9048963e+00 
2.4086761e+04 5.0416107e+00 
2.4111773e+04 5.1307673e+00 
2.4136786e+04 5.1722836e+00 
2.4161798e+04 5.1620741e+00 
2.4186810e+04 5.1029968e+00 
2.4211822e+04 4.9955282e+00 
2.4236834e+04 4.8441978e+00 
2.4261847e+04 4.6530924e+00 
2.4286859e+04 4.4277020e+00 
2.4311871e+04 4.1753321e+00 
2.4336883e+04 3.9113379e+00 
2.4361895e+04 3.6405289e+00 
2.4386908e+04 3.3686039e+00 
2.4411920e+04 3.1059091e+00 
2.4436932e+04 2.8633945e+00 
2.4461944e+04 2.6426520e+00 
2.4486957e+04 2.4602180e+00 
2.4511969e+04 2.3175921e+00 
2.4536981e+04 2.2221985e+00 
2.4561993e+04 2.1740201e+00 
2.4587005e+04 2.1753378e+00 
2.4612018e+04 2.2267084e+00 
2.4637030e+04 2.3307753e+00 
2.4662042e+04 2.4754822e+00 
2.4687054e+04 2.6577890e+00 
2.4712066e+04 2.8787837e+00 
2.4737079e+04 3.1222110e+00 
2.4762091e+04 3.3874700e+00 
2.4787103e+04 3.6630273e+00 
2.4812115e+04 3.9358609e+00 
2.4837128e+04 4.2009664e+00 
2.4862140e+04 4.4492464e+00 
2.4887152e+04 4.6744466e+00 
2.4912164e+04 4.8631439e+00 
2.4937176e+04 5.0098996e+00 
2.4962189e+04 5.1120563e+00 
2.4987201e+04 5.1666260e+00 
2.5012213e+04 5.1707754e+00 
2.5037225e+04 5.1248655e+00 
2.5062237e+04 5.0305276e+00 
2.5087250e+04 4.8904448e+00 
2.5112262e+04 4.7081313e+00 
2.5137274e+04 4.4914694e+00 
2.5162286e+04 4.2466073e+00 
2.5187298e+04 3.9880455e+00 
2.5212311e+04 3.7122502e+00 
2.5237323e+04 3.4393604e+00 
2.5262335e+04 3.1720948e+00 
2.5287347e+04 2.9199853e+00 
2.5312360e+04 2.6940994e+00 
2.5337372e+04 2.5031919e+00 
2.5362384e+04 2.3499813e+00 
2.5387396e+04 2.2411926e+00 
2.5412408e+04 2.1810622e+00 
2.5437421e+04 2.1712866e+00 
2.5462433e+04 2.2122772e+00 
2.5487445e+04 2.3042488e+00 
2.5512457e+04 2.4414461e+00 
2.5537469e+04 2.6182051e+00 
2.5562482e+04 2.8220112e+00 
2.5587494e+04 3.0185401e+00 
2.5612506e+04 3.2003512e+00 
2.5637518e+04 3.3653357e+00 
2.5662531e+04 3.5045094e+00 
2.5687543e+04 3.6160223e+00 
2.5712555e+04 3.7094436e+00 
2.5737567e+04 3.7781827e+00 
2.5762579e+04 3.8246613e+00 
2.5787592e+04 3.8541813e+00 
2.5812604e+04 3.8627753e+00 
2.5837616e+04 3.8540928e+00 
2.5862628e+04 3.8308108e+00 
2.5887640e+04 3.7928526e+00 
2.5912653e+04 3.7410936e+00 
2.5937665e+04 3.6743174e+00 
2.5962677e+04 3.5953145e+00 
2.5987689e+04 3.5051527e+00 
2.6012702e+04 3.4046142e+00 
2.6037714e+04 3.2919850e+00 
2.6062726e+04 3.1768661e+00 
2.6087738e+04 3.0573883e+00 
2.6112750e+04 2.9301023e+00 
2.6137763e+04 2.8044682e+00 
2.6162775e+04 2.6831183e+00 
2.6187787e+04 2.5658534e+00 
2.6212799e+04 2.4576466e+00 
2.6237811e+04 2.3633854e+00 
2.6262824e+04 2.2847714e+00 
2.6287836e+04 2.2240713e+00 
2.6312848e+04 2.1834393e+00 
2.6337860e+04 2.1672854e+00 
2.6362872e+04 2.1771019e+00 
2.6387885e+04 2.2162848e+00 
2.6412897e+04 2.2825494e+00 
2.6437909e+04 2.3775365e+00 
2.6462921e+04 2.4993052e+00 
2.6487934e+04 2.6461828e+00 
2.6512946e+04 2.8209615e+00 
2.6537958e+04 3.0123072e+00 
2.6562970e+04 3.2251279e+00 
2.6587982e+04 3.4487162e+00 
2.6612995e+04 3.6795945e+00 
2.6638007e+04 3.9151614e+00 
2.6663019e+04 4.1468363e+00 
2.6688031e+04 4.3667159e+00 
2.6713043e+04 4.5699410e+00 
2.6738056e+04 4.7514210e+00 
2.6763068e+04 4.9084010e+00 
2.6788080e+04 5.0310802e+00 
2.6813092e+04 5.1181602e+00 
2.6838105e+04 5.1652970e+00 
2.6863117e+04 5.1726565e+00 
2.6888129e+04 5.1390710e+00 
2.6913141e+04 5.0630784e+00 
2.6938153e+04 4.9486885e+00 
2.6963166e+04 4.7963247e+00 
2.6988178e+04 4.6098862e+00 
2.7013190e+04 4.3956299e+00 
2.7038202e+04 4.1613178e+00 
2.7063214e+04 3.9130237e+00 
2.7088227e+04 3.6582935e+00 
2.7113239e+04 3.4010661e+00 
2.7138251e+04 3.1517150e+00 
2.7163263e+04 2.9155910e+00 
2.7188276e+04 2.7016425e+00 
2.7213288e+04 2.5174894e+00 
2.7238300e+04 2.3682992e+00 
2.7263312e+04 2.2578230e+00 
2.7288324e+04 2.1908076e+00 
2.7313337e+04 2.1672812e+00 
2.7338349e+04 2.1937959e+00 
2.7363361e+04 2.2630248e+00 
2.7388373e+04 2.3761497e+00 
2.7413385e+04 2.5325961e+00 
2.7438398e+04 2.7232492e+00 
2.7463410e+04 2.9423702e+00 
2.7488422e+04 3.1874175e+00 
2.7513434e+04 3.4442647e+00 
2.7538447e+04 3.7093396e+00 
2.7563459e+04 3.9731045e+00 
2.7588471e+04 4.2282891e+00 
2.7613483e+04 4.4677792e+00 
2.7638495e+04 4.6824994e+00 
2.7663508e+04 4.8627396e+00 
2.7688520e+04 5.0073748e+00 
2.7713532e+04 5.1086879e+00 
2.7738544e+04 5.1634016e+00 
2.7763556e+04 5.1726184e+00 
2.7788569e+04 5.1337037e+00 
2.7813581e+04 5.0465994e+00 
2.7838593e+04 4.9151859e+00 
2.7863605e+04 4.7446065e+00 
2.7888617e+04 4.5391364e+00 
2.7913630e+04 4.3069663e+00 
2.7938642e+04 4.0546556e+00 
2.7963654e+04 3.7881010e+00 
2.7988666e+04 3.5231564e+00 
2.8013679e+04 3.2592683e+00 
2.8038691e+04 3.0064566e+00 
2.8063703e+04 2.7757852e+00 
2.8088715e+04 2.5747211e+00 
2.8113727e+04 2.4087844e+00 
2.8138740e+04 2.2833383e+00 
2.8163752e+04 2.2014327e+00 
2.8188764e+04 2.1681442e+00 
2.8213776e+04 2.1857862e+00 
2.8238788e+04 2.2500305e+00 
2.8263801e+04 2.3610265e+00 
2.8288813e+04 2.5148919e+00 
2.8313825e+04 2.7044919e+00 
2.8338837e+04 2.9281669e+00 
2.8363850e+04 3.1758568e+00 
2.8388862e+04 3.4396493e+00 
2.8413874e+04 3.7080457e+00 
2.8438886e+04 3.9793851e+00 
2.8463898e+04 4.2357087e+00 
2.8488911e+04 4.4772816e+00 
2.8513923e+04 4.6916680e+00 
2.8538935e+04 4.8730664e+00 
2.8563947e+04 5.0164161e+00 
2.8588959e+04 5.1162958e+00 
2.8613972e+04 5.1671958e+00 
2.8638984e+04 5.1683350e+00 
2.8663996e+04 5.1227303e+00 
2.8689008e+04 5.0310173e+00 
2.8714021e+04 4.8924732e+00 
2.8739033e+04 4.7146573e+00 
2.8764045e+04 4.5019040e+00 
2.8789057e+04 4.2599225e+00 
2.8814069e+04 4.0032358e+00 
2.8839082e+04 3.7314937e+00 
2.8864094e+04 3.4586232e+00 
2.8889106e+04 3.1938503e+00 
2.8914118e+04 2.9429731e+00 
2.8939130e+04 2.7189493e+00 
2.8964143e+04 2.5259125e+00 
2.8989155e+04 2.3680367e+00 
2.9014167e+04 2.2546937e+00 
2.9039179e+04 2.1869671e+00 
2.9064191e+04 2.1682565e+00 
2.9089204e+04 2.2007365e+00 
2.9114216e+04 2.2818897e+00 
2.9139228e+04 2.4077411e+00 
2.9164240e+04 2.5736151e+00 
2.9189253e+04 2.7754371e+00 
2.9214265e+04 3.0084755e+00 
2.9239277e+04 3.2619035e+00 
2.9264289e+04 3.5288119e+00 
2.9289301e+04 3.7979679e+00 
2.9314314e+04 4.0672240e+00 
2.9339326e+04 4.3212724e+00 
2.9364338e+04 4.5557866e+00 
2.9389350e+04 4.7609520e+00 
2.9414362e+04 4.9300132e+00 
2.9439375e+04 5.0564933e+00 
2.9464387e+04 5.1387501e+00 
2.9489399e+04 5.1726785e+00 
2.9514411e+04 5.1579099e+00 
2.9539424e+04 5.0964575e+00 
2.9564436e+04 4.9866881e+00 
2.9589448e+04 4.8353624e+00 
2.9614460e+04 4.6444049e+00 
2.9639472e+04 4.4191322e+00 
2.9664485e+04 4.1705413e+00 
2.9689497e+04 3.9079161e+00 
2.9714509e+04 3.6398780e+00 
2.9739521e+04 3.3685265e+00 
2.9764533e+04 3.1083970e+00 
2.9789546e+04 2.8681538e+00 
2.9814558e+04 2.6524317e+00 
2.9839570e+04 2.4702127e+00 
2.9864582e+04 2.3268709e+00 
2.9889595e+04 2.2262800e+00 
2.9914607e+04 2.1759071e+00 
2.9939619e+04 2.1739662e+00 
2.9964631e+04 2.2211034e+00 
2.9989643e+04 2.3169625e+00 
3.0014656e+04 2.4572668e+00 
3.0039668e+04 2.6339641e+00 
3.0064680e+04 2.8505242e+00 
3.0089692e+04 3.0908549e+00 
3.0114704e+04 3.3510575e+00 
3.0139717e+04 3.6211669e+00 
3.0164729e+04 3.8907592e+00 
3.0189741e+04 4.1555591e+00 
3.0214753e+04 4.4025097e+00 
3.0239766e+04 4.6264024e+00 
3.0264778e+04 4.8226695e+00 
3.0289790e+04 4.9780154e+00 
3.0314802e+04 5.0893044e+00 
3.0339814e+04 5.1560440e+00 
3.0364827e+04 5.1733909e+00 
3.0389839e+04 5.1407642e+00 
3.0414851e+04 5.0625854e+00 
3.0439863e+04 4.9369154e+00 
3.0464875e+04 4.7714710e+00 
3.0489888e+04 4.5667028e+00 
3.0514900e+04 4.3319492e+00 
3.0539912e+04 4.0780330e+00 
3.0564924e+04 3.8091185e+00 
3.0589936e+04 3.5377512e+00 
3.0614949e+04 3.2708476e+00 
3.0639961e+04 3.0158076e+00 
3.0664973e+04 2.7811344e+00 
3.0689985e+04 2.5774844e+00 
3.0714998e+04 2.4118733e+00 
3.0740010e+04 2.2839990e+00 
3.0765022e+04 2.2025344e+00 
3.0790034e+04 2.1683514e+00 
3.0815046e+04 2.1855555e+00 
3.0840059e+04 2.2520120e+00 
3.0865071e+04 2.3653476e+00 
3.0890083e+04 2.5190330e+00 
3.0915095e+04 2.7109277e+00 
3.0940107e+04 2.9351268e+00 
3.0965120e+04 3.1826947e+00 
3.0990132e+04 3.4461293e+00 
3.1015144e+04 3.7188661e+00 
3.1040156e+04 3.9884214e+00 
3.1065169e+04 4.2473621e+00 
3.1090181e+04 4.4893126e+00 
3.1115193e+04 4.7047753e+00 
3.1140205e+04 4.8851838e+00 
3.1165217e+04 5.0246053e+00 
3.1190230e+04 5.1192498e+00 
3.1215242e+04 5.1680746e+00 
3.1240254e+04 5.1689153e+00 
3.1265266e+04 5.1195102e+00 
3.1290278e+04 5.0217223e+00 
3.1315291e+04 4.8802385e+00 
3.1340303e+04 4.6982160e+00 
3.1365315e+04 4.4837036e+00 
3.1390327e+04 4.2393417e+00 
3.1415340e+04 3.9778938e+00 
3.1440352e+04 3.7102203e+00 
3.1465364e+04 3.4391735e+00 
3.1490376e+04 3.1735697e+00 
3.1515388e+04 2.9244797e+00 
3.1540401e+04 2.6984916e+00 
3.1565413e+04 2.5090213e+00 
3.1590425e+04 2.3571754e+00 
3.1615437e+04 2.2462077e+00 
3.1640449e+04 2.1822755e+00 
3.1665462e+04 2.1698692e+00 
3.1690474e+04 2.2058709e+00 
3.1715486e+04 2.2897952e+00 
3.1740498e+04 2.4205964e+00 
3.1765511e+04 2.5906453e+00 
3.1790523e+04 2.7957919e+00 
3.1815535e+04 3.0305374e+00 
3.1840547e+04 3.2886112e+00 
3.1865559e+04 3.5584102e+00 
3.1890572e+04 3.8292990e+00 
3.1915584e+04 4.0989323e+00 
3.1940596e+04 4.3496470e+00 
3.1965608e+04 4.5817924e+00 
3.1990620e+04 4.7844110e+00 
3.2015633e+04 4.9477453e+00 
3.2040645e+04 5.0697155e+00 
3.2065657e+04 5.1464787e+00 
3.2090669e+04 5.1735787e+00 
3.2115681e+04 5.1503410e+00 
3.2140694e+04 5.0803947e+00 
3.2165706e+04 4.9620934e+00 
3.2190718e+04 4.8029156e+00 
3.2215730e+04 4.6030440e+00 
3.2240743e+04 4.3734469e+00 
3.2265755e+04 4.1195107e+00 
3.2290767e+04 3.8502414e+00 
3.2315779e+04 3.5794349e+00 
3.2340791e+04 3.3094251e+00 
3.2365804e+04 3.0479746e+00 
3.2390816e+04 2.8108702e+00 
3.2415828e+04 2.6008532e+00 
3.2440840e+04 2.4288065e+00 
3.2465852e+04 2.2958086e+00 
3.2490865e+04 2.2096097e+00 
3.2515877e+04 2.1702602e+00 
3.2540889e+04 2.1809340e+00 
3.2565901e+04 2.2406099e+00 
3.2590914e+04 2.3481967e+00 
3.2615926e+04 2.4975841e+00 
3.2640938e+04 2.6864212e+00 
3.2665950e+04 2.9088030e+00 
3.2690962e+04 3.1555057e+00 
3.2715975e+04 3.4200618e+00 
3.2740987e+04 3.6913636e+00 
3.2765999e+04 3.9629772e+00 
3.2791011e+04 4.2248755e+00 
3.2816023e+04 4.4707131e+00 
3.2841036e+04 4.6890435e+00 
3.2866048e+04 4.8733349e+00 
3.2891060e+04 5.0166888e+00 
3.2916072e+04 5.1143966e+00 
3.2941085e+04 5.1660662e+00 
3.2966097e+04 5.1680179e+00 
3.2991109e+04 5.1214495e+00 
3.3016121e+04 5.0266690e+00 
3.3041133e+04 4.8858318e+00 
3.3066146e+04 4.7056999e+00 
3.3091158e+04 4.4912968e+00 
3.3116170e+04 4.2469449e+00 
3.3141182e+04 3.9886026e+00 
3.3166194e+04 3.7171495e+00 
3.3191207e+04 3.4440277e+00 
3.3216219e+04 3.1796303e+00 
3.3241231e+04 2.9291210e+00 
3.3266243e+04 2.7046018e+00 
3.3291255e+04 2.5142674e+00 
3.3316268e+04 2.3602915e+00 
3.3341280e+04 2.2494488e+00 
3.3366292e+04 2.1845860e+00 
3.3391304e+04 2.1697605e+00 
3.3416317e+04 2.2044592e+00 
3.3441329e+04 2.2872617e+00 
3.3466341e+04 2.4166343e+00 
3.3491353e+04 2.5847032e+00 
3.3516365e+04 2.7901521e+00 
3.3541378e+04 3.0265863e+00 
3.3566390e+04 3.2817531e+00 
3.3591402e+04 3.5514083e+00 
3.3616414e+04 3.8218582e+00 
3.3641426e+04 4.0918865e+00 
3.3666439e+04 4.3445339e+00 
3.3691451e+04 4.5762086e+00 
3.3716463e+04 4.7787948e+00 
3.3741475e+04 4.9436021e+00 
3.3766488e+04 5.0665603e+00 
3.3791500e+04 5.1434164e+00 
3.3816512e+04 5.1720157e+00 
3.3841524e+04 5.1530390e+00 
3.3866536e+04 5.0871801e+00 
3.3891549e+04 4.9706597e+00 
3.3916561e+04 4.8134675e+00 
3.3941573e+04 4.6168509e+00 
3.3966585e+04 4.3890929e+00 
3.3991597e+04 4.1393647e+00 
3.4016610e+04 3.8743281e+00 
3.4041622e+04 3.6042590e+00 
3.4066634e+04 3.3369546e+00 
3.4091646e+04 3.0777259e+00 
3.4116659e+04 2.8388867e+00 
3.4141671e+04 2.6260426e+00 
3.4166683e+04 2.4487133e+00 
3.4191695e+04 2.3106298e+00 
3.4216707e+04 2.2175317e+00 
3.4241720e+04 2.1724756e+00 
3.4266732e+04 2.1771407e+00 
3.4291744e+04 2.2323115e+00 
3.4316756e+04 2.3340621e+00 
3.4341768e+04 2.4804635e+00 
3.4366781e+04 2.6625679e+00 
3.4391793e+04 2.8841219e+00 
3.4416805e+04 3.1314225e+00 
3.4441817e+04 3.3947234e+00 
3.4466830e+04 3.6662259e+00 
3.4491842e+04 3.9379885e+00 
3.4516854e+04 4.2014928e+00 
3.4541866e+04 4.4478884e+00 
3.4566878e+04 4.6673217e+00 
3.4591891e+04 4.8545451e+00 
3.4616903e+04 5.0021334e+00 
3.4641915e+04 5.1055889e+00 
3.4666927e+04 5.1614051e+00 
3.4691939e+04 5.1685667e+00 
3.4716952e+04 5.1280613e+00 
3.4741964e+04 5.0365586e+00 
3.4766976e+04 4.9027991e+00 
3.4791988e+04 4.7260184e+00 
3.4817000e+04 4.5117016e+00 
3.4842013e+04 4.2719088e+00 
3.4867025e+04 4.0138855e+00 
3.4892037e+04 3.7436299e+00 
3.4917049e+04 3.4716508e+00 
3.4942062e+04 3.2042575e+00 
3.4967074e+04 2.9521127e+00 
3.4992086e+04 2.7238984e+00 
3.5017098e+04 2.5291247e+00 
3.5042110e+04 2.3730574e+00 
3.5067123e+04 2.2583196e+00 
3.5092135e+04 2.1885982e+00 
3.5117147e+04 2.1702995e+00 
3.5142159e+04 2.1994286e+00 
3.5167171e+04 2.2786582e+00 
3.5192184e+04 2.4040678e+00 
3.5217196e+04 2.5724175e+00 
3.5242208e+04 2.7758055e+00 
3.5267220e+04 3.0080018e+00 
3.5292233e+04 3.2639914e+00 
3.5317245e+04 3.5336764e+00 
3.5342257e+04 3.8074989e+00 
3.5367269e+04 4.0748134e+00 
3.5392281e+04 4.3288870e+00 
3.5417294e+04 4.5625286e+00 
3.5442306e+04 4.7653651e+00 
3.5467318e+04 4.9346561e+00 
3.5492330e+04 5.0594845e+00 
3.5517342e+04 5.1406965e+00 
3.5542355e+04 5.1736641e+00 
3.5567367e+04 5.1546602e+00 
3.5592379e+04 5.0884447e+00 
3.5617391e+04 4.9741492e+00 
3.5642404e+04 4.8177595e+00 
3.5667416e+04 4.6231995e+00 
3.5692428e+04 4.3962173e+00 
3.5717440e+04 4.1433482e+00 
3.5742452e+04 3.8750758e+00 
3.5767465e+04 3.6032534e+00 
3.5792477e+04 3.3312960e+00 
3.5817489e+04 3.0688012e+00 
3.5842501e+04 2.8297744e+00 
3.5867513e+04 2.6187470e+00 
3.5892526e+04 2.4422488e+00 
3.5917538e+04 2.3045108e+00 
3.5942550e+04 2.2138314e+00 
3.5967562e+04 2.1724112e+00 
3.5992574e+04 2.1791987e+00 
3.6017587e+04 2.2372484e+00 
3.6042599e+04 2.3407235e+00 
3.6067611e+04 2.4917126e+00 
3.6092623e+04 2.6799474e+00 
3.6117636e+04 2.9005575e+00 
3.6142648e+04 3.1490972e+00 
3.6167660e+04 3.4144282e+00 
3.6192672e+04 3.6859093e+00 
3.6217684e+04 3.9596624e+00 
3.6242697e+04 4.2208896e+00 
3.6267709e+04 4.4665728e+00 
3.6292721e+04 4.6881347e+00 
3.6317733e+04 4.8718925e+00 
3.6342745e+04 5.0145440e+00 
3.6367758e+04 5.1133895e+00 
3.6392770e+04 5.1661258e+00 
3.6417782e+04 5.1670413e+00 
3.6442794e+04 5.1184068e+00 
3.6467807e+04 5.0237722e+00 
3.6492819e+04 4.8837934e+00 
3.6517831e+04 4.7026501e+00 
3.6542843e+04 4.4856992e+00 
3.6567855e+04 4.2426457e+00 
3.6592868e+04 3.9830923e+00 
3.6617880e+04 3.7105427e+00 
3.6642892e+04 3.4394898e+00 
3.6667904e+04 3.1766629e+00 
3.6692916e+04 2.9278815e+00 
3.6717929e+04 2.7003901e+00 
3.6742941e+04 2.5064569e+00 
3.6767953e+04 2.3536258e+00 
3.6792965e+04 2.2444093e+00 
3.6817978e+04 2.1811368e+00 
3.6842990e+04 2.1701286e+00 
3.6868002e+04 2.2090290e+00 
3.6893014e+04 2.2946458e+00 
3.6918026e+04 2.4284084e+00 
3.6943039e+04 2.5985329e+00 
3.6968051e+04 2.8086791e+00 
3.6993063e+04 3.0439439e+00 
3.7018075e+04 3.3038278e+00 
3.7043087e+04 3.5745542e+00 
3.7068100e+04 3.8470321e+00 
3.7093112e+04 4.1149020e+00 
3.7118124e+04 4.3677549e+00 
3.7143136e+04 4.5981426e+00 
3.7168149e+04 4.7961798e+00 
3.7193161e+04 4.9574981e+00 
3.7218173e+04 5.0761342e+00 
3.7243185e+04 5.1495576e+00 
3.7268197e+04 5.1723242e+00 
3.7293210e+04 5.1468701e+00 
3.7318222e+04 5.0726810e+00 
3.7343234e+04 4.9517860e+00 
3.7368246e+04 4.7881188e+00 
3.7393258e+04 4.5851011e+00 
3.7418271e+04 4.3506188e+00 
3.7443283e+04 4.0960236e+00 
3.7468295e+04 3.8260503e+00 
3.7493307e+04 3.5519798e+00 
3.7518319e+04 3.2849383e+00 
3.7543332e+04 3.0289345e+00 
3.7568344e+04 2.7927465e+00 
3.7593356e+04 2.5874884e+00 
3.7618368e+04 2.4185441e+00 
3.7643381e+04 2.2872794e+00 
3.7668393e+04 2.2019541e+00 
3.7693405e+04 2.1688995e+00 
3.7718417e+04 2.1859295e+00 
3.7743429e+04 2.2500548e+00 
3.7768442e+04 2.3646400e+00 
3.7793454e+04 2.5204692e+00 
3.7818466e+04 2.7117105e+00 
3.7843478e+04 2.9380808e+00 
3.7868490e+04 3.1881709e+00 
3.7893503e+04 3.4578495e+00 
3.7918515e+04 3.7307959e+00 
3.7943527e+04 4.0021124e+00 
3.7968539e+04 4.2635226e+00 
3.7993552e+04 4.5063434e+00 
3.8018564e+04 4.7224102e+00 
3.8043576e+04 4.9010072e+00 
3.8068588e+04 5.0360456e+00 
3.8093600e+04 5.1270447e+00 
3.8118613e+04 5.1694255e+00 
3.8143625e+04 5.1630888e+00 
3.8168637e+04 5.1063757e+00 
3.8193649e+04 5.0020723e+00 
3.8218661e+04 4.8541403e+00 
3.8243674e+04 4.6628666e+00 
3.8268686e+04 4.4398818e+00 
3.8293698e+04 4.1943030e+00 
3.8318710e+04 3.9284198e+00 
3.8343723e+04 3.6558228e+00 
3.8368735e+04 3.3820641e+00 
3.8393747e+04 3.1163077e+00 
3.8418759e+04 2.8724279e+00 
3.8443771e+04 2.6566136e+00 
3.8468784e+04 2.4717169e+00 
3.8493796e+04 2.3264945e+00 
3.8518808e+04 2.2277136e+00 
3.8543820e+04 2.1741173e+00 
3.8568832e+04 2.1744108e+00 
3.8593845e+04 2.2240999e+00 
3.8618857e+04 2.3193889e+00 
3.8643869e+04 2.4608288e+00 
3.8668881e+04 2.6417971e+00 
3.8693894e+04 2.8570645e+00 
3.8718906e+04 3.0979011e+00 
3.8743918e+04 3.3625004e+00 
3.8768930e+04 3.6360700e+00 
3.8793942e+04 3.9093649e+00 
3.8818955e+04 4.1736217e+00 
3.8843967e+04 4.4229522e+00 
3.8868979e+04 4.6472902e+00 
3.8893991e+04 4.8383164e+00 
3.8919003e+04 4.9914927e+00 
3.8944016e+04 5.0990086e+00 
3.8969028e+04 5.1587834e+00 
3.8994040e+04 5.1696734e+00 
3.9019052e+04 5.1319013e+00 
3.9044064e+04 5.0454407e+00 
3.9069077e+04 4.9111123e+00 
3.9094089e+04 4.7354398e+00 
3.9119101e+04 4.5242891e+00 
3.9144113e+04 4.2872744e+00 
3.9169126e+04 4.0290875e+00 
3.9194138e+04 3.7570341e+00 
3.9219150e+04 3.4860089e+00 
3.9244162e+04 3.2160690e+00 
3.9269174e+04 2.9607964e+00 
3.9294187e+04 2.7340279e+00 
3.9319199e+04 2.5376761e+00 
3.9344211e+04 2.3770118e+00 
3.9369223e+04 2.2593865e+00 
3.9394235e+04 2.1905386e+00 
3.9419248e+04 2.1694179e+00 
3.9444260e+04 2.1988637e+00 
3.9469272e+04 2.2777410e+00 
3.9494284e+04 2.4018340e+00 
3.9519297e+04 2.5695190e+00 
3.9544309e+04 2.7717001e+00 
3.9569321e+04 3.0066333e+00 
3.9594333e+04 3.2630489e+00 
3.9619345e+04 3.5329883e+00 
3.9644358e+04 3.8084784e+00 
3.9669370e+04 4.0775304e+00 
3.9694382e+04 4.3333836e+00 
3.9719394e+04 4.5705590e+00 
3.9744406e+04 4.7758451e+00 
3.9769419e+04 4.9440465e+00 
3.9794431e+04 5.0681014e+00 
3.9819443e+04 5.1443868e+00 
3.9844455e+04 5.1721568e+00 
3.9869468e+04 5.1500397e+00 
3.9894480e+04 5.0782533e+00 
3.9919492e+04 4.9610529e+00 
3.9944504e+04 4.7990251e+00 
3.9969516e+04 4.5974417e+00 
3.9994529e+04 4.3644218e+00 
4.0019541e+04 4.1124077e+00 
4.0044553e+04 3.8424265e+00 
4.0069565e+04 3.5683310e+00 
4.0094577e+04 3.2989326e+00 
4.0119590e+04 3.0390172e+00 
4.0144602e+04 2.8028316e+00 
4.0169614e+04 2.5931809e+00 
4.0194626e+04 2.4209774e+00 
4.0219638e+04 2.2895861e+00 
4.0244651e+04 2.2046440e+00 
4.0269663e+04 2.1700413e+00 
4.0294675e+04 2.1846604e+00 
4.0319687e+04 2.2523713e+00 
4.0344700e+04 2.3664727e+00 
4.0369712e+04 2.5227695e+00 
4.0394724e+04 2.7170136e+00 
4.0419736e+04 2.9459932e+00 
4.0444748e+04 3.2018414e+00 
4.0469761e+04 3.4720058e+00 
4.0494773e+04 3.7458336e+00 
4.0519785e+04 4.0191870e+00 
4.0544797e+04 4.2772303e+00 
4.0569809e+04 4.5203443e+00 
4.0594822e+04 4.7330561e+00 
4.0619834e+04 4.9089594e+00 
4.0644846e+04 5.0438004e+00 
4.0669858e+04 5.1300864e+00 
4.0694871e+04 5.1705317e+00 
4.0719883e+04 5.1591253e+00 
4.0744895e+04 5.0981045e+00 
4.0769907e+04 4.9882321e+00 
4.0794919e+04 4.8342862e+00 
4.0819932e+04 4.6390638e+00 
4.0844944e+04 4.4136953e+00 
4.0869956e+04 4.1620083e+00 
4.0894968e+04 3.8941698e+00 
4.0919980e+04 3.6208544e+00 
4.0944993e+04 3.3481576e+00 
4.0970005e+04 3.0838177e+00 
4.0995017e+04 2.8444674e+00 
4.1020029e+04 2.6276169e+00 
4.1045042e+04 2.4469855e+00 
4.1070054e+04 2.3084810e+00 
4.1095066e+04 2.2156072e+00 
4.1120078e+04 2.1714132e+00 
4.1145090e+04 2.1797259e+00 
4.1170103e+04 2.2366302e+00 
4.1195115e+04 2.3445523e+00 
4.1220127e+04 2.4958897e+00 
4.1245139e+04 2.6845679e+00 
4.1270151e+04 2.9095125e+00 
4.1295164e+04 3.1598694e+00 
4.1320176e+04 3.4260993e+00 
4.1345188e+04 3.6998096e+00 
4.1370200e+04 3.9754324e+00 
4.1395213e+04 4.2384486e+00 
4.1420225e+04 4.4835072e+00 
4.1445237e+04 4.7020783e+00 
4.1470249e+04 4.8853631e+00 
4.1495261e+04 5.0266228e+00 
4.1520274e+04 5.1211052e+00 
4.1545286e+04 5.1669288e+00 
4.1570298e+04 5.1633325e+00 
4.1595310e+04 5.1094465e+00 
4.1620322e+04 5.0085931e+00 
4.1645335e+04 4.8624592e+00 
4.1670347e+04 4.6747832e+00 
4.1695359e+04 4.4498034e+00 
4.1720371e+04 4.2032032e+00 
4.1745383e+04 3.9374087e+00 
4.1770396e+04 3.6612389e+00 
4.1795408e+04 3.3853335e+00 
4.1820420e+04 3.1226368e+00 
4.1845432e+04 2.8762999e+00 
4.1870445e+04 2.6551750e+00 
4.1895457e+04 2.4717748e+00 
4.1920469e+04 2.3249943e+00 
4.1945481e+04 2.2251081e+00 
4.1970493e+04 2.1782241e+00 
4.1995506e+04 2.1678181e+00 
4.2020518e+04 2.1835787e+00 
4.2045530e+04 2.2123411e+00 
4.2070542e+04 2.2466881e+00 
4.2095554e+04 2.2817602e+00 
4.2120567e+04 2.3129880e+00 
4.2145579e+04 2.3395095e+00 
4.2170591e+04 2.3552411e+00 
4.2195603e+04 2.3640914e+00 
4.2220616e+04 2.3660166e+00 
4.2245628e+04 2.3574598e+00 
4.2270640e+04 2.3414721e+00 
4.2295652e+04 2.3211205e+00 
4.2320664e+04 2.2945919e+00 
4.2345677e+04 2.2664223e+00 
4.2370689e+04 2.2371168e+00 
4.2395701e+04 2.2110789e+00 
4.2420713e+04 2.1887434e+00 
4.2445725e+04 2.1726813e+00 
4.2470738e+04 2.1669147e+00 
4.2495750e+04 2.1709170e+00 
4.2520762e+04 2.1902995e+00 
4.2545774e+04 2.2241960e+00 
4.2570787e+04 2.2762337e+00 
4.2595799e+04 2.3485527e+00 
4.2620811e+04 2.4395971e+00 
4.2645823e+04 2.5484509e+00 
4.2670835e+04 2.6792436e+00 
4.2695848e+04 2.8305702e+00 
4.2720860e+04 2.9955075e+00 
4.2745872e+04 3.1776893e+00 
4.2770884e+04 3.3743639e+00 
4.2795896e+04 3.5773957e+00 
4.2820909e+04 3.7874448e+00 
4.2845921e+04 3.9979014e+00 
4.2870933e+04 4.2039027e+00 
4.2895945e+04 4.4036798e+00 
4.2920957e+04 4.5905747e+00 
4.2945970e+04 4.7605786e+00 
4.2970982e+04 4.9061298e+00 
4.2995994e+04 5.0225224e+00 
4.3021006e+04 5.1067724e+00 
4.3046019e+04 5.1593547e+00 
4.3071031e+04 5.1733255e+00 
4.3096043e+04 5.1499324e+00 
4.3121055e+04 5.0903759e+00 
4.3146067e+04 4.9921637e+00 
4.3171080e+04 4.8593698e+00 
4.3196092e+04 4.6940470e+00 
4.3221104e+04 4.4992223e+00 
4.3246116e+04 4.2801266e+00 
4.3271128e+04 4.0453167e+00 
4.3296141e+04 3.7951260e+00 
4.3321153e+04 3.5448985e+00 
4.3346165e+04 3.2948151e+00 
4.3371177e+04 3.0526097e+00 
4.3396190e+04 2.8322728e+00 
4.3421202e+04 2.6321881e+00 
4.3446214e+04 2.4626114e+00 
4.3471226e+04 2.3275242e+00 
4.3496238e+04 2.2307415e+00 
4.3521251e+04 2.1796014e+00 
4.3546263e+04 2.1716967e+00 
4.3571275e+04 2.2081792e+00 
4.3596287e+04 2.2913580e+00 
4.3621299e+04 2.4161656e+00 
4.3646312e+04 2.5763962e+00 
4.3671324e+04 2.7727757e+00 
4.3696336e+04 2.9958923e+00 
4.3721348e+04 3.2419491e+00 
4.3746361e+04 3.5023363e+00 
4.3771373e+04 3.7643080e+00 
4.3796385e+04 4.0258384e+00 
4.3821397e+04 4.2747211e+00 
4.3846409e+04 4.5070653e+00 
4.3871422e+04 4.7153287e+00 
4.3896434e+04 4.8897190e+00 
4.3921446e+04 5.0247006e+00 
4.3946458e+04 5.1186452e+00 
4.3971470e+04 5.1667776e+00 
4.3996483e+04 5.1654935e+00 
4.4021495e+04 5.1188073e+00 
4.4046507e+04 5.0282083e+00 
4.4071519e+04 4.8920712e+00 
4.4096532e+04 4.7177124e+00 
4.4121544e+04 4.5076380e+00 
4.4146556e+04 4.2731233e+00 
4.4171568e+04 4.0227942e+00 
4.4196580e+04 3.7555518e+00 
4.4221593e+04 3.4885316e+00 
4.4246605e+04 3.2281535e+00 
4.4271617e+04 2.9768884e+00 
4.4296629e+04 2.7506852e+00 
4.4321641e+04 2.5550623e+00 
4.4346654e+04 2.3927832e+00 
4.4371666e+04 2.2727790e+00 
4.4396678e+04 2.1956015e+00 
4.4421690e+04 2.1690564e+00 
4.4446702e+04 2.1905048e+00 
4.4471715e+04 2.2567856e+00 
4.4496727e+04 2.3705137e+00 
4.4521739e+04 2.5269589e+00 
4.4546751e+04 2.7195082e+00 
4.4571764e+04 2.9419982e+00 
4.4596776e+04 3.1900756e+00 
4.4621788e+04 3.4542902e+00 
4.4646800e+04 3.7236495e+00 
4.4671812e+04 3.9927833e+00 
4.4696825e+04 4.2468672e+00 
4.4721837e+04 4.4876952e+00 
4.4746849e+04 4.7020483e+00 
4.4771861e+04 4.8820510e+00 
4.4796873e+04 5.0205255e+00 
4.4821886e+04 5.1169701e+00 
4.4846898e+04 5.1670761e+00 
4.4871910e+04 5.1667633e+00 
4.4896922e+04 5.1190567e+00 
4.4921935e+04 5.0237274e+00 
4.4946947e+04 4.8833461e+00 
4.4971959e+04 4.7041612e+00 
4.4996971e+04 4.4911280e+00 
4.5021983e+04 4.2501640e+00 
4.5046996e+04 3.9946914e+00 
4.5072008e+04 3.7251382e+00 
4.5097020e+04 3.4552820e+00 
4.5122032e+04 3.1898060e+00 
4.5147044e+04 2.9394829e+00 
4.5172057e+04 2.7148249e+00 
4.5197069e+04 2.5221055e+00 
4.5222081e+04 2.3662627e+00 
4.5247093e+04 2.2543914e+00 
4.5272106e+04 2.1879547e+00 
4.5297118e+04 2.1694467e+00 
4.5322130e+04 2.1980801e+00 
4.5347142e+04 2.2770512e+00 
4.5372154e+04 2.4001827e+00 
4.5397167e+04 2.5636570e+00 
4.5422179e+04 2.7645330e+00 
4.5447191e+04 2.9948974e+00 
4.5472203e+04 3.2482553e+00 
4.5497215e+04 3.5165334e+00 
4.5522228e+04 3.7874329e+00 
4.5547240e+04 4.0565443e+00 
4.5572252e+04 4.3106537e+00 
4.5597264e+04 4.5484009e+00 
4.5622277e+04 4.7548628e+00 
4.5647289e+04 4.9247184e+00 
4.5672301e+04 5.0532408e+00 
4.5697313e+04 5.1367159e+00 
4.5722325e+04 5.1726546e+00 
4.5747338e+04 5.1575193e+00 
4.5772350e+04 5.0931931e+00 
4.5797362e+04 4.9850860e+00 
4.5822374e+04 4.8323216e+00 
4.5847386e+04 4.6383266e+00 
4.5872399e+04 4.4163818e+00 
4.5897411e+04 4.1697168e+00 
4.5922423e+04 3.9076829e+00 
4.5947435e+04 3.6374221e+00 
4.5972447e+04 3.3661666e+00 
4.5997460e+04 3.1044483e+00 
4.6022472e+04 2.8629084e+00 
4.6047484e+04 2.6458757e+00 
4.6072496e+04 2.4664719e+00 
4.6097509e+04 2.3246903e+00 
4.6122521e+04 2.2255793e+00 
4.6147533e+04 2.1753912e+00 
4.6172545e+04 2.1741850e+00 
4.6197557e+04 2.2221313e+00 
4.6222570e+04 2.3196356e+00 
4.6247582e+04 2.4594247e+00 
4.6272594e+04 2.6392541e+00 
4.6297606e+04 2.8569813e+00 
4.6322618e+04 3.0956564e+00 
4.6347631e+04 3.3554924e+00 
4.6372643e+04 3.6253338e+00 
4.6397655e+04 3.8976736e+00 
4.6422667e+04 4.1618409e+00 
4.6447680e+04 4.4088192e+00 
4.6472692e+04 4.6324749e+00 
4.6497704e+04 4.8257747e+00 
4.6522716e+04 4.9798727e+00 
4.6547728e+04 5.0907636e+00 
4.6572741e+04 5.1563115e+00 
4.6597753e+04 5.1733522e+00 
4.6622765e+04 5.1390147e+00 
4.6647777e+04 5.0581293e+00 
4.6672789e+04 4.9315467e+00 
4.6697802e+04 4.7640371e+00 
4.6722814e+04 4.5623240e+00 
4.6747826e+04 4.3281837e+00 
4.6772838e+04 4.0741568e+00 
4.6797851e+04 3.8056571e+00 
4.6822863e+04 3.5367992e+00 
4.6847875e+04 3.2705166e+00 
4.6872887e+04 3.0146737e+00 
4.6897899e+04 2.7827461e+00 
4.6922912e+04 2.5776978e+00 
4.6947924e+04 2.4099205e+00 
4.6972936e+04 2.2834704e+00 
4.6997948e+04 2.2019849e+00 
4.7022960e+04 2.1688268e+00 
4.7047973e+04 2.1845305e+00 
4.7072985e+04 2.2500396e+00 
4.7097997e+04 2.3626218e+00 
4.7123009e+04 2.5154080e+00 
4.7148021e+04 2.7069392e+00 
4.7173034e+04 2.9310145e+00 
4.7198046e+04 3.1802657e+00 
4.7223058e+04 3.4471257e+00 
4.7248070e+04 3.7155685e+00 
4.7273083e+04 3.9874494e+00 
4.7298095e+04 4.2475762e+00 
4.7323107e+04 4.4881763e+00 
4.7348119e+04 4.7045531e+00 
4.7373131e+04 4.8845367e+00 
4.7398144e+04 5.0241799e+00 
4.7423156e+04 5.1191325e+00 
4.7448168e+04 5.1677122e+00 
4.7473180e+04 5.1664906e+00 
4.7498192e+04 5.1176605e+00 
4.7523205e+04 5.0210800e+00 
4.7548217e+04 4.8792915e+00 
4.7573229e+04 4.6971273e+00 
4.7598241e+04 4.4795976e+00 
4.7623254e+04 4.2363772e+00 
4.7648266e+04 3.9754634e+00 
4.7673278e+04 3.7024164e+00 
4.7698290e+04 3.4314785e+00 
4.7723302e+04 3.1645336e+00 
4.7748315e+04 2.9166701e+00 
4.7773327e+04 2.6960371e+00 
4.7798339e+04 2.5052755e+00 
4.7823351e+04 2.3520439e+00 
4.7848363e+04 2.2439017e+00 
4.7873376e+04 2.1822057e+00 
4.7898388e+04 2.1697538e+00 
4.7923400e+04 2.2073267e+00 
4.7948412e+04 2.2927577e+00 
4.7973425e+04 2.4221833e+00 
4.7998437e+04 2.5949583e+00 
4.8023449e+04 2.8031909e+00 
4.8048461e+04 3.0372219e+00 
4.8073473e+04 3.2970047e+00 
4.8098486e+04 3.5666208e+00 
4.8123498e+04 3.8359330e+00 
4.8148510e+04 4.1036749e+00 
4.8173522e+04 4.3564606e+00 
4.8198534e+04 4.5879183e+00 
4.8223547e+04 4.7883987e+00 
4.8248559e+04 4.9505057e+00 
4.8273571e+04 5.0705047e+00 
4.8298583e+04 5.1447840e+00 
4.8323596e+04 5.1726074e+00 
4.8348608e+04 5.1504278e+00 
4.8373620e+04 5.0781946e+00 
4.8398632e+04 4.9601250e+00 
4.8423644e+04 4.8000412e+00 
4.8448657e+04 4.6016998e+00 
4.8473669e+04 4.3715014e+00 
4.8498681e+04 4.1176543e+00 
4.8523693e+04 3.8486342e+00 
4.8548705e+04 3.5761471e+00 
4.8573718e+04 3.3077836e+00 
4.8598730e+04 3.0509174e+00 
4.8623742e+04 2.8123386e+00 
4.8648754e+04 2.6053967e+00 
4.8673766e+04 2.4318962e+00 
4.8698779e+04 2.2999580e+00 
4.8723791e+04 2.2110782e+00 
4.8748803e+04 2.1717505e+00 
4.8773815e+04 2.1814094e+00 
4.8798828e+04 2.2382720e+00 
4.8823840e+04 2.3436258e+00 
4.8848852e+04 2.4930763e+00 
4.8873864e+04 2.6784723e+00 
4.8898876e+04 2.9003932e+00 
4.8923889e+04 3.1477153e+00 
4.8948901e+04 3.4121380e+00 
4.8973913e+04 3.6823437e+00 
4.8998925e+04 3.9537785e+00 
4.9023937e+04 4.2155871e+00 
4.9048950e+04 4.4607768e+00 
4.9073962e+04 4.6793618e+00 
4.9098974e+04 4.8630538e+00 
4.9123986e+04 5.0097933e+00 
4.9148999e+04 5.1110902e+00 
4.9174011e+04 5.1636300e+00 
4.9199023e+04 5.1691322e+00 
4.9224035e+04 5.1263995e+00 
4.9249047e+04 5.0336714e+00 
4.9274060e+04 4.8955812e+00 
4.9299072e+04 4.7201157e+00 
4.9324084e+04 4.5080519e+00 
4.9349096e+04 4.2691193e+00 
4.9374108e+04 4.0145888e+00 
4.9399121e+04 3.7438452e+00 
4.9424133e+04 3.4738162e+00 
4.9449145e+04 3.2081964e+00 
4.9474157e+04 2.9586191e+00 
4.9499170e+04 2.7300112e+00 
4.9524182e+04 2.5354898e+00 
4.9549194e+04 2.3787212e+00 
4.9574206e+04 2.2609813e+00 
4.9599218e+04 2.1918116e+00 
4.9624231e+04 2.1676052e+00 
4.9649243e+04 2.1965907e+00 
4.9674255e+04 2.2749221e+00 
4.9699267e+04 2.3983822e+00 
4.9724279e+04 2.5631652e+00 
4.9749292e+04 2.7661645e+00 
4.9774304e+04 2.9980223e+00 
4.9799316e+04 3.2534792e+00 
4.9824328e+04 3.5224674e+00 
4.9849340e+04 3.7947571e+00 
4.9874353e+04 4.0651388e+00 
4.9899365e+04 4.3196073e+00 
4.9924377e+04 4.5554991e+00 
4.9949389e+04 4.7597809e+00 
4.9974402e+04 4.9318175e+00 
4.9999414e+04 5.0588646e+00 
5.0024426e+04 5.1400304e+00 
5.0049438e+04 5.1729512e+00 
5.0074450e+04 5.1566272e+00 
5.0099463e+04 5.0905123e+00 
5.0124475e+04 4.9791608e+00 
5.0149487e+04 4.8233891e+00 
5.0174499e+04 4.6298041e+00 
5.0199511e+04 4.4030900e+00 
5.0224524e+04 4.1536593e+00 
5.0249536e+04 3.8882577e+00 
5.0274548e+04 3.6166632e+00 
5.0299560e+04 3.3451250e+00 
5.0324573e+04 3.0848072e+00 
5.0349585e+04 2.8441181e+00 
5.0374597e+04 2.6315851e+00 
5.0399609e+04 2.4534690e+00 
5.0424621e+04 2.3143284e+00 
5.0449634e+04 2.2194521e+00 
5.0474646e+04 2.1731193e+00 
5.0499658e+04 2.1757746e+00 
5.0524670e+04 2.2295465e+00 
5.0549682e+04 2.3297520e+00 
5.0574695e+04 2.4727688e+00 
5.0599707e+04 2.6576703e+00 
5.0624719e+04 2.8759475e+00 
5.0649731e+04 3.1198356e+00 
5.0674744e+04 3.3803744e+00 
5.0699756e+04 3.6506579e+00 
5.0724768e+04 3.9212959e+00 
5.0749780e+04 4.1839933e+00 
5.0774792e+04 4.4322624e+00 
5.0799805e+04 4.6552858e+00 
5.0824817e+04 4.8454018e+00 
5.0849829e+04 4.9947186e+00 
5.0874841e+04 5.1012321e+00 
5.0899853e+04 5.1592917e+00 
5.0924866e+04 5.1704917e+00 
5.0949878e+04 5.1325026e+00 
5.0974890e+04 5.0466352e+00 
5.0999902e+04 4.9151635e+00 
5.1024915e+04 4.7428298e+00 
5.1049927e+04 4.5346870e+00 
5.1074939e+04 4.2969398e+00 
5.1099951e+04 4.0375552e+00 
5.1124963e+04 3.7662034e+00 
5.1149976e+04 3.4945703e+00 
5.1174988e+04 3.2252674e+00 
5.1200000e+04 2.9718785e+00 
