0.0000000e+00 2.2428086e+00 
2.5012213e+01 2.1879244e+00 
5.0024426e+01 2.1702785e+00 
7.5036639e+01 2.1773853e+00 
1.0004885e+02 2.1968474e+00 
1.2506106e+02 2.2283213e+00 
1.5007328e+02 2.2589383e+00 
1.7508549e+02 2.2864051e+00 
2.0009770e+02 2.3067203e+00 
2.2510992e+02 2.3225944e+00 
2.5012213e+02 2.3293827e+00 
2.7513434e+02 2.3283310e+00 
3.0014656e+02 2.3198886e+00 
3.2515877e+02 2.3060248e+00 
3.5017098e+02 2.2849288e+00 
3.7518319e+02 2.2615910e+00 
4.0019541e+02 2.2362134e+00 
4.2520762e+02 2.2123222e+00 
4.5021983e+02 2.1907012e+00 
4.7523205e+02 2.1767750e+00 
5.0024426e+02 2.1683478e+00 
5.2525647e+02 2.1703131e+00 
5.5026869e+02 2.1851928e+00 
5.7528090e+02 2.2120447e+00 
6.0029311e+02 2.2564611e+00 
6.2530532e+02 2.3213670e+00 
6.5031754e+02 2.4033101e+00 
6.7532975e+02 2.5050960e+00 
7.0034196e+02 2.6253552e+00 
7.2535418e+02 2.7680449e+00 
7.5036639e+02 2.9243147e+00 
7.7537860e+02 3.1016500e+00 
8.0039082e+02 3.2908015e+00 
8.2540303e+02 3.4890559e+00 
8.5041524e+02 3.6950891e+00 
8.7542745e+02 3.9033716e+00 
9.0043967e+02 4.1141672e+00 
9.2545188e+02 4.3159504e+00 
9.5046409e+02 4.5100746e+00 
9.7547631e+02 4.6891465e+00 
1.0004885e+03 4.8446403e+00 
1.0255007e+03 4.9762211e+00 
1.0505129e+03 5.0798650e+00 
1.0755252e+03 5.1467371e+00 
1.1005374e+03 5.1795874e+00 
1.1255496e+03 5.1772346e+00 
1.1505618e+03 5.1362119e+00 
1.1755740e+03 5.0558834e+00 
1.2005862e+03 4.9395413e+00 
1.2255984e+03 4.7902012e+00 
1.2506106e+03 4.6100326e+00 
1.2756229e+03 4.4030380e+00 
1.3006351e+03 4.1745543e+00 
1.3256473e+03 3.9329405e+00 
1.3506595e+03 3.6814039e+00 
1.3756717e+03 3.4296708e+00 
1.4006839e+03 3.1809690e+00 
1.4256961e+03 2.9471834e+00 
1.4507084e+03 2.7349300e+00 
1.4757206e+03 2.5495427e+00 
1.5007328e+03 2.3946047e+00 
1.5257450e+03 2.2779491e+00 
1.5507572e+03 2.2006686e+00 
1.5757694e+03 2.1711597e+00 
1.6007816e+03 2.1840672e+00 
1.6257938e+03 2.2433338e+00 
1.6508061e+03 2.3467078e+00 
1.6758183e+03 2.4899700e+00 
1.7008305e+03 2.6663852e+00 
1.7258427e+03 2.8759925e+00 
1.7508549e+03 3.1112480e+00 
1.7758671e+03 3.3652880e+00 
1.8008793e+03 3.6308448e+00 
1.8258915e+03 3.8953943e+00 
1.8509038e+03 4.1565571e+00 
1.8759160e+03 4.4009743e+00 
1.9009282e+03 4.6247072e+00 
1.9259404e+03 4.8175173e+00 
1.9509526e+03 4.9722238e+00 
1.9759648e+03 5.0893002e+00 
2.0009770e+03 5.1579785e+00 
2.0259893e+03 5.1816483e+00 
2.0510015e+03 5.1585307e+00 
2.0760137e+03 5.0885921e+00 
2.1010259e+03 4.9729290e+00 
2.1260381e+03 4.8164010e+00 
2.1510503e+03 4.6230292e+00 
2.1760625e+03 4.3965626e+00 
2.2010747e+03 4.1500978e+00 
2.2260870e+03 3.8881521e+00 
2.2510992e+03 3.6187153e+00 
2.2761114e+03 3.3530881e+00 
2.3011236e+03 3.0963755e+00 
2.3261358e+03 2.8581662e+00 
2.3511480e+03 2.6436522e+00 
2.3761602e+03 2.4657769e+00 
2.4011724e+03 2.3265603e+00 
2.4261847e+03 2.2272580e+00 
2.4511969e+03 2.1779127e+00 
2.4762091e+03 2.1762633e+00 
2.5012213e+03 2.2219224e+00 
2.5262335e+03 2.3172884e+00 
2.5512457e+03 2.4562588e+00 
2.5762579e+03 2.6325309e+00 
2.6012702e+03 2.8432193e+00 
2.6262824e+03 3.0820603e+00 
2.6512946e+03 3.3413389e+00 
2.6763068e+03 3.6097376e+00 
2.7013190e+03 3.8795698e+00 
2.7263312e+03 4.1432524e+00 
2.7513434e+03 4.3932352e+00 
2.7763556e+03 4.6179237e+00 
2.8013679e+03 4.8142571e+00 
2.8263801e+03 4.9729152e+00 
2.8513923e+03 5.0899057e+00 
2.8764045e+03 5.1605902e+00 
2.9014167e+03 5.1825366e+00 
2.9264289e+03 5.1548271e+00 
2.9514411e+03 5.0808086e+00 
2.9764533e+03 4.9616179e+00 
3.0014656e+03 4.7988958e+00 
3.0264778e+03 4.5995750e+00 
3.0514900e+03 4.3703718e+00 
3.0765022e+03 4.1196442e+00 
3.1015144e+03 3.8501706e+00 
3.1265266e+03 3.5809469e+00 
3.1515388e+03 3.3126175e+00 
3.1765511e+03 3.0534952e+00 
3.2015633e+03 2.8182719e+00 
3.2265755e+03 2.6067972e+00 
3.2515877e+03 2.4340975e+00 
3.2765999e+03 2.3013144e+00 
3.3016121e+03 2.2145877e+00 
3.3266243e+03 2.1740785e+00 
3.3516365e+03 2.1828909e+00 
3.3766488e+03 2.2424700e+00 
3.4016610e+03 2.3477082e+00 
3.4266732e+03 2.4949613e+00 
3.4516854e+03 2.6812453e+00 
3.4766976e+03 2.9038823e+00 
3.5017098e+03 3.1499362e+00 
3.5267220e+03 3.4148626e+00 
3.5517342e+03 3.6853120e+00 
3.5767465e+03 3.9581318e+00 
3.6017587e+03 4.2182703e+00 
3.6267709e+03 4.4638252e+00 
3.6517831e+03 4.6818576e+00 
3.6767953e+03 4.8672071e+00 
3.7018075e+03 5.0151811e+00 
3.7268197e+03 5.1165633e+00 
3.7518319e+03 5.1735725e+00 
3.7768442e+03 5.1802578e+00 
3.8018564e+03 5.1401186e+00 
3.8268686e+03 5.0527363e+00 
3.8518808e+03 4.9185290e+00 
3.8768930e+03 4.7430377e+00 
3.9019052e+03 4.5333457e+00 
3.9269174e+03 4.2944660e+00 
3.9519297e+03 4.0387926e+00 
3.9769419e+03 3.7727406e+00 
4.0019541e+03 3.5020425e+00 
4.0269663e+03 3.2354600e+00 
4.0519785e+03 2.9829552e+00 
4.0769907e+03 2.7549412e+00 
4.1020029e+03 2.5542245e+00 
4.1270151e+03 2.3912621e+00 
4.1520274e+03 2.2729084e+00 
4.1770396e+03 2.1962357e+00 
4.2020518e+03 2.1712377e+00 
4.2270640e+03 2.1941109e+00 
4.2520762e+03 2.2674091e+00 
4.2770884e+03 2.3865571e+00 
4.3021006e+03 2.5469551e+00 
4.3271128e+03 2.7445974e+00 
4.3521251e+03 2.9730425e+00 
4.3771373e+03 3.2264206e+00 
4.4021495e+03 3.4934146e+00 
4.4271617e+03 3.7634175e+00 
4.4521739e+03 4.0363808e+00 
4.4771861e+03 4.2920256e+00 
4.5021983e+03 4.5305381e+00 
4.5272106e+03 4.7420497e+00 
4.5522228e+03 4.9162235e+00 
4.5772350e+03 5.0501046e+00 
4.6022472e+03 5.1379108e+00 
4.6272594e+03 5.1788826e+00 
4.6522716e+03 5.1723428e+00 
4.6772838e+03 5.1153913e+00 
4.7022960e+03 5.0144839e+00 
4.7273083e+03 4.8670793e+00 
4.7523205e+03 4.6801667e+00 
4.7773327e+03 4.4604659e+00 
4.8023449e+03 4.2159438e+00 
4.8273571e+03 3.9538989e+00 
4.8523693e+03 3.6837165e+00 
4.8773815e+03 3.4125056e+00 
4.9023937e+03 3.1489522e+00 
4.9274060e+03 2.9024258e+00 
4.9524182e+03 2.6822553e+00 
4.9774304e+03 2.4955468e+00 
5.0024426e+03 2.3470404e+00 
5.0274548e+03 2.2414706e+00 
5.0524670e+03 2.1832855e+00 
5.0774792e+03 2.1733441e+00 
5.1024915e+03 2.2144663e+00 
5.1275037e+03 2.3034241e+00 
5.1525159e+03 2.4375899e+00 
5.1775281e+03 2.6109235e+00 
5.2025403e+03 2.8201425e+00 
5.2275525e+03 3.0601373e+00 
5.2525647e+03 3.3222024e+00 
5.2775769e+03 3.5920160e+00 
5.3025892e+03 3.8637564e+00 
5.3276014e+03 4.1311345e+00 
5.3526136e+03 4.3810992e+00 
5.3776258e+03 4.6098428e+00 
5.4026380e+03 4.8069777e+00 
5.4276502e+03 4.9702902e+00 
5.4526624e+03 5.0877028e+00 
5.4776746e+03 5.1607513e+00 
5.5026869e+03 5.1833405e+00 
5.5276991e+03 5.1575007e+00 
5.5527113e+03 5.0823231e+00 
5.5777235e+03 4.9615574e+00 
5.6027357e+03 4.7966590e+00 
5.6277479e+03 4.5959520e+00 
5.6527601e+03 4.3669844e+00 
5.6777723e+03 4.1126819e+00 
5.7027846e+03 3.8458083e+00 
5.7277968e+03 3.5729983e+00 
5.7528090e+03 3.3010354e+00 
5.7778212e+03 3.0416327e+00 
5.8028334e+03 2.8073454e+00 
5.8278456e+03 2.6000891e+00 
5.8528578e+03 2.4284911e+00 
5.8778701e+03 2.2960403e+00 
5.9028823e+03 2.2108896e+00 
5.9278945e+03 2.1715305e+00 
5.9529067e+03 2.1848521e+00 
5.9779189e+03 2.2468059e+00 
6.0029311e+03 2.3533275e+00 
6.0279433e+03 2.5049834e+00 
6.0529555e+03 2.6929481e+00 
6.0779678e+03 2.9165435e+00 
6.1029800e+03 3.1647341e+00 
6.1279922e+03 3.4304934e+00 
6.1530044e+03 3.7024209e+00 
6.1780166e+03 3.9738598e+00 
6.2030288e+03 4.2325120e+00 
6.2280410e+03 4.4767370e+00 
6.2530532e+03 4.6965637e+00 
6.2780655e+03 4.8814158e+00 
6.3030777e+03 5.0249224e+00 
6.3280899e+03 5.1254492e+00 
6.3531021e+03 5.1765242e+00 
6.3781143e+03 5.1791515e+00 
6.4031265e+03 5.1330385e+00 
6.4281387e+03 5.0373106e+00 
6.4531510e+03 4.8966508e+00 
6.4781632e+03 4.7159739e+00 
6.5031754e+03 4.5016489e+00 
6.5281876e+03 4.2606511e+00 
6.5531998e+03 4.0028386e+00 
6.5782120e+03 3.7296433e+00 
6.6032242e+03 3.4588575e+00 
6.6282364e+03 3.1907225e+00 
6.6532487e+03 2.9415421e+00 
6.6782609e+03 2.7182806e+00 
6.7032731e+03 2.5251272e+00 
6.7282853e+03 2.3686850e+00 
6.7532975e+03 2.2561820e+00 
6.7783097e+03 2.1880877e+00 
6.8033219e+03 2.1721582e+00 
6.8283341e+03 2.2035258e+00 
6.8533464e+03 2.2865667e+00 
6.8783586e+03 2.4141715e+00 
6.9033708e+03 2.5823801e+00 
6.9283830e+03 2.7859614e+00 
6.9533952e+03 3.0193481e+00 
6.9784074e+03 3.2773986e+00 
7.0034196e+03 3.5483561e+00 
7.0284319e+03 3.8195357e+00 
7.0534441e+03 4.0890727e+00 
7.0784563e+03 4.3442063e+00 
7.1034685e+03 4.5766535e+00 
7.1284807e+03 4.7807488e+00 
7.1534929e+03 4.9480319e+00 
7.1785051e+03 5.0736160e+00 
7.2035173e+03 5.1534152e+00 
7.2285296e+03 5.1837964e+00 
7.2535418e+03 5.1630616e+00 
7.2785540e+03 5.0961633e+00 
7.3035662e+03 4.9810820e+00 
7.3285784e+03 4.8236613e+00 
7.3535906e+03 4.6275325e+00 
7.3786028e+03 4.4005518e+00 
7.4036150e+03 4.1473904e+00 
7.4286273e+03 3.8802524e+00 
7.4536395e+03 3.6085358e+00 
7.4786517e+03 3.3363831e+00 
7.5036639e+03 3.0751810e+00 
7.5286761e+03 2.8357532e+00 
7.5536883e+03 2.6207147e+00 
7.5787005e+03 2.4454117e+00 
7.6037128e+03 2.3062968e+00 
7.6287250e+03 2.2163217e+00 
7.6537372e+03 2.1748612e+00 
7.6787494e+03 2.1807084e+00 
7.7037616e+03 2.2393098e+00 
7.7287738e+03 2.3444850e+00 
7.7537860e+03 2.4937189e+00 
7.7787982e+03 2.6798539e+00 
7.8038105e+03 2.9013608e+00 
7.8288227e+03 3.1482449e+00 
7.8538349e+03 3.4114571e+00 
7.8788471e+03 3.6839724e+00 
7.9038593e+03 3.9560316e+00 
7.9288715e+03 4.2194667e+00 
7.9538837e+03 4.4656978e+00 
7.9788959e+03 4.6876197e+00 
8.0039082e+03 4.8745470e+00 
8.0289204e+03 5.0198169e+00 
8.0539326e+03 5.1215010e+00 
8.0789448e+03 5.1745586e+00 
8.1039570e+03 5.1796417e+00 
8.1289692e+03 5.1359115e+00 
8.1539814e+03 5.0458741e+00 
8.1789936e+03 4.9107008e+00 
8.2040059e+03 4.7330670e+00 
8.2290181e+03 4.5178065e+00 
8.2540303e+03 4.2786937e+00 
8.2790425e+03 4.0193801e+00 
8.3040547e+03 3.7466724e+00 
8.3290669e+03 3.4757481e+00 
8.3540791e+03 3.2092562e+00 
8.3790914e+03 2.9542871e+00 
8.4041036e+03 2.7273939e+00 
8.4291158e+03 2.5339129e+00 
8.4541280e+03 2.3733478e+00 
8.4791402e+03 2.2616065e+00 
8.5041524e+03 2.1916559e+00 
8.5291646e+03 2.1702464e+00 
8.5541768e+03 2.2020900e+00 
8.5791891e+03 2.2808766e+00 
8.6042013e+03 2.4062140e+00 
8.6292135e+03 2.5705760e+00 
8.6542257e+03 2.7759609e+00 
8.6792379e+03 3.0101497e+00 
8.7042501e+03 3.2658598e+00 
8.7292623e+03 3.5339432e+00 
8.7542745e+03 3.8083417e+00 
8.7792868e+03 4.0787911e+00 
8.8042990e+03 4.3337841e+00 
8.8293112e+03 4.5694532e+00 
8.8543234e+03 4.7758460e+00 
8.8793356e+03 4.9455729e+00 
8.9043478e+03 5.0710635e+00 
8.9293600e+03 5.1518674e+00 
8.9543723e+03 5.1826982e+00 
8.9793845e+03 5.1649680e+00 
9.0043967e+03 5.0996556e+00 
9.0294089e+03 4.9877734e+00 
9.0544211e+03 4.8318243e+00 
9.0794333e+03 4.6362977e+00 
9.1044455e+03 4.4081378e+00 
9.1294577e+03 4.1578302e+00 
9.1544700e+03 3.8913066e+00 
9.1794822e+03 3.6206954e+00 
9.2044944e+03 3.3509638e+00 
9.2295066e+03 3.0864983e+00 
9.2545188e+03 2.8485372e+00 
9.2795310e+03 2.6339672e+00 
9.3045432e+03 2.4546876e+00 
9.3295554e+03 2.3187132e+00 
9.3545677e+03 2.2222712e+00 
9.3795799e+03 2.1755385e+00 
9.4045921e+03 2.1788082e+00 
9.4296043e+03 2.2313440e+00 
9.4546165e+03 2.3318558e+00 
9.4796287e+03 2.4764853e+00 
9.5046409e+03 2.6589239e+00 
9.5296532e+03 2.8793991e+00 
9.5546654e+03 3.1223454e+00 
9.5796776e+03 3.3839064e+00 
9.6046898e+03 3.6563797e+00 
9.6297020e+03 3.9291542e+00 
9.6547142e+03 4.1948829e+00 
9.6797264e+03 4.4424028e+00 
9.7047386e+03 4.6641450e+00 
9.7297509e+03 4.8545275e+00 
9.7547631e+03 5.0055842e+00 
9.7797753e+03 5.1114326e+00 
9.8047875e+03 5.1705203e+00 
9.8297997e+03 5.1811128e+00 
9.8548119e+03 5.1417971e+00 
9.8798241e+03 5.0533881e+00 
9.9048363e+03 4.9207435e+00 
9.9298486e+03 4.7448997e+00 
9.9548608e+03 4.5349975e+00 
9.9798730e+03 4.2971363e+00 
1.0004885e+04 4.0379515e+00 
1.0029897e+04 3.7674427e+00 
1.0054910e+04 3.4917297e+00 
1.0079922e+04 3.2254851e+00 
1.0104934e+04 2.9712749e+00 
1.0129946e+04 2.7402127e+00 
1.0154958e+04 2.5424218e+00 
1.0179971e+04 2.3821568e+00 
1.0204983e+04 2.2650461e+00 
1.0229995e+04 2.1927755e+00 
1.0255007e+04 2.1720243e+00 
1.0280020e+04 2.1995180e+00 
1.0305032e+04 2.2756529e+00 
1.0330044e+04 2.4001448e+00 
1.0355056e+04 2.5662932e+00 
1.0380068e+04 2.7685938e+00 
1.0405081e+04 2.9996700e+00 
1.0430093e+04 3.2569695e+00 
1.0455105e+04 3.5262747e+00 
1.0480117e+04 3.7995720e+00 
1.0505129e+04 4.0702105e+00 
1.0530142e+04 4.3250527e+00 
1.0555154e+04 4.5618558e+00 
1.0580166e+04 4.7675519e+00 
1.0605178e+04 4.9391351e+00 
1.0630191e+04 5.0684133e+00 
1.0655203e+04 5.1528292e+00 
1.0680215e+04 5.1848602e+00 
1.0705227e+04 5.1669230e+00 
1.0730239e+04 5.1016440e+00 
1.0755252e+04 4.9900947e+00 
1.0780264e+04 4.8335919e+00 
1.0805276e+04 4.6380086e+00 
1.0830288e+04 4.4111800e+00 
1.0855300e+04 4.1636806e+00 
1.0880313e+04 3.8985333e+00 
1.0905325e+04 3.6255696e+00 
1.0930337e+04 3.3538804e+00 
1.0955349e+04 3.0912797e+00 
1.0980362e+04 2.8501880e+00 
1.1005374e+04 2.6367276e+00 
1.1030386e+04 2.4576895e+00 
1.1055398e+04 2.3188438e+00 
1.1080410e+04 2.2231350e+00 
1.1105423e+04 2.1764507e+00 
1.1130435e+04 2.1780133e+00 
1.1155447e+04 2.2299769e+00 
1.1180459e+04 2.3292809e+00 
1.1205471e+04 2.4743905e+00 
1.1230484e+04 2.6563406e+00 
1.1255496e+04 2.8731904e+00 
1.1280508e+04 3.1179740e+00 
1.1305520e+04 3.3820019e+00 
1.1330532e+04 3.6539738e+00 
1.1355545e+04 3.9282544e+00 
1.1380557e+04 4.1907058e+00 
1.1405569e+04 4.4418778e+00 
1.1430581e+04 4.6646085e+00 
1.1455594e+04 4.8540840e+00 
1.1480606e+04 5.0047126e+00 
1.1505618e+04 5.1127658e+00 
1.1530630e+04 5.1717196e+00 
1.1555642e+04 5.1828732e+00 
1.1580655e+04 5.1438150e+00 
1.1605667e+04 5.0556355e+00 
1.1630679e+04 4.9224439e+00 
1.1655691e+04 4.7473545e+00 
1.1680703e+04 4.5380211e+00 
1.1705716e+04 4.2967834e+00 
1.1730728e+04 4.0393519e+00 
1.1755740e+04 3.7685881e+00 
1.1780752e+04 3.4974117e+00 
1.1805765e+04 3.2265854e+00 
1.1830777e+04 2.9744334e+00 
1.1855789e+04 2.7443111e+00 
1.1880801e+04 2.5459735e+00 
1.1905813e+04 2.3845472e+00 
1.1930826e+04 2.2659347e+00 
1.1955838e+04 2.1941862e+00 
1.1980850e+04 2.1705353e+00 
1.2005862e+04 2.1990550e+00 
1.2030874e+04 2.2763593e+00 
1.2055887e+04 2.4010251e+00 
1.2080899e+04 2.5663915e+00 
1.2105911e+04 2.7672515e+00 
1.2130923e+04 2.9986784e+00 
1.2155936e+04 3.2566352e+00 
1.2180948e+04 3.5247509e+00 
1.2205960e+04 3.7985506e+00 
1.2230972e+04 4.0701070e+00 
1.2255984e+04 4.3290806e+00 
1.2280997e+04 4.5641823e+00 
1.2306009e+04 4.7711468e+00 
1.2331021e+04 4.9425311e+00 
1.2356033e+04 5.0697880e+00 
1.2381045e+04 5.1509886e+00 
1.2406058e+04 5.1831932e+00 
1.2431070e+04 5.1689644e+00 
1.2456082e+04 5.1024513e+00 
1.2481094e+04 4.9896355e+00 
1.2506106e+04 4.8345556e+00 
1.2531119e+04 4.6407781e+00 
1.2556131e+04 4.4126921e+00 
1.2581143e+04 4.1623116e+00 
1.2606155e+04 3.8943024e+00 
1.2631168e+04 3.6193600e+00 
1.2656180e+04 3.3498197e+00 
1.2681192e+04 3.0880339e+00 
1.2706204e+04 2.8494816e+00 
1.2731216e+04 2.6335540e+00 
1.2756229e+04 2.4555104e+00 
1.2781241e+04 2.3153899e+00 
1.2806253e+04 2.2214315e+00 
1.2831265e+04 2.1769896e+00 
1.2856277e+04 2.1789594e+00 
1.2881290e+04 2.2336099e+00 
1.2906302e+04 2.3370829e+00 
1.2931314e+04 2.4825239e+00 
1.2956326e+04 2.6661630e+00 
1.2981339e+04 2.8851244e+00 
1.3006351e+04 3.1294599e+00 
1.3031363e+04 3.3978655e+00 
1.3056375e+04 3.6724534e+00 
1.3081387e+04 3.9462230e+00 
1.3106400e+04 4.2109842e+00 
1.3131412e+04 4.4561744e+00 
1.3156424e+04 4.6796098e+00 
1.3181436e+04 4.8688097e+00 
1.3206448e+04 5.0170689e+00 
1.3231461e+04 5.1205330e+00 
1.3256473e+04 5.1756787e+00 
1.3281485e+04 5.1814651e+00 
1.3306497e+04 5.1368966e+00 
1.3331510e+04 5.0441236e+00 
1.3356522e+04 4.9082756e+00 
1.3381534e+04 4.7291446e+00 
1.3406546e+04 4.5136027e+00 
1.3431558e+04 4.2706070e+00 
1.3456571e+04 4.0104876e+00 
1.3481583e+04 3.7374361e+00 
1.3506595e+04 3.4652383e+00 
1.3531607e+04 3.1978662e+00 
1.3556619e+04 2.9470193e+00 
1.3581632e+04 2.7202482e+00 
1.3606644e+04 2.5272865e+00 
1.3631656e+04 2.3685007e+00 
1.3656668e+04 2.2544394e+00 
1.3681681e+04 2.1884413e+00 
1.3706693e+04 2.1715837e+00 
1.3731705e+04 2.2061505e+00 
1.3756717e+04 2.2880938e+00 
1.3781729e+04 2.4149683e+00 
1.3806742e+04 2.5852754e+00 
1.3831754e+04 2.7909434e+00 
1.3856766e+04 3.0271320e+00 
1.3881778e+04 3.2841978e+00 
1.3906790e+04 3.5565469e+00 
1.3931803e+04 3.8311031e+00 
1.3956815e+04 4.1004677e+00 
1.3981827e+04 4.3552933e+00 
1.4006839e+04 4.5912271e+00 
1.4031851e+04 4.7957072e+00 
1.4056864e+04 4.9619718e+00 
1.4081876e+04 5.0834675e+00 
1.4106888e+04 5.1594477e+00 
1.4131900e+04 5.1853399e+00 
1.4156913e+04 5.1599598e+00 
1.4181925e+04 5.0864520e+00 
1.4206937e+04 4.9659209e+00 
1.4231949e+04 4.8026710e+00 
1.4256961e+04 4.5999861e+00 
1.4281974e+04 4.3683968e+00 
1.4306986e+04 4.1100659e+00 
1.4331998e+04 3.8399425e+00 
1.4357010e+04 3.5654461e+00 
1.4382022e+04 3.2921345e+00 
1.4407035e+04 3.0326610e+00 
1.4432047e+04 2.7956939e+00 
1.4457059e+04 2.5877593e+00 
1.4482071e+04 2.4183013e+00 
1.4507084e+04 2.2893529e+00 
1.4532096e+04 2.2070963e+00 
1.4557108e+04 2.1719654e+00 
1.4582120e+04 2.1883383e+00 
1.4607132e+04 2.2545807e+00 
1.4632145e+04 2.3686931e+00 
1.4657157e+04 2.5271535e+00 
1.4682169e+04 2.7216575e+00 
1.4707181e+04 2.9518061e+00 
1.4732193e+04 3.2050495e+00 
1.4757206e+04 3.4755688e+00 
1.4782218e+04 3.7513957e+00 
1.4807230e+04 4.0257249e+00 
1.4832242e+04 4.2851071e+00 
1.4857255e+04 4.5269022e+00 
1.4882267e+04 4.7411971e+00 
1.4907279e+04 4.9183021e+00 
1.4932291e+04 5.0523081e+00 
1.4957303e+04 5.1419816e+00 
1.4982316e+04 5.1834188e+00 
1.5007328e+04 5.1737118e+00 
1.5032340e+04 5.1166053e+00 
1.5057352e+04 5.0106583e+00 
1.5082364e+04 4.8600945e+00 
1.5107377e+04 4.6685405e+00 
1.5132389e+04 4.4424801e+00 
1.5157401e+04 4.1942062e+00 
1.5182413e+04 3.9291596e+00 
1.5207426e+04 3.6539648e+00 
1.5232438e+04 3.3815277e+00 
1.5257450e+04 3.1169102e+00 
1.5282462e+04 2.8725197e+00 
1.5307474e+04 2.6531682e+00 
1.5332487e+04 2.4685929e+00 
1.5357499e+04 2.3266668e+00 
1.5382511e+04 2.2291322e+00 
1.5407523e+04 2.1792052e+00 
1.5432535e+04 2.1794755e+00 
1.5457548e+04 2.2277532e+00 
1.5482560e+04 2.3257082e+00 
1.5507572e+04 2.4734454e+00 
1.5532584e+04 2.6552091e+00 
1.5557596e+04 2.8766537e+00 
1.5582609e+04 3.1219158e+00 
1.5607621e+04 3.3887901e+00 
1.5632633e+04 3.6634386e+00 
1.5657645e+04 3.9367852e+00 
1.5682658e+04 4.2016163e+00 
1.5707670e+04 4.4512677e+00 
1.5732682e+04 4.6761246e+00 
1.5757694e+04 4.8649101e+00 
1.5782706e+04 5.0154023e+00 
1.5807719e+04 5.1179547e+00 
1.5832731e+04 5.1751490e+00 
1.5857743e+04 5.1820021e+00 
1.5882755e+04 5.1383166e+00 
1.5907767e+04 5.0468245e+00 
1.5932780e+04 4.9067488e+00 
1.5957792e+04 4.7259650e+00 
1.5982804e+04 4.5100269e+00 
1.6007816e+04 4.2655482e+00 
1.6032829e+04 4.0024819e+00 
1.6057841e+04 3.7264774e+00 
1.6082853e+04 3.4530842e+00 
1.6107865e+04 3.1840477e+00 
1.6132877e+04 2.9312630e+00 
1.6157890e+04 2.7048273e+00 
1.6182902e+04 2.5124433e+00 
1.6207914e+04 2.3582432e+00 
1.6232926e+04 2.2473750e+00 
1.6257938e+04 2.1852498e+00 
1.6282951e+04 2.1741481e+00 
1.6307963e+04 2.2111325e+00 
1.6332975e+04 2.2989228e+00 
1.6357987e+04 2.4319530e+00 
1.6383000e+04 2.6066661e+00 
1.6408012e+04 2.7993515e+00 
1.6433024e+04 2.9823716e+00 
1.6458036e+04 3.1545000e+00 
1.6483048e+04 3.3052523e+00 
1.6508061e+04 3.4325924e+00 
1.6533073e+04 3.5407307e+00 
1.6558085e+04 3.6237280e+00 
1.6583097e+04 3.6858613e+00 
1.6608109e+04 3.7253523e+00 
1.6633122e+04 3.7454734e+00 
1.6658134e+04 3.7469397e+00 
1.6683146e+04 3.7346487e+00 
1.6708158e+04 3.7032681e+00 
1.6733170e+04 3.6585863e+00 
1.6758183e+04 3.6025596e+00 
1.6783195e+04 3.5293312e+00 
1.6808207e+04 3.4453671e+00 
1.6833219e+04 3.3506525e+00 
1.6858232e+04 3.2475178e+00 
1.6883244e+04 3.1339061e+00 
1.6908256e+04 3.0196140e+00 
1.6933268e+04 2.9014430e+00 
1.6958280e+04 2.7820265e+00 
1.6983293e+04 2.6644657e+00 
1.7008305e+04 2.5543978e+00 
1.7033317e+04 2.4515200e+00 
1.7058329e+04 2.3600678e+00 
1.7083341e+04 2.2811537e+00 
1.7108354e+04 2.2228813e+00 
1.7133366e+04 2.1848185e+00 
1.7158378e+04 2.1677125e+00 
1.7183390e+04 2.1815341e+00 
1.7208403e+04 2.2181015e+00 
1.7233415e+04 2.2835057e+00 
1.7258427e+04 2.3788352e+00 
1.7283439e+04 2.4981260e+00 
1.7308451e+04 2.6443346e+00 
1.7333464e+04 2.8185325e+00 
1.7358476e+04 3.0086689e+00 
1.7383488e+04 3.2202690e+00 
1.7408500e+04 3.4437768e+00 
1.7433512e+04 3.6710243e+00 
1.7458525e+04 3.9039776e+00 
1.7483537e+04 4.1329498e+00 
1.7508549e+04 4.3553915e+00 
1.7533561e+04 4.5624919e+00 
1.7558574e+04 4.7462864e+00 
1.7583586e+04 4.9045653e+00 
1.7608598e+04 5.0303102e+00 
1.7633610e+04 5.1219516e+00 
1.7658622e+04 5.1733403e+00 
1.7683635e+04 5.1851754e+00 
1.7708647e+04 5.1554046e+00 
1.7733659e+04 5.0851550e+00 
1.7758671e+04 4.9736385e+00 
1.7783683e+04 4.8263578e+00 
1.7808696e+04 4.6439333e+00 
1.7833708e+04 4.4303775e+00 
1.7858720e+04 4.1993394e+00 
1.7883732e+04 3.9510803e+00 
1.7908745e+04 3.6942501e+00 
1.7933757e+04 3.4357786e+00 
1.7958769e+04 3.1837082e+00 
1.7983781e+04 2.9442046e+00 
1.8008793e+04 2.7273679e+00 
1.8033806e+04 2.5391514e+00 
1.8058818e+04 2.3858900e+00 
1.8083830e+04 2.2703657e+00 
1.8108842e+04 2.1987708e+00 
1.8133854e+04 2.1725962e+00 
1.8158867e+04 2.1912541e+00 
1.8183879e+04 2.2582431e+00 
1.8208891e+04 2.3679111e+00 
1.8233903e+04 2.5188479e+00 
1.8258915e+04 2.7064488e+00 
1.8283928e+04 2.9221556e+00 
1.8308940e+04 3.1604624e+00 
1.8333952e+04 3.4178672e+00 
1.8358964e+04 3.6844933e+00 
1.8383977e+04 3.9513347e+00 
1.8408989e+04 4.2084432e+00 
1.8434001e+04 4.4477053e+00 
1.8459013e+04 4.6673532e+00 
1.8484025e+04 4.8527422e+00 
1.8509038e+04 5.0026107e+00 
1.8534050e+04 5.1086049e+00 
1.8559062e+04 5.1711574e+00 
1.8584074e+04 5.1851969e+00 
1.8609086e+04 5.1510887e+00 
1.8634099e+04 5.0712919e+00 
1.8659111e+04 4.9441342e+00 
1.8684123e+04 4.7779560e+00 
1.8709135e+04 4.5770764e+00 
1.8734148e+04 4.3437800e+00 
1.8759160e+04 4.0926142e+00 
1.8784172e+04 3.8281572e+00 
1.8809184e+04 3.5615590e+00 
1.8834196e+04 3.2945964e+00 
1.8859209e+04 3.0384960e+00 
1.8884221e+04 2.8078914e+00 
1.8909233e+04 2.6023943e+00 
1.8934245e+04 2.4323652e+00 
1.8959257e+04 2.3006108e+00 
1.8984270e+04 2.2128072e+00 
1.9009282e+04 2.1733875e+00 
1.9034294e+04 2.1829929e+00 
1.9059306e+04 2.2433820e+00 
1.9084319e+04 2.3482451e+00 
1.9109331e+04 2.4945564e+00 
1.9134343e+04 2.6806352e+00 
1.9159355e+04 2.8993006e+00 
1.9184367e+04 3.1452878e+00 
1.9209380e+04 3.4078183e+00 
1.9234392e+04 3.6775463e+00 
1.9259404e+04 3.9485207e+00 
1.9284416e+04 4.2080560e+00 
1.9309428e+04 4.4522672e+00 
1.9334441e+04 4.6723104e+00 
1.9359453e+04 4.8604598e+00 
1.9384465e+04 5.0100002e+00 
1.9409477e+04 5.1134253e+00 
1.9434489e+04 5.1720476e+00 
1.9459502e+04 5.1825781e+00 
1.9484514e+04 5.1452584e+00 
1.9509526e+04 5.0579662e+00 
1.9534538e+04 4.9272804e+00 
1.9559551e+04 4.7569590e+00 
1.9584563e+04 4.5492311e+00 
1.9609575e+04 4.3126864e+00 
1.9634587e+04 4.0591974e+00 
1.9659599e+04 3.7909784e+00 
1.9684612e+04 3.5197680e+00 
1.9709624e+04 3.2528293e+00 
1.9734636e+04 2.9974880e+00 
1.9759648e+04 2.7673790e+00 
1.9784660e+04 2.5671647e+00 
1.9809673e+04 2.4035025e+00 
1.9834685e+04 2.2773616e+00 
1.9859697e+04 2.2003369e+00 
1.9884709e+04 2.1718087e+00 
1.9909722e+04 2.1932383e+00 
1.9934734e+04 2.2608612e+00 
1.9959746e+04 2.3781109e+00 
1.9984758e+04 2.5321000e+00 
2.0009770e+04 2.7254751e+00 
2.0034783e+04 2.9568143e+00 
2.0059795e+04 3.2081699e+00 
2.0084807e+04 3.4728889e+00 
2.0109819e+04 3.7420549e+00 
2.0134831e+04 4.0124760e+00 
2.0159844e+04 4.2707715e+00 
2.0184856e+04 4.5090222e+00 
2.0209868e+04 4.7228537e+00 
2.0234880e+04 4.9009480e+00 
2.0259893e+04 5.0382862e+00 
2.0284905e+04 5.1346946e+00 
2.0309917e+04 5.1800642e+00 
2.0334929e+04 5.1775241e+00 
2.0359941e+04 5.1278191e+00 
2.0384954e+04 5.0293708e+00 
2.0409966e+04 4.8868246e+00 
2.0434978e+04 4.7027812e+00 
2.0459990e+04 4.4860044e+00 
2.0485002e+04 4.2450457e+00 
2.0510015e+04 3.9844303e+00 
2.0535027e+04 3.7150142e+00 
2.0560039e+04 3.4451146e+00 
2.0585051e+04 3.1801486e+00 
2.0610064e+04 2.9314275e+00 
2.0635076e+04 2.7103817e+00 
2.0660088e+04 2.5159674e+00 
2.0685100e+04 2.3639717e+00 
2.0710112e+04 2.2548449e+00 
2.0735125e+04 2.1885579e+00 
2.0760137e+04 2.1721709e+00 
2.0785149e+04 2.2048995e+00 
2.0810161e+04 2.2882025e+00 
2.0835173e+04 2.4155381e+00 
2.0860186e+04 2.5817561e+00 
2.0885198e+04 2.7868500e+00 
2.0910210e+04 3.0192447e+00 
2.0935222e+04 3.2734568e+00 
2.0960234e+04 3.5431185e+00 
2.0985247e+04 3.8153965e+00 
2.1010259e+04 4.0826845e+00 
2.1035271e+04 4.3374329e+00 
2.1060283e+04 4.5708389e+00 
2.1085296e+04 4.7755575e+00 
2.1110308e+04 4.9450035e+00 
2.1135320e+04 5.0712252e+00 
2.1160332e+04 5.1505475e+00 
2.1185344e+04 5.1828098e+00 
2.1210357e+04 5.1678529e+00 
2.1235369e+04 5.1009173e+00 
2.1260381e+04 4.9900913e+00 
2.1285393e+04 4.8330684e+00 
2.1310405e+04 4.6408210e+00 
2.1335418e+04 4.4162836e+00 
2.1360430e+04 4.1661997e+00 
2.1385442e+04 3.9018581e+00 
2.1410454e+04 3.6301203e+00 
2.1435467e+04 3.3582315e+00 
2.1460479e+04 3.0950136e+00 
2.1485491e+04 2.8567164e+00 
2.1510503e+04 2.6412351e+00 
2.1535515e+04 2.4607425e+00 
2.1560528e+04 2.3212113e+00 
2.1585540e+04 2.2253644e+00 
2.1610552e+04 2.1768157e+00 
2.1635564e+04 2.1789126e+00 
2.1660576e+04 2.2288747e+00 
2.1685589e+04 2.3270442e+00 
2.1710601e+04 2.4744229e+00 
2.1735613e+04 2.6562152e+00 
2.1760625e+04 2.8724840e+00 
2.1785638e+04 3.1138992e+00 
2.1810650e+04 3.3763740e+00 
2.1835662e+04 3.6457720e+00 
2.1860674e+04 3.9191508e+00 
2.1885686e+04 4.1842356e+00 
2.1910699e+04 4.4317422e+00 
2.1935711e+04 4.6565051e+00 
2.1960723e+04 4.8485475e+00 
2.1985735e+04 5.0008063e+00 
2.2010747e+04 5.1079717e+00 
2.2035760e+04 5.1697969e+00 
2.2060772e+04 5.1837759e+00 
2.2085784e+04 5.1470909e+00 
2.2110796e+04 5.0634880e+00 
2.2135809e+04 4.9352860e+00 
2.2160821e+04 4.7614584e+00 
2.2185833e+04 4.5526252e+00 
2.2210845e+04 4.3156748e+00 
2.2235857e+04 4.0623913e+00 
2.2260870e+04 3.7909479e+00 
2.2285882e+04 3.5198307e+00 
2.2310894e+04 3.2533031e+00 
2.2335906e+04 2.9963460e+00 
2.2360918e+04 2.7655771e+00 
2.2385931e+04 2.5653591e+00 
2.2410943e+04 2.4005787e+00 
2.2435955e+04 2.2762527e+00 
2.2460967e+04 2.1985025e+00 
2.2485979e+04 2.1716676e+00 
2.2510992e+04 2.1924193e+00 
2.2536004e+04 2.2639799e+00 
2.2561016e+04 2.3809834e+00 
2.2586028e+04 2.5392723e+00 
2.2611041e+04 2.7346513e+00 
2.2636053e+04 2.9622455e+00 
2.2661065e+04 3.2134509e+00 
2.2686077e+04 3.4816678e+00 
2.2711089e+04 3.7530236e+00 
2.2736102e+04 4.0238028e+00 
2.2761114e+04 4.2811146e+00 
2.2786126e+04 4.5226402e+00 
2.2811138e+04 4.7348590e+00 
2.2836150e+04 4.9106688e+00 
2.2861163e+04 5.0463290e+00 
2.2886175e+04 5.1382313e+00 
2.2911187e+04 5.1810989e+00 
2.2936199e+04 5.1758819e+00 
2.2961212e+04 5.1199198e+00 
2.2986224e+04 5.0191708e+00 
2.3011236e+04 4.8720398e+00 
2.3036248e+04 4.6858096e+00 
2.3061260e+04 4.4664922e+00 
2.3086273e+04 4.2193313e+00 
2.3111285e+04 3.9584138e+00 
2.3136297e+04 3.6854136e+00 
2.3161309e+04 3.4134719e+00 
2.3186321e+04 3.1477332e+00 
2.3211334e+04 2.9049275e+00 
2.3236346e+04 2.6857474e+00 
2.3261358e+04 2.4978864e+00 
2.3286370e+04 2.3482606e+00 
2.3311383e+04 2.2416606e+00 
2.3336395e+04 2.1836381e+00 
2.3361407e+04 2.1730709e+00 
2.3386419e+04 2.2141960e+00 
2.3411431e+04 2.3014457e+00 
2.3436444e+04 2.4362168e+00 
2.3461456e+04 2.6083453e+00 
2.3486468e+04 2.8171701e+00 
2.3511480e+04 3.0536709e+00 
2.3536492e+04 3.3127499e+00 
2.3561505e+04 3.5831666e+00 
2.3586517e+04 3.8538544e+00 
2.3611529e+04 4.1216960e+00 
2.3636541e+04 4.3723936e+00 
2.3661553e+04 4.6041884e+00 
2.3686566e+04 4.8040333e+00 
2.3711578e+04 4.9673429e+00 
2.3736590e+04 5.0874043e+00 
2.3761602e+04 5.1593995e+00 
2.3786615e+04 5.1827731e+00 
2.3811627e+04 5.1604400e+00 
2.3836639e+04 5.0863557e+00 
2.3861651e+04 4.9649806e+00 
2.3886663e+04 4.8043556e+00 
2.3911676e+04 4.6039176e+00 
2.3936688e+04 4.3721952e+00 
2.3961700e+04 4.1192765e+00 
2.3986712e+04 3.8495820e+00 
2.4011724e+04 3.5775073e+00 
2.4036737e+04 3.3069606e+00 
2.4061749e+04 3.0466952e+00 
2.4086761e+04 2.8098147e+00 
2.4111773e+04 2.6014862e+00 
2.4136786e+04 2.4294636e+00 
2.4161798e+04 2.2964833e+00 
2.4186810e+04 2.2102692e+00 
2.4211822e+04 2.1722016e+00 
2.4236834e+04 2.1857278e+00 
2.4261847e+04 2.2470834e+00 
2.4286859e+04 2.3551478e+00 
2.4311871e+04 2.5099158e+00 
2.4336883e+04 2.6988406e+00 
2.4361895e+04 2.9222846e+00 
2.4386908e+04 3.1726739e+00 
2.4411920e+04 3.4381456e+00 
2.4436932e+04 3.7104709e+00 
2.4461944e+04 3.9828033e+00 
2.4486957e+04 4.2423921e+00 
2.4511969e+04 4.4846349e+00 
2.4536981e+04 4.7042489e+00 
2.4561993e+04 4.8860903e+00 
2.4587005e+04 5.0291920e+00 
2.4612018e+04 5.1286325e+00 
2.4637030e+04 5.1779652e+00 
2.4662042e+04 5.1789870e+00 
2.4687054e+04 5.1303425e+00 
2.4712066e+04 5.0356641e+00 
2.4737079e+04 4.8969054e+00 
2.4762091e+04 4.7133236e+00 
2.4787103e+04 4.4975963e+00 
2.4812115e+04 4.2551270e+00 
2.4837128e+04 3.9949002e+00 
2.4862140e+04 3.7223027e+00 
2.4887152e+04 3.4487283e+00 
2.4912164e+04 3.1817665e+00 
2.4937176e+04 2.9334526e+00 
2.4962189e+04 2.7075703e+00 
2.4987201e+04 2.5151708e+00 
2.5012213e+04 2.3621283e+00 
2.5037225e+04 2.2511125e+00 
2.5062237e+04 2.1866345e+00 
2.5087250e+04 2.1710584e+00 
2.5112262e+04 2.2070143e+00 
2.5137274e+04 2.2908447e+00 
2.5162286e+04 2.4203036e+00 
2.5187298e+04 2.5907621e+00 
2.5212311e+04 2.7953978e+00 
2.5237323e+04 3.0319386e+00 
2.5262335e+04 3.2898941e+00 
2.5287347e+04 3.5591803e+00 
2.5312360e+04 3.8334594e+00 
2.5337372e+04 4.0998406e+00 
2.5362384e+04 4.3534646e+00 
2.5387396e+04 4.5880966e+00 
2.5412408e+04 4.7892876e+00 
2.5437421e+04 4.9542551e+00 
2.5462433e+04 5.0794659e+00 
2.5487445e+04 5.1556931e+00 
2.5512457e+04 5.1825981e+00 
2.5537469e+04 5.1619635e+00 
2.5562482e+04 5.0897913e+00 
2.5587494e+04 4.9715075e+00 
2.5612506e+04 4.8134518e+00 
2.5637518e+04 4.6150150e+00 
2.5662531e+04 4.3839283e+00 
2.5687543e+04 4.1298771e+00 
2.5712555e+04 3.8645318e+00 
2.5737567e+04 3.5916531e+00 
2.5762579e+04 3.3210530e+00 
2.5787592e+04 3.0618231e+00 
2.5812604e+04 2.8244565e+00 
2.5837616e+04 2.6146729e+00 
2.5862628e+04 2.4388576e+00 
2.5887640e+04 2.3050299e+00 
2.5912653e+04 2.2154646e+00 
2.5937665e+04 2.1737678e+00 
2.5962677e+04 2.1833856e+00 
2.5987689e+04 2.2416148e+00 
2.6012702e+04 2.3465145e+00 
2.6037714e+04 2.4961841e+00 
2.6062726e+04 2.6855090e+00 
2.6087738e+04 2.9072781e+00 
2.6112750e+04 3.1556895e+00 
2.6137763e+04 3.4192128e+00 
2.6162775e+04 3.6898928e+00 
2.6187787e+04 3.9632082e+00 
2.6212799e+04 4.2240281e+00 
2.6237811e+04 4.4704175e+00 
2.6262824e+04 4.6899414e+00 
2.6287836e+04 4.8756618e+00 
2.6312848e+04 5.0201283e+00 
2.6337860e+04 5.1216331e+00 
2.6362872e+04 5.1746864e+00 
2.6387885e+04 5.1801739e+00 
2.6412897e+04 5.1343656e+00 
2.6437909e+04 5.0399060e+00 
2.6462921e+04 4.9022126e+00 
2.6487934e+04 4.7221508e+00 
2.6512946e+04 4.5068436e+00 
2.6537958e+04 4.2645988e+00 
2.6562970e+04 4.0041108e+00 
2.6587982e+04 3.7332919e+00 
2.6612995e+04 3.4630618e+00 
2.6638007e+04 3.1936517e+00 
2.6663019e+04 2.9416895e+00 
2.6688031e+04 2.7151744e+00 
2.6713043e+04 2.5230849e+00 
2.6738056e+04 2.3682201e+00 
2.6763068e+04 2.2545898e+00 
2.6788080e+04 2.1876857e+00 
2.6813092e+04 2.1727309e+00 
2.6838105e+04 2.2069292e+00 
2.6863117e+04 2.2870777e+00 
2.6888129e+04 2.4184604e+00 
2.6913141e+04 2.5882163e+00 
2.6938153e+04 2.7957578e+00 
2.6963166e+04 3.0315795e+00 
2.6988178e+04 3.2886446e+00 
2.7013190e+04 3.5580649e+00 
2.7038202e+04 3.8319592e+00 
2.7063214e+04 4.1010551e+00 
2.7088227e+04 4.3575134e+00 
2.7113239e+04 4.5903540e+00 
2.7138251e+04 4.7925272e+00 
2.7163263e+04 4.9576735e+00 
2.7188276e+04 5.0807734e+00 
2.7213288e+04 5.1565857e+00 
2.7238300e+04 5.1826363e+00 
2.7263312e+04 5.1599612e+00 
2.7288324e+04 5.0880857e+00 
2.7313337e+04 4.9715667e+00 
2.7338349e+04 4.8096890e+00 
2.7363361e+04 4.6089792e+00 
2.7388373e+04 4.3776751e+00 
2.7413385e+04 4.1254539e+00 
2.7438398e+04 3.8570695e+00 
2.7463410e+04 3.5860252e+00 
2.7488422e+04 3.3141336e+00 
2.7513434e+04 3.0548277e+00 
2.7538447e+04 2.8165183e+00 
2.7563459e+04 2.6087329e+00 
2.7588471e+04 2.4347694e+00 
2.7613483e+04 2.2998452e+00 
2.7638495e+04 2.2131789e+00 
2.7663508e+04 2.1734698e+00 
2.7688520e+04 2.1828027e+00 
2.7713532e+04 2.2450585e+00 
2.7738544e+04 2.3535535e+00 
2.7763556e+04 2.5028701e+00 
2.7788569e+04 2.6912117e+00 
2.7813581e+04 2.9136689e+00 
2.7838593e+04 3.1631014e+00 
2.7863605e+04 3.4284327e+00 
2.7888617e+04 3.6999264e+00 
2.7913630e+04 3.9731245e+00 
2.7938642e+04 4.2344770e+00 
2.7963654e+04 4.4786382e+00 
2.7988666e+04 4.6995764e+00 
2.8013679e+04 4.8830757e+00 
2.8038691e+04 5.0270100e+00 
2.8063703e+04 5.1252718e+00 
2.8088715e+04 5.1756020e+00 
2.8113727e+04 5.1777849e+00 
2.8138740e+04 5.1300631e+00 
2.8163752e+04 5.0352221e+00 
2.8188764e+04 4.8936391e+00 
2.8213776e+04 4.7109919e+00 
2.8238788e+04 4.5000505e+00 
2.8263801e+04 4.2539721e+00 
2.8288813e+04 3.9949238e+00 
2.8313825e+04 3.7219589e+00 
2.8338837e+04 3.4486461e+00 
2.8363850e+04 3.1817684e+00 
2.8388862e+04 2.9296842e+00 
2.8413874e+04 2.7056363e+00 
2.8438886e+04 2.5130267e+00 
2.8463898e+04 2.3601871e+00 
2.8488911e+04 2.2493310e+00 
2.8513923e+04 2.1865475e+00 
2.8538935e+04 2.1711404e+00 
2.8563947e+04 2.2095065e+00 
2.8588959e+04 2.2960205e+00 
2.8613972e+04 2.4275174e+00 
2.8638984e+04 2.6001327e+00 
2.8663996e+04 2.8107231e+00 
2.8689008e+04 3.0474403e+00 
2.8714021e+04 3.3074586e+00 
2.8739033e+04 3.5792634e+00 
2.8764045e+04 3.8510616e+00 
2.8789057e+04 4.1184187e+00 
2.8814069e+04 4.3738151e+00 
2.8839082e+04 4.6044202e+00 
2.8864094e+04 4.8058915e+00 
2.8889106e+04 4.9697070e+00 
2.8914118e+04 5.0879350e+00 
2.8939130e+04 5.1605778e+00 
2.8964143e+04 5.1845708e+00 
2.8989155e+04 5.1583891e+00 
2.9014167e+04 5.0823569e+00 
2.9039179e+04 4.9577241e+00 
2.9064191e+04 4.7945738e+00 
2.9089204e+04 4.5910382e+00 
2.9114216e+04 4.3585863e+00 
2.9139228e+04 4.1039286e+00 
2.9164240e+04 3.8342493e+00 
2.9189253e+04 3.5590725e+00 
2.9214265e+04 3.2892625e+00 
2.9239277e+04 3.0327666e+00 
2.9264289e+04 2.7948613e+00 
2.9289301e+04 2.5900245e+00 
2.9314314e+04 2.4182825e+00 
2.9339326e+04 2.2881269e+00 
2.9364338e+04 2.2054446e+00 
2.9389350e+04 2.1716127e+00 
2.9414362e+04 2.1889763e+00 
2.9439375e+04 2.2555149e+00 
2.9464387e+04 2.3709106e+00 
2.9489399e+04 2.5285721e+00 
2.9514411e+04 2.7243645e+00 
2.9539424e+04 2.9509232e+00 
2.9564436e+04 3.2032418e+00 
2.9589448e+04 3.4726031e+00 
2.9614460e+04 3.7444732e+00 
2.9639472e+04 4.0194259e+00 
2.9664485e+04 4.2803555e+00 
2.9689497e+04 4.5203996e+00 
2.9714509e+04 4.7338991e+00 
2.9739521e+04 4.9130039e+00 
2.9764533e+04 5.0474110e+00 
2.9789546e+04 5.1383390e+00 
2.9814558e+04 5.1798873e+00 
2.9839570e+04 5.1708431e+00 
2.9864582e+04 5.1126890e+00 
2.9889595e+04 5.0059471e+00 
2.9914607e+04 4.8557863e+00 
2.9939619e+04 4.6625628e+00 
2.9964631e+04 4.4393473e+00 
2.9989643e+04 4.1900349e+00 
3.0014656e+04 3.9254405e+00 
3.0039668e+04 3.6505888e+00 
3.0064680e+04 3.3772662e+00 
3.0089692e+04 3.1142776e+00 
3.0114704e+04 2.8695235e+00 
3.0139717e+04 2.6505353e+00 
3.0164729e+04 2.4655385e+00 
3.0189741e+04 2.3232596e+00 
3.0214753e+04 2.2240360e+00 
3.0239766e+04 2.1760833e+00 
3.0264778e+04 2.1786203e+00 
3.0289790e+04 2.2305734e+00 
3.0314802e+04 2.3309922e+00 
3.0339814e+04 2.4762900e+00 
3.0364827e+04 2.6603794e+00 
3.0389839e+04 2.8790646e+00 
3.0414851e+04 3.1245017e+00 
3.0439863e+04 3.3923454e+00 
3.0464875e+04 3.6653345e+00 
3.0489888e+04 3.9393497e+00 
3.0514900e+04 4.2041321e+00 
3.0539912e+04 4.4514990e+00 
3.0564924e+04 4.6745553e+00 
3.0589936e+04 4.8644724e+00 
3.0614949e+04 5.0136032e+00 
3.0639961e+04 5.1173606e+00 
3.0664973e+04 5.1725245e+00 
3.0689985e+04 5.1790276e+00 
3.0714998e+04 5.1336741e+00 
3.0740010e+04 5.0418882e+00 
3.0765022e+04 4.9052715e+00 
3.0790034e+04 4.7245493e+00 
3.0815046e+04 4.5081329e+00 
3.0840059e+04 4.2668595e+00 
3.0865071e+04 4.0043502e+00 
3.0890083e+04 3.7299557e+00 
3.0915095e+04 3.4554410e+00 
3.0940107e+04 3.1878173e+00 
3.0965120e+04 2.9392130e+00 
3.0990132e+04 2.7107720e+00 
3.1015144e+04 2.5175312e+00 
3.1040156e+04 2.3615499e+00 
3.1065169e+04 2.2489257e+00 
3.1090181e+04 2.1847076e+00 
3.1115193e+04 2.1719444e+00 
3.1140205e+04 2.2082276e+00 
3.1165217e+04 2.2940755e+00 
3.1190230e+04 2.4286215e+00 
3.1215242e+04 2.6013162e+00 
3.1240254e+04 2.8100274e+00 
3.1265266e+04 3.0470905e+00 
3.1290278e+04 3.3072057e+00 
3.1315291e+04 3.5777140e+00 
3.1340303e+04 3.8512979e+00 
3.1365315e+04 4.1214333e+00 
3.1390327e+04 4.3741798e+00 
3.1415340e+04 4.6065722e+00 
3.1440352e+04 4.8094554e+00 
3.1465364e+04 4.9704232e+00 
3.1490376e+04 5.0890174e+00 
3.1515388e+04 5.1603765e+00 
3.1540401e+04 5.1827970e+00 
3.1565413e+04 5.1539116e+00 
3.1590425e+04 5.0767937e+00 
3.1615437e+04 4.9535589e+00 
3.1640449e+04 4.7847786e+00 
3.1665462e+04 4.5781417e+00 
3.1690474e+04 4.3400402e+00 
3.1715486e+04 4.0814071e+00 
3.1740498e+04 3.8087883e+00 
3.1765511e+04 3.5343864e+00 
3.1790523e+04 3.2617049e+00 
3.1815535e+04 3.0024738e+00 
3.1840547e+04 2.7661250e+00 
3.1865559e+04 2.5618124e+00 
3.1890572e+04 2.3951116e+00 
3.1915584e+04 2.2722027e+00 
3.1940596e+04 2.1975369e+00 
3.1965608e+04 2.1717360e+00 
3.1990620e+04 2.1972423e+00 
3.2015633e+04 2.2708147e+00 
3.2040645e+04 2.3919222e+00 
3.2065657e+04 2.5581570e+00 
3.2090669e+04 2.7620876e+00 
3.2115681e+04 2.9925253e+00 
3.2140694e+04 3.2482226e+00 
3.2165706e+04 3.5189931e+00 
3.2190718e+04 3.7942505e+00 
3.2215730e+04 4.0667453e+00 
3.2240743e+04 4.3249774e+00 
3.2265755e+04 4.5641251e+00 
3.2290767e+04 4.7708359e+00 
3.2315779e+04 4.9416308e+00 
3.2340791e+04 5.0698214e+00 
3.2365804e+04 5.1490731e+00 
3.2390816e+04 5.1799393e+00 
3.2415828e+04 5.1627994e+00 
3.2440840e+04 5.0944643e+00 
3.2465852e+04 4.9784560e+00 
3.2490865e+04 4.8193240e+00 
3.2515877e+04 4.6221356e+00 
3.2540889e+04 4.3898625e+00 
3.2565901e+04 4.1367688e+00 
3.2590914e+04 3.8695545e+00 
3.2615926e+04 3.5925856e+00 
3.2640938e+04 3.3194797e+00 
3.2665950e+04 3.0559745e+00 
3.2690962e+04 2.8174739e+00 
3.2715975e+04 2.6026895e+00 
3.2740987e+04 2.4298611e+00 
3.2765999e+04 2.2962351e+00 
3.2791011e+04 2.2117023e+00 
3.2816023e+04 2.1756051e+00 
3.2841036e+04 2.1711543e+00 
3.2866048e+04 2.1890550e+00 
3.2891060e+04 2.2152696e+00 
3.2916072e+04 2.2517545e+00 
3.2941085e+04 2.2834783e+00 
3.2966097e+04 2.3112910e+00 
3.2991109e+04 2.3328209e+00 
3.3016121e+04 2.3464510e+00 
3.3041133e+04 2.3489163e+00 
3.3066146e+04 2.3461580e+00 
3.3091158e+04 2.3354990e+00 
3.3116170e+04 2.3174345e+00 
3.3141182e+04 2.2947016e+00 
3.3166194e+04 2.2701056e+00 
3.3191207e+04 2.2427349e+00 
3.3216219e+04 2.2163680e+00 
3.3241231e+04 2.1955080e+00 
3.3266243e+04 2.1778271e+00 
3.3291255e+04 2.1688120e+00 
3.3316268e+04 2.1701381e+00 
3.3341280e+04 2.1839576e+00 
3.3366292e+04 2.2129335e+00 
3.3391304e+04 2.2588019e+00 
3.3416317e+04 2.3213956e+00 
3.3441329e+04 2.4042175e+00 
3.3466341e+04 2.5081773e+00 
3.3491353e+04 2.6294911e+00 
3.3516365e+04 2.7717361e+00 
3.3541378e+04 2.9325833e+00 
3.3566390e+04 3.1095266e+00 
3.3591402e+04 3.3038614e+00 
3.3616414e+04 3.5037291e+00 
3.3641426e+04 3.7125564e+00 
3.3666439e+04 3.9240239e+00 
3.3691451e+04 4.1355133e+00 
3.3716463e+04 4.3399067e+00 
3.3741475e+04 4.5308161e+00 
3.3766488e+04 4.7068405e+00 
3.3791500e+04 4.8600440e+00 
3.3816512e+04 4.9895878e+00 
3.3841524e+04 5.0879159e+00 
3.3866536e+04 5.1521478e+00 
3.3891549e+04 5.1798034e+00 
3.3916561e+04 5.1721773e+00 
3.3941573e+04 5.1257834e+00 
3.3966585e+04 5.0423727e+00 
3.3991597e+04 4.9215879e+00 
3.4016610e+04 4.7665038e+00 
3.4041622e+04 4.5815368e+00 
3.4066634e+04 4.3691926e+00 
3.4091646e+04 4.1385050e+00 
3.4116659e+04 3.8923428e+00 
3.4141671e+04 3.6421053e+00 
3.4166683e+04 3.3888032e+00 
3.4191695e+04 3.1399734e+00 
3.4216707e+04 2.9101050e+00 
3.4241720e+04 2.7002683e+00 
3.4266732e+04 2.5208113e+00 
3.4291744e+04 2.3734770e+00 
3.4316756e+04 2.2620385e+00 
3.4341768e+04 2.1933222e+00 
3.4366781e+04 2.1722896e+00 
3.4391793e+04 2.1918604e+00 
3.4416805e+04 2.2594817e+00 
3.4441817e+04 2.3703310e+00 
3.4466830e+04 2.5196741e+00 
3.4491842e+04 2.7039211e+00 
3.4516854e+04 2.9212461e+00 
3.4541866e+04 3.1603429e+00 
3.4566878e+04 3.4160728e+00 
3.4591891e+04 3.6805687e+00 
3.4616903e+04 3.9461396e+00 
3.4641915e+04 4.2019553e+00 
3.4666927e+04 4.4438963e+00 
3.4691939e+04 4.6610618e+00 
3.4716952e+04 4.8465576e+00 
3.4741964e+04 4.9943371e+00 
3.4766976e+04 5.1034603e+00 
3.4791988e+04 5.1668882e+00 
3.4817000e+04 5.1826982e+00 
3.4842013e+04 5.1499577e+00 
3.4867025e+04 5.0716286e+00 
3.4892037e+04 4.9467874e+00 
3.4917049e+04 4.7827911e+00 
3.4942062e+04 4.5825276e+00 
3.4967074e+04 4.3497891e+00 
3.4992086e+04 4.1005211e+00 
3.5017098e+04 3.8336997e+00 
3.5042110e+04 3.5625939e+00 
3.5067123e+04 3.2939107e+00 
3.5092135e+04 3.0409586e+00 
3.5117147e+04 2.8083992e+00 
3.5142159e+04 2.6019685e+00 
3.5167171e+04 2.4308860e+00 
3.5192184e+04 2.2988789e+00 
3.5217196e+04 2.2114363e+00 
3.5242208e+04 2.1727557e+00 
3.5267220e+04 2.1822667e+00 
3.5292233e+04 2.2413754e+00 
3.5317245e+04 2.3468378e+00 
3.5342257e+04 2.4960167e+00 
3.5367269e+04 2.6794519e+00 
3.5392281e+04 2.8980784e+00 
3.5417294e+04 3.1411419e+00 
3.5442306e+04 3.4045370e+00 
3.5467318e+04 3.6720171e+00 
3.5492330e+04 3.9414356e+00 
3.5517342e+04 4.1997752e+00 
3.5542355e+04 4.4439702e+00 
3.5567367e+04 4.6628962e+00 
3.5592379e+04 4.8513827e+00 
3.5617391e+04 5.0024939e+00 
3.5642404e+04 5.1090984e+00 
3.5667416e+04 5.1691499e+00 
3.5692428e+04 5.1805015e+00 
3.5717440e+04 5.1440310e+00 
3.5742452e+04 5.0592546e+00 
3.5767465e+04 4.9309788e+00 
3.5792477e+04 4.7596655e+00 
3.5817489e+04 4.5534225e+00 
3.5842501e+04 4.3174596e+00 
3.5867513e+04 4.0631490e+00 
3.5892526e+04 3.7930009e+00 
3.5917538e+04 3.5220189e+00 
3.5942550e+04 3.2540863e+00 
3.5967562e+04 2.9983931e+00 
3.5992574e+04 2.7667429e+00 
3.6017587e+04 2.5660970e+00 
3.6042599e+04 2.4020276e+00 
3.6067611e+04 2.2788944e+00 
3.6092623e+04 2.2013495e+00 
3.6117636e+04 2.1707809e+00 
3.6142648e+04 2.1917353e+00 
3.6167660e+04 2.2598271e+00 
3.6192672e+04 2.3743966e+00 
3.6217684e+04 2.5305400e+00 
3.6242697e+04 2.7251477e+00 
3.6267709e+04 2.9534698e+00 
3.6292721e+04 3.2030122e+00 
3.6317733e+04 3.4690394e+00 
3.6342745e+04 3.7383256e+00 
3.6367758e+04 4.0079694e+00 
3.6392770e+04 4.2669406e+00 
3.6417782e+04 4.5086699e+00 
3.6442794e+04 4.7223296e+00 
3.6467807e+04 4.9003754e+00 
3.6492819e+04 5.0392332e+00 
3.6517831e+04 5.1331935e+00 
3.6542843e+04 5.1786504e+00 
3.6567855e+04 5.1742430e+00 
3.6592868e+04 5.1229229e+00 
3.6617880e+04 5.0229759e+00 
3.6642892e+04 4.8788419e+00 
3.6667904e+04 4.6963658e+00 
3.6692916e+04 4.4806108e+00 
3.6717929e+04 4.2374148e+00 
3.6742941e+04 3.9771404e+00 
3.6767953e+04 3.7064104e+00 
3.6792965e+04 3.4332941e+00 
3.6817978e+04 3.1664376e+00 
3.6842990e+04 2.9223816e+00 
3.6868002e+04 2.7020354e+00 
3.6893014e+04 2.5117507e+00 
3.6918026e+04 2.3582528e+00 
3.6943039e+04 2.2492771e+00 
3.6968051e+04 2.1866910e+00 
3.6993063e+04 2.1720347e+00 
3.7018075e+04 2.2074428e+00 
3.7043087e+04 2.2913427e+00 
3.7068100e+04 2.4205630e+00 
3.7093112e+04 2.5911407e+00 
3.7118124e+04 2.8010573e+00 
3.7143136e+04 3.0374219e+00 
3.7168149e+04 3.2941539e+00 
3.7193161e+04 3.5634923e+00 
3.7218173e+04 3.8333499e+00 
3.7243185e+04 4.1004019e+00 
3.7268197e+04 4.3536510e+00 
3.7293210e+04 4.5854173e+00 
3.7318222e+04 4.7888236e+00 
3.7343234e+04 4.9549012e+00 
3.7368246e+04 5.0771799e+00 
3.7393258e+04 5.1540570e+00 
3.7418271e+04 5.1819377e+00 
3.7443283e+04 5.1642365e+00 
3.7468295e+04 5.0941157e+00 
3.7493307e+04 4.9796996e+00 
3.7518319e+04 4.8220897e+00 
3.7543332e+04 4.6245966e+00 
3.7568344e+04 4.3951335e+00 
3.7593356e+04 4.1467729e+00 
3.7618368e+04 3.8830385e+00 
3.7643381e+04 3.6116498e+00 
3.7668393e+04 3.3405182e+00 
3.7693405e+04 3.0806241e+00 
3.7718417e+04 2.8436553e+00 
3.7743429e+04 2.6308157e+00 
3.7768442e+04 2.4544194e+00 
3.7793454e+04 2.3137698e+00 
3.7818466e+04 2.2202134e+00 
3.7843478e+04 2.1769805e+00 
3.7868490e+04 2.1802173e+00 
3.7893503e+04 2.2329035e+00 
3.7918515e+04 2.3330939e+00 
3.7943527e+04 2.4785903e+00 
3.7968539e+04 2.6638689e+00 
3.7993552e+04 2.8823946e+00 
3.8018564e+04 3.1259208e+00 
3.8043576e+04 3.3863354e+00 
3.8068588e+04 3.6585698e+00 
3.8093600e+04 3.9321158e+00 
3.8118613e+04 4.1938744e+00 
3.8143625e+04 4.4441762e+00 
3.8168637e+04 4.6642280e+00 
3.8193649e+04 4.8537655e+00 
3.8218661e+04 5.0045643e+00 
3.8243674e+04 5.1102543e+00 
3.8268686e+04 5.1715522e+00 
3.8293698e+04 5.1822209e+00 
3.8318710e+04 5.1422610e+00 
3.8343723e+04 5.0551658e+00 
3.8368735e+04 4.9250593e+00 
3.8393747e+04 4.7504992e+00 
3.8418759e+04 4.5428190e+00 
3.8443771e+04 4.3047500e+00 
3.8468784e+04 4.0489116e+00 
3.8493796e+04 3.7750671e+00 
3.8518808e+04 3.5035496e+00 
3.8543820e+04 3.2345147e+00 
3.8568832e+04 2.9811068e+00 
3.8593845e+04 2.7509882e+00 
3.8618857e+04 2.5526969e+00 
3.8643869e+04 2.3903010e+00 
3.8668881e+04 2.2702649e+00 
3.8693894e+04 2.1969662e+00 
3.8718906e+04 2.1711717e+00 
3.8743918e+04 2.1940877e+00 
3.8768930e+04 2.2668650e+00 
3.8793942e+04 2.3871021e+00 
3.8818955e+04 2.5473714e+00 
3.8843967e+04 2.7425818e+00 
3.8868979e+04 2.9714155e+00 
3.8893991e+04 3.2244518e+00 
3.8919003e+04 3.4922733e+00 
3.8944016e+04 3.7638502e+00 
3.8969028e+04 4.0331988e+00 
3.8994040e+04 4.2906513e+00 
3.9019052e+04 4.5283303e+00 
3.9044064e+04 4.7386227e+00 
3.9069077e+04 4.9123507e+00 
3.9094089e+04 5.0470695e+00 
3.9119101e+04 5.1374445e+00 
3.9144113e+04 5.1795316e+00 
3.9169126e+04 5.1728268e+00 
3.9194138e+04 5.1167908e+00 
3.9219150e+04 5.0149293e+00 
3.9244162e+04 4.8664985e+00 
3.9269174e+04 4.6794820e+00 
3.9294187e+04 4.4601021e+00 
3.9319199e+04 4.2137451e+00 
3.9344211e+04 3.9527709e+00 
3.9369223e+04 3.6809673e+00 
3.9394235e+04 3.4096668e+00 
3.9419248e+04 3.1468260e+00 
3.9444260e+04 2.9014866e+00 
3.9469272e+04 2.6813788e+00 
3.9494284e+04 2.4941168e+00 
3.9519297e+04 2.3448477e+00 
3.9544309e+04 2.2401004e+00 
3.9569321e+04 2.1822383e+00 
3.9594333e+04 2.1725643e+00 
3.9619345e+04 2.2153740e+00 
3.9644358e+04 2.3039634e+00 
3.9669370e+04 2.4388399e+00 
3.9694382e+04 2.6139009e+00 
3.9719394e+04 2.8234344e+00 
3.9744406e+04 3.0576222e+00 
3.9769419e+04 3.3198850e+00 
3.9794431e+04 3.5908902e+00 
3.9819443e+04 3.8603263e+00 
3.9844455e+04 4.1271596e+00 
3.9869468e+04 4.3776212e+00 
3.9894480e+04 4.6096220e+00 
3.9919492e+04 4.8071785e+00 
3.9944504e+04 4.9688272e+00 
3.9969516e+04 5.0868497e+00 
3.9994529e+04 5.1609206e+00 
4.0019541e+04 5.1838031e+00 
4.0044553e+04 5.1601248e+00 
4.0069565e+04 5.0861473e+00 
4.0094577e+04 4.9672399e+00 
4.0119590e+04 4.8056040e+00 
4.0144602e+04 4.6067791e+00 
4.0169614e+04 4.3770723e+00 
4.0194626e+04 4.1253505e+00 
4.0219638e+04 3.8593686e+00 
4.0244651e+04 3.5866613e+00 
4.0269663e+04 3.3182111e+00 
4.0294675e+04 3.0601399e+00 
4.0319687e+04 2.8226776e+00 
4.0344700e+04 2.6122568e+00 
4.0369712e+04 2.4368656e+00 
4.0394724e+04 2.3043075e+00 
4.0419736e+04 2.2134190e+00 
4.0444748e+04 2.1731615e+00 
4.0469761e+04 2.1830928e+00 
4.0494773e+04 2.2429609e+00 
4.0519785e+04 2.3489873e+00 
4.0544797e+04 2.5011709e+00 
4.0569809e+04 2.6906004e+00 
4.0594822e+04 2.9118650e+00 
4.0619834e+04 3.1615353e+00 
4.0644846e+04 3.4253902e+00 
4.0669858e+04 3.6991227e+00 
4.0694871e+04 3.9705844e+00 
4.0719883e+04 4.2306075e+00 
4.0744895e+04 4.4748383e+00 
4.0769907e+04 4.6935258e+00 
4.0794919e+04 4.8797617e+00 
4.0819932e+04 5.0244751e+00 
4.0844944e+04 5.1236529e+00 
4.0869956e+04 5.1750240e+00 
4.0894968e+04 5.1789007e+00 
4.0919980e+04 5.1326489e+00 
4.0944993e+04 5.0407100e+00 
4.0970005e+04 4.9027214e+00 
4.0995017e+04 4.7248430e+00 
4.1020029e+04 4.5131626e+00 
4.1045042e+04 4.2719774e+00 
4.1070054e+04 4.0148811e+00 
4.1095066e+04 3.7444022e+00 
4.1120078e+04 3.4736016e+00 
4.1145090e+04 3.2088387e+00 
4.1170103e+04 2.9585936e+00 
4.1195115e+04 2.7314608e+00 
4.1220127e+04 2.5361645e+00 
4.1245139e+04 2.3776722e+00 
4.1270151e+04 2.2618134e+00 
4.1295164e+04 2.1916816e+00 
4.1320176e+04 2.1719999e+00 
4.1345188e+04 2.2018085e+00 
4.1370200e+04 2.2811801e+00 
4.1395213e+04 2.4067354e+00 
4.1420225e+04 2.5721219e+00 
4.1445237e+04 2.7765658e+00 
4.1470249e+04 3.0102451e+00 
4.1495261e+04 3.2680578e+00 
4.1520274e+04 3.5367177e+00 
4.1545286e+04 3.8090825e+00 
4.1570298e+04 4.0780931e+00 
4.1595310e+04 4.3315110e+00 
4.1620322e+04 4.5696273e+00 
4.1645335e+04 4.7756195e+00 
4.1670347e+04 4.9451561e+00 
4.1695359e+04 5.0708103e+00 
4.1720371e+04 5.1524649e+00 
4.1745383e+04 5.1829371e+00 
4.1770396e+04 5.1661301e+00 
4.1795408e+04 5.1004257e+00 
4.1820420e+04 4.9871645e+00 
4.1845432e+04 4.8299503e+00 
4.1870445e+04 4.6331959e+00 
4.1895457e+04 4.4072375e+00 
4.1920469e+04 4.1554785e+00 
4.1945481e+04 3.8882589e+00 
4.1970493e+04 3.6171362e+00 
4.1995506e+04 3.3467445e+00 
4.2020518e+04 3.0837481e+00 
4.2045530e+04 2.8448176e+00 
4.2070542e+04 2.6307421e+00 
4.2095554e+04 2.4533565e+00 
4.2120567e+04 2.3157525e+00 
4.2145579e+04 2.2212727e+00 
4.2170591e+04 2.1757092e+00 
4.2195603e+04 2.1780696e+00 
4.2220616e+04 2.2343423e+00 
4.2245628e+04 2.3355544e+00 
4.2270640e+04 2.4807816e+00 
4.2295652e+04 2.6657536e+00 
4.2320664e+04 2.8841348e+00 
4.2345677e+04 3.1307099e+00 
4.2370689e+04 3.3936582e+00 
4.2395701e+04 3.6655815e+00 
4.2420713e+04 3.9363368e+00 
4.2445725e+04 4.2014914e+00 
4.2470738e+04 4.4471292e+00 
4.2495750e+04 4.6700282e+00 
4.2520762e+04 4.8591022e+00 
4.2545774e+04 5.0090728e+00 
4.2570787e+04 5.1140885e+00 
4.2595799e+04 5.1722670e+00 
4.2620811e+04 5.1823049e+00 
4.2645823e+04 5.1419559e+00 
4.2670835e+04 5.0548697e+00 
4.2695848e+04 4.9192719e+00 
4.2720860e+04 4.7442427e+00 
4.2745872e+04 4.5318503e+00 
4.2770884e+04 4.2909312e+00 
4.2795896e+04 4.0342813e+00 
4.2820909e+04 3.7586613e+00 
4.2845921e+04 3.4847550e+00 
4.2870933e+04 3.2165039e+00 
4.2895945e+04 2.9635477e+00 
4.2920957e+04 2.7348347e+00 
4.2945970e+04 2.5376620e+00 
4.2970982e+04 2.3776803e+00 
4.2995994e+04 2.2619925e+00 
4.3021006e+04 2.1918466e+00 
4.3046019e+04 2.1715114e+00 
4.3071031e+04 2.2016242e+00 
4.3096043e+04 2.2791717e+00 
4.3121055e+04 2.4054954e+00 
4.3146067e+04 2.5757163e+00 
4.3171080e+04 2.7788310e+00 
4.3196092e+04 3.0137601e+00 
4.3221104e+04 3.2684939e+00 
4.3246116e+04 3.5378346e+00 
4.3271128e+04 3.8081005e+00 
4.3296141e+04 4.0794735e+00 
4.3321153e+04 4.3355684e+00 
4.3346165e+04 4.5706429e+00 
4.3371177e+04 4.7760019e+00 
4.3396190e+04 4.9448943e+00 
4.3421202e+04 5.0703092e+00 
4.3446214e+04 5.1504354e+00 
4.3471226e+04 5.1841736e+00 
4.3496238e+04 5.1651750e+00 
4.3521251e+04 5.0992541e+00 
4.3546263e+04 4.9859858e+00 
4.3571275e+04 4.8306823e+00 
4.3596287e+04 4.6326208e+00 
4.3621299e+04 4.4053931e+00 
4.3646312e+04 4.1524816e+00 
4.3671324e+04 3.8852909e+00 
4.3696336e+04 3.6121600e+00 
4.3721348e+04 3.3381150e+00 
4.3746361e+04 3.0761533e+00 
4.3771373e+04 2.8361318e+00 
4.3796385e+04 2.6227570e+00 
4.3821397e+04 2.4468298e+00 
4.3846409e+04 2.3094616e+00 
4.3871422e+04 2.2187386e+00 
4.3896434e+04 2.1757214e+00 
4.3921446e+04 2.1829758e+00 
4.3946458e+04 2.2372963e+00 
4.3971470e+04 2.3403132e+00 
4.3996483e+04 2.4879668e+00 
4.4021495e+04 2.6752303e+00 
4.4046507e+04 2.8938000e+00 
4.4071519e+04 3.1408665e+00 
4.4096532e+04 3.4022179e+00 
4.4121544e+04 3.6761973e+00 
4.4146556e+04 3.9503956e+00 
4.4171568e+04 4.2141681e+00 
4.4196580e+04 4.4619045e+00 
4.4221593e+04 4.6827316e+00 
4.4246605e+04 4.8728642e+00 
4.4271617e+04 5.0180359e+00 
4.4296629e+04 5.1204109e+00 
4.4321641e+04 5.1758389e+00 
4.4346654e+04 5.1809196e+00 
4.4371666e+04 5.1373196e+00 
4.4396678e+04 5.0446825e+00 
4.4421690e+04 4.9055290e+00 
4.4446702e+04 4.7247519e+00 
4.4471715e+04 4.5100622e+00 
4.4496727e+04 4.2693233e+00 
4.4521739e+04 4.0096278e+00 
4.4546751e+04 3.7357213e+00 
4.4571764e+04 3.4619122e+00 
4.4596776e+04 3.1930280e+00 
4.4621788e+04 2.9431069e+00 
4.4646800e+04 2.7166855e+00 
4.4671812e+04 2.5213001e+00 
4.4696825e+04 2.3666134e+00 
4.4721837e+04 2.2559121e+00 
4.4746849e+04 2.1886177e+00 
4.4771861e+04 2.1711593e+00 
4.4796873e+04 2.2077453e+00 
4.4821886e+04 2.2936292e+00 
4.4846898e+04 2.4231312e+00 
4.4871910e+04 2.5954332e+00 
4.4896922e+04 2.8043454e+00 
4.4921935e+04 3.0394037e+00 
4.4946947e+04 3.2999458e+00 
4.4971959e+04 3.5731587e+00 
4.4996971e+04 3.8455794e+00 
4.5021983e+04 4.1130829e+00 
4.5046996e+04 4.3669348e+00 
4.5072008e+04 4.5996118e+00 
4.5097020e+04 4.8019166e+00 
4.5122032e+04 4.9649606e+00 
4.5147044e+04 5.0856047e+00 
4.5172057e+04 5.1600275e+00 
4.5197069e+04 5.1843543e+00 
4.5222081e+04 5.1593313e+00 
4.5247093e+04 5.0845227e+00 
4.5272106e+04 4.9628758e+00 
4.5297118e+04 4.7988110e+00 
4.5322130e+04 4.5956235e+00 
4.5347142e+04 4.3620481e+00 
4.5372154e+04 4.1074791e+00 
4.5397167e+04 3.8356180e+00 
4.5422179e+04 3.5609612e+00 
4.5447191e+04 3.2916377e+00 
4.5472203e+04 3.0316403e+00 
4.5497215e+04 2.7956722e+00 
4.5522228e+04 2.5867689e+00 
4.5547240e+04 2.4168491e+00 
4.5572252e+04 2.2867329e+00 
4.5597264e+04 2.2032151e+00 
4.5622277e+04 2.1717331e+00 
4.5647289e+04 2.1903231e+00 
4.5672301e+04 2.2577252e+00 
4.5697313e+04 2.3733439e+00 
4.5722325e+04 2.5302815e+00 
4.5747338e+04 2.7244971e+00 
4.5772350e+04 2.9504366e+00 
4.5797362e+04 3.2043543e+00 
4.5822374e+04 3.4735720e+00 
4.5847386e+04 3.7485399e+00 
4.5872399e+04 4.0216861e+00 
4.5897411e+04 4.2786894e+00 
4.5922423e+04 4.5204334e+00 
4.5947435e+04 4.7331533e+00 
4.5972447e+04 4.9096727e+00 
4.5997460e+04 5.0473332e+00 
4.6022472e+04 5.1392884e+00 
4.6047484e+04 5.1816306e+00 
4.6072496e+04 5.1752577e+00 
4.6097509e+04 5.1177325e+00 
4.6122521e+04 5.0124354e+00 
4.6147533e+04 4.8648481e+00 
4.6172545e+04 4.6755557e+00 
4.6197557e+04 4.4525280e+00 
4.6222570e+04 4.2030458e+00 
4.6247582e+04 3.9397843e+00 
4.6272594e+04 3.6655910e+00 
4.6297606e+04 3.3895252e+00 
4.6322618e+04 3.1261311e+00 
4.6347631e+04 2.8795209e+00 
4.6372643e+04 2.6593378e+00 
4.6397655e+04 2.4749441e+00 
4.6422667e+04 2.3297920e+00 
4.6447680e+04 2.2284422e+00 
4.6472692e+04 2.1781349e+00 
4.6497704e+04 2.1772246e+00 
4.6522716e+04 2.2285764e+00 
4.6547728e+04 2.3271077e+00 
4.6572741e+04 2.4701626e+00 
4.6597753e+04 2.6518266e+00 
4.6622765e+04 2.8704836e+00 
4.6647777e+04 3.1167972e+00 
4.6672789e+04 3.3832409e+00 
4.6697802e+04 3.6583338e+00 
4.6722814e+04 3.9341223e+00 
4.6747826e+04 4.2002687e+00 
4.6772838e+04 4.4484973e+00 
4.6797851e+04 4.6717873e+00 
4.6822863e+04 4.8631091e+00 
4.6847875e+04 5.0131340e+00 
4.6872887e+04 5.1185713e+00 
4.6897899e+04 5.1752272e+00 
4.6922912e+04 5.1825190e+00 
4.6947924e+04 5.1376333e+00 
4.6972936e+04 5.0458522e+00 
4.6997948e+04 4.9074578e+00 
4.7022960e+04 4.7287769e+00 
4.7047973e+04 4.5148220e+00 
4.7072985e+04 4.2711163e+00 
4.7097997e+04 4.0091934e+00 
4.7123009e+04 3.7318308e+00 
4.7148021e+04 3.4581628e+00 
4.7173034e+04 3.1903760e+00 
4.7198046e+04 2.9388440e+00 
4.7223058e+04 2.7115192e+00 
4.7248070e+04 2.5192239e+00 
4.7273083e+04 2.3630004e+00 
4.7298095e+04 2.2505584e+00 
4.7323107e+04 2.1871092e+00 
4.7348119e+04 2.1736493e+00 
4.7373131e+04 2.2111430e+00 
4.7398144e+04 2.2956102e+00 
4.7423156e+04 2.4298613e+00 
4.7448168e+04 2.6013222e+00 
4.7473180e+04 2.8134589e+00 
4.7498192e+04 3.0524201e+00 
4.7523205e+04 3.3123720e+00 
4.7548217e+04 3.5871077e+00 
4.7573229e+04 3.8629234e+00 
4.7598241e+04 4.1298738e+00 
4.7623254e+04 4.3813572e+00 
4.7648266e+04 4.6139455e+00 
4.7673278e+04 4.8126297e+00 
4.7698290e+04 4.9745269e+00 
4.7723302e+04 5.0934348e+00 
4.7748315e+04 5.1648064e+00 
4.7773327e+04 5.1850352e+00 
4.7798339e+04 5.1543922e+00 
4.7823351e+04 5.0768819e+00 
4.7848363e+04 4.9516149e+00 
4.7873376e+04 4.7832994e+00 
4.7898388e+04 4.5790887e+00 
4.7923400e+04 4.3423662e+00 
4.7948412e+04 4.0856218e+00 
4.7973425e+04 3.8142197e+00 
4.7998437e+04 3.5398185e+00 
4.8023449e+04 3.2674983e+00 
4.8048461e+04 3.0122221e+00 
4.8073473e+04 2.7779737e+00 
4.8098486e+04 2.5741587e+00 
4.8123498e+04 2.4047451e+00 
4.8148510e+04 2.2791743e+00 
4.8173522e+04 2.2009323e+00 
4.8198534e+04 2.1719599e+00 
4.8223547e+04 2.1935885e+00 
4.8248559e+04 2.2657733e+00 
4.8273571e+04 2.3842230e+00 
4.8298583e+04 2.5465603e+00 
4.8323596e+04 2.7475727e+00 
4.8348608e+04 2.9795606e+00 
4.8373620e+04 3.2373304e+00 
4.8398632e+04 3.5080268e+00 
4.8423644e+04 3.7844546e+00 
4.8448657e+04 4.0551157e+00 
4.8473669e+04 4.3157034e+00 
4.8498681e+04 4.5532284e+00 
4.8523693e+04 4.7628202e+00 
4.8548705e+04 4.9355454e+00 
4.8573718e+04 5.0656357e+00 
4.8598730e+04 5.1497641e+00 
4.8623742e+04 5.1835723e+00 
4.8648754e+04 5.1677613e+00 
4.8673766e+04 5.1034107e+00 
4.8698779e+04 4.9903021e+00 
4.8723791e+04 4.8332138e+00 
4.8748803e+04 4.6367903e+00 
4.8773815e+04 4.4068332e+00 
4.8798828e+04 4.1533518e+00 
4.8823840e+04 3.8850377e+00 
4.8848852e+04 3.6083586e+00 
4.8873864e+04 3.3356552e+00 
4.8898876e+04 3.0735242e+00 
4.8923889e+04 2.8326921e+00 
4.8948901e+04 2.6177306e+00 
4.8973913e+04 2.4421277e+00 
4.8998925e+04 2.3051224e+00 
4.9023937e+04 2.2140479e+00 
4.9048950e+04 2.1733143e+00 
4.9073962e+04 2.1843905e+00 
4.9098974e+04 2.2456977e+00 
4.9123986e+04 2.3526509e+00 
4.9148999e+04 2.5092847e+00 
4.9174011e+04 2.6968503e+00 
4.9199023e+04 2.8917849e+00 
4.9224035e+04 3.0758817e+00 
4.9249047e+04 3.2439196e+00 
4.9274060e+04 3.3888600e+00 
4.9299072e+04 3.5114574e+00 
4.9324084e+04 3.6110661e+00 
4.9349096e+04 3.6876631e+00 
4.9374108e+04 3.7426925e+00 
4.9399121e+04 3.7770457e+00 
4.9424133e+04 3.7941155e+00 
4.9449145e+04 3.7943671e+00 
4.9474157e+04 3.7780256e+00 
4.9499170e+04 3.7433062e+00 
4.9524182e+04 3.6944294e+00 
4.9549194e+04 3.6324377e+00 
4.9574206e+04 3.5585151e+00 
4.9599218e+04 3.4708810e+00 
4.9624231e+04 3.3738945e+00 
4.9649243e+04 3.2682228e+00 
4.9674255e+04 3.1540933e+00 
4.9699267e+04 3.0345995e+00 
4.9724279e+04 2.9163835e+00 
4.9749292e+04 2.7967179e+00 
4.9774304e+04 2.6747231e+00 
4.9799316e+04 2.5625353e+00 
4.9824328e+04 2.4585311e+00 
4.9849340e+04 2.3651080e+00 
4.9874353e+04 2.2880759e+00 
4.9899365e+04 2.2276123e+00 
4.9924377e+04 2.1857102e+00 
4.9949389e+04 2.1689837e+00 
4.9974402e+04 2.1782994e+00 
4.9999414e+04 2.2157166e+00 
5.0024426e+04 2.2812157e+00 
5.0049438e+04 2.3753784e+00 
5.0074450e+04 2.4945750e+00 
5.0099463e+04 2.6428213e+00 
5.0124475e+04 2.8154774e+00 
5.0149487e+04 3.0071888e+00 
5.0174499e+04 3.2209947e+00 
5.0199511e+04 3.4450767e+00 
5.0224524e+04 3.6734500e+00 
5.0249536e+04 3.9078357e+00 
5.0274548e+04 4.1397057e+00 
5.0299560e+04 4.3598623e+00 
5.0324573e+04 4.5663371e+00 
5.0349585e+04 4.7513614e+00 
5.0374597e+04 4.9085112e+00 
5.0399609e+04 5.0339093e+00 
5.0424621e+04 5.1231031e+00 
5.0449634e+04 5.1727257e+00 
5.0474646e+04 5.1834393e+00 
5.0499658e+04 5.1542258e+00 
5.0524670e+04 5.0825872e+00 
5.0549682e+04 4.9705973e+00 
5.0574695e+04 4.8223500e+00 
5.0599707e+04 4.6388960e+00 
5.0624719e+04 4.4237003e+00 
5.0649731e+04 4.1927285e+00 
5.0674744e+04 3.9434688e+00 
5.0699756e+04 3.6852684e+00 
5.0724768e+04 3.4303489e+00 
5.0749780e+04 3.1772044e+00 
5.0774792e+04 2.9385536e+00 
5.0799805e+04 2.7203469e+00 
5.0824817e+04 2.5351713e+00 
5.0849829e+04 2.3825924e+00 
5.0874841e+04 2.2672551e+00 
5.0899853e+04 2.1977029e+00 
5.0924866e+04 2.1723156e+00 
5.0949878e+04 2.1917827e+00 
5.0974890e+04 2.2600954e+00 
5.0999902e+04 2.3716340e+00 
5.1024915e+04 2.5246398e+00 
5.1049927e+04 2.7092276e+00 
5.1074939e+04 2.9284465e+00 
5.1099951e+04 3.1728747e+00 
5.1124963e+04 3.4304445e+00 
5.1149976e+04 3.6973517e+00 
5.1174988e+04 3.9651582e+00 
5.1200000e+04 4.2230568e+00 
