0.0000000e+00 7.3858598e-07 
6.4000000e+01 3.2055797e-07 
1.2800000e+02 2.6640587e-08 
1.9200000e+02 6.1734956e-10 
2.5600000e+02 1.9717259e-11 
3.2000000e+02 1.5958830e-11 
3.8400000e+02 8.7945163e-12 
4.4800000e+02 3.8592510e-12 
5.1200000e+02 6.4022633e-12 
5.7600000e+02 5.2458541e-12 
6.4000000e+02 8.1821338e-12 
7.0400000e+02 4.3637815e-12 
7.6800000e+02 9.9325288e-12 
8.3200000e+02 7.5367134e-12 
8.9600000e+02 3.2653186e-12 
9.6000000e+02 3.5388680e-12 
1.0240000e+03 1.0117997e-11 
1.0880000e+03 1.1107740e-11 
1.1520000e+03 1.0557046e-11 
1.2160000e+03 4.3957503e-12 
1.2800000e+03 1.4795277e-12 
1.3440000e+03 2.7433852e-12 
1.4080000e+03 3.2028883e-12 
1.4720000e+03 3.2278336e-12 
1.5360000e+03 3.7667668e-12 
1.6000000e+03 4.9270492e-12 
1.6640000e+03 3.7474693e-12 
1.7280000e+03 3.6893904e-12 
1.7920000e+03 2.5366560e-12 
1.8560000e+03 6.7637687e-13 
1.9200000e+03 1.1023810e-12 
1.9840000e+03 1.6425730e-12 
2.0480000e+03 4.8702530e-13 
2.1120000e+03 1.0914622e-12 
2.1760000e+03 8.5473664e-13 
2.2400000e+03 7.1708367e-13 
2.3040000e+03 1.8364333e-13 
2.3680000e+03 6.8753916e-13 
2.4320000e+03 9.5099666e-13 
2.4960000e+03 6.6518254e-13 
2.5600000e+03 9.7200828e-13 
2.6240000e+03 8.1936774e-13 
2.6880000e+03 3.6872442e-13 
2.7520000e+03 6.2392675e-13 
2.8160000e+03 1.8525658e-12 
2.8800000e+03 6.5219547e-13 
2.9440000e+03 1.2561319e-12 
3.0080000e+03 6.2691378e-13 
3.0720000e+03 2.0293227e-12 
3.1360000e+03 2.6229433e-12 
3.2000000e+03 2.3409770e-12 
3.2640000e+03 5.0449852e-13 
3.3280000e+03 2.9253122e-13 
3.3920000e+03 5.5952308e-13 
3.4560000e+03 1.2339082e-12 
3.5200000e+03 2.4554926e-12 
3.5840000e+03 4.8699105e-12 
3.6480000e+03 1.9207342e-11 
3.7120000e+03 1.4394306e-11 
3.7760000e+03 1.8042517e-11 
3.8400000e+03 2.4401464e-12 
3.9040000e+03 4.3238246e-13 
3.9680000e+03 4.3529573e-13 
4.0320000e+03 1.7661958e-13 
4.0960000e+03 3.5385960e-13 
4.1600000e+03 1.8773213e-13 
4.2240000e+03 3.4355060e-13 
4.2880000e+03 4.3544104e-13 
4.3520000e+03 4.4186578e-13 
4.4160000e+03 4.4543335e-13 
4.4800000e+03 3.1518993e-13 
4.5440000e+03 2.4654719e-13 
4.6080000e+03 3.6825995e-13 
4.6720000e+03 2.8113598e-13 
4.7360000e+03 4.7608320e-13 
4.8000000e+03 3.6269035e-13 
4.8640000e+03 2.2871212e-13 
4.9280000e+03 3.4175980e-13 
4.9920000e+03 3.2052946e-13 
5.0560000e+03 3.8101840e-13 
5.1200000e+03 3.1637223e-13 
5.1840000e+03 4.0343179e-13 
5.2480000e+03 3.8472106e-13 
5.3120000e+03 3.9196080e-13 
5.3760000e+03 3.1479913e-13 
5.4400000e+03 2.5776863e-13 
5.5040000e+03 3.1901695e-13 
5.5680000e+03 2.5946893e-13 
5.6320000e+03 2.8234302e-13 
5.6960000e+03 4.6031934e-13 
5.7600000e+03 4.5844107e-13 
5.8240000e+03 2.6678112e-13 
5.8880000e+03 7.5385675e-14 
5.9520000e+03 3.2603748e-14 
6.0160000e+03 2.6798125e-13 
6.0800000e+03 3.5073653e-13 
6.1440000e+03 2.8221596e-13 
6.2080000e+03 3.5790533e-13 
6.2720000e+03 2.8294318e-13 
6.3360000e+03 2.5267936e-13 
6.4000000e+03 3.3288707e-13 
6.4640000e+03 3.0428608e-13 
6.5280000e+03 2.6530251e-13 
6.5920000e+03 3.0473275e-13 
6.6560000e+03 3.1692712e-13 
6.7200000e+03 2.1309499e-13 
6.7840000e+03 1.7594717e-13 
6.8480000e+03 1.4322732e-13 
6.9120000e+03 9.7526445e-14 
6.9760000e+03 1.6005471e-13 
7.0400000e+03 2.2948687e-13 
7.1040000e+03 3.8751142e-13 
7.1680000e+03 4.6206734e-13 
7.2320000e+03 3.6090355e-13 
7.2960000e+03 3.3652299e-13 
7.3600000e+03 2.6975305e-13 
7.4240000e+03 2.0592599e-13 
7.4880000e+03 2.3412034e-13 
7.5520000e+03 3.3537290e-13 
7.6160000e+03 3.4962308e-13 
7.6800000e+03 3.6315016e-13 
7.7440000e+03 3.9925352e-13 
7.8080000e+03 2.3991917e-13 
7.8720000e+03 1.6039951e-13 
7.9360000e+03 2.4971670e-13 
8.0000000e+03 2.3666605e-13 
8.0640000e+03 2.2616899e-13 
8.1280000e+03 2.3767015e-13 
8.1920000e+03 2.3101939e-13 
8.2560000e+03 1.9378116e-13 
8.3200000e+03 1.6112709e-13 
8.3840000e+03 1.9593299e-13 
8.4480000e+03 1.9345888e-13 
8.5120000e+03 1.3621289e-13 
8.5760000e+03 2.6433020e-13 
8.6400000e+03 3.2776893e-13 
8.7040000e+03 2.4468107e-13 
8.7680000e+03 1.0697342e-13 
8.8320000e+03 9.0076757e-14 
8.8960000e+03 2.0799699e-13 
8.9600000e+03 2.6662242e-13 
9.0240000e+03 2.9572246e-13 
9.0880000e+03 2.1796871e-13 
9.1520000e+03 1.6845996e-13 
9.2160000e+03 2.0925729e-13 
9.2800000e+03 1.7967790e-13 
9.3440000e+03 1.8187670e-13 
9.4080000e+03 2.1196372e-13 
9.4720000e+03 1.4755822e-13 
9.5360000e+03 1.2740416e-13 
9.6000000e+03 1.0050612e-13 
9.6640000e+03 1.5792852e-13 
9.7280000e+03 1.6523116e-13 
9.7920000e+03 9.7958290e-14 
9.8560000e+03 1.9537833e-13 
9.9200000e+03 3.1933934e-13 
9.9840000e+03 3.5455262e-13 
1.0048000e+04 2.7989170e-13 
1.0112000e+04 1.4457630e-13 
1.0176000e+04 1.6572208e-13 
1.0240000e+04 1.7883907e-13 
1.0304000e+04 1.7772566e-13 
1.0368000e+04 1.8741948e-13 
1.0432000e+04 2.0590609e-13 
1.0496000e+04 2.3737807e-13 
1.0560000e+04 2.2629269e-13 
1.0624000e+04 8.5705402e-14 
1.0688000e+04 3.9261031e-14 
1.0752000e+04 4.6073093e-14 
1.0816000e+04 7.0903542e-14 
1.0880000e+04 1.2825074e-13 
1.0944000e+04 1.3837025e-13 
1.1008000e+04 1.8775892e-13 
1.1072000e+04 1.9570467e-13 
1.1136000e+04 1.4417241e-13 
1.1200000e+04 1.2636988e-13 
1.1264000e+04 1.5199105e-13 
1.1328000e+04 1.2269993e-13 
1.1392000e+04 8.2953860e-14 
1.1456000e+04 1.6798676e-13 
1.1520000e+04 2.1021527e-13 
1.1584000e+04 1.3426478e-13 
1.1648000e+04 1.2880025e-13 
1.1712000e+04 1.6581272e-13 
1.1776000e+04 1.2609407e-13 
1.1840000e+04 1.5393653e-13 
1.1904000e+04 1.3843954e-13 
1.1968000e+04 1.1585283e-13 
1.2032000e+04 1.8275346e-13 
1.2096000e+04 2.2146176e-13 
1.2160000e+04 1.6715477e-13 
1.2224000e+04 1.2265333e-13 
1.2288000e+04 1.3988927e-13 
1.2352000e+04 1.8650764e-13 
1.2416000e+04 1.8158020e-13 
1.2480000e+04 1.3529711e-13 
1.2544000e+04 1.4459249e-13 
1.2608000e+04 1.5566711e-13 
1.2672000e+04 1.5571736e-13 
1.2736000e+04 1.6301939e-13 
1.2800000e+04 1.8678799e-13 
1.2864000e+04 1.5238773e-13 
1.2928000e+04 1.5183659e-13 
1.2992000e+04 1.7181561e-13 
1.3056000e+04 1.8299641e-13 
1.3120000e+04 1.8434473e-13 
1.3184000e+04 2.2270534e-13 
1.3248000e+04 2.1834382e-13 
1.3312000e+04 1.6685626e-13 
1.3376000e+04 2.1538512e-13 
1.3440000e+04 2.9923094e-13 
1.3504000e+04 2.9566792e-13 
1.3568000e+04 2.3826587e-13 
1.3632000e+04 1.7752557e-13 
1.3696000e+04 1.0561591e-13 
1.3760000e+04 9.4050893e-14 
1.3824000e+04 1.4578968e-13 
1.3888000e+04 1.9391652e-13 
1.3952000e+04 1.9413850e-13 
1.4016000e+04 2.0835310e-13 
1.4080000e+04 1.7793575e-13 
1.4144000e+04 1.8363082e-13 
1.4208000e+04 2.1221707e-13 
1.4272000e+04 1.7867420e-13 
1.4336000e+04 2.1606206e-13 
1.4400000e+04 2.0152322e-13 
1.4464000e+04 1.4060560e-13 
1.4528000e+04 6.7625511e-13 
1.4592000e+04 1.4243475e-12 
1.4656000e+04 4.3860987e-13 
1.4720000e+04 7.6441030e-14 
1.4784000e+04 1.3606222e-13 
1.4848000e+04 1.8311702e-13 
1.4912000e+04 2.4452689e-13 
1.4976000e+04 3.4023151e-13 
1.5040000e+04 3.8309904e-13 
1.5104000e+04 4.9422846e-13 
1.5168000e+04 4.9101782e-13 
1.5232000e+04 5.2254240e-13 
1.5296000e+04 1.0684712e-12 
1.5360000e+04 4.2917193e-12 
1.5424000e+04 4.0151571e-12 
1.5488000e+04 4.6334351e-12 
1.5552000e+04 2.5474631e-12 
1.5616000e+04 8.0064059e-13 
1.5680000e+04 6.9661339e-13 
1.5744000e+04 4.3120957e-13 
1.5808000e+04 3.1556875e-13 
1.5872000e+04 1.6383295e-13 
1.5936000e+04 1.1335620e-13 
1.6000000e+04 1.6426307e-13 
1.6064000e+04 2.6022728e-13 
1.6128000e+04 2.2740403e-13 
1.6192000e+04 1.3342157e-13 
1.6256000e+04 1.6351307e-13 
1.6320000e+04 2.2837686e-13 
1.6384000e+04 2.1435369e-13 
1.6448000e+04 1.4248856e-13 
1.6512000e+04 1.6128215e-13 
1.6576000e+04 2.2953625e-13 
1.6640000e+04 2.0158917e-13 
1.6704000e+04 2.2423639e-13 
1.6768000e+04 2.2323414e-13 
1.6832000e+04 2.3661826e-13 
1.6896000e+04 2.5181967e-13 
1.6960000e+04 2.6362763e-13 
1.7024000e+04 2.0048332e-13 
1.7088000e+04 1.6154232e-13 
1.7152000e+04 1.5452175e-13 
1.7216000e+04 1.6822892e-13 
1.7280000e+04 2.0057667e-13 
1.7344000e+04 2.1283684e-13 
1.7408000e+04 1.9460972e-13 
1.7472000e+04 1.8929522e-13 
1.7536000e+04 1.1673181e-13 
1.7600000e+04 7.6778665e-14 
1.7664000e+04 1.3826000e-13 
1.7728000e+04 1.5020599e-13 
1.7792000e+04 1.3560050e-13 
1.7856000e+04 1.6351559e-13 
1.7920000e+04 1.6837564e-13 
1.7984000e+04 1.6873097e-13 
1.8048000e+04 1.8470373e-13 
1.8112000e+04 1.9926973e-13 
1.8176000e+04 1.8900281e-13 
1.8240000e+04 2.0477972e-13 
1.8304000e+04 1.9711544e-13 
1.8368000e+04 1.2122214e-13 
1.8432000e+04 7.0545566e-14 
1.8496000e+04 1.0537452e-13 
1.8560000e+04 1.4100075e-13 
1.8624000e+04 1.8035386e-13 
1.8688000e+04 1.6435110e-13 
1.8752000e+04 1.1103350e-13 
1.8816000e+04 1.3480482e-13 
1.8880000e+04 1.4146036e-13 
1.8944000e+04 1.5252601e-13 
1.9008000e+04 1.7299489e-13 
1.9072000e+04 1.7092974e-13 
1.9136000e+04 1.3655190e-13 
1.9200000e+04 1.4906482e-13 
1.9264000e+04 2.3117212e-13 
1.9328000e+04 3.2935259e-13 
1.9392000e+04 3.5462037e-14 
1.9456000e+04 1.0619288e-13 
1.9520000e+04 7.7775606e-13 
1.9584000e+04 1.9593428e-12 
1.9648000e+04 1.1018001e-12 
1.9712000e+04 2.2762586e-13 
1.9776000e+04 1.2747496e-13 
1.9840000e+04 5.0839311e-15 
1.9904000e+04 4.4428553e-13 
1.9968000e+04 1.6237773e-12 
2.0032000e+04 2.2968146e-12 
2.0096000e+04 9.8863745e-13 
2.0160000e+04 1.3459658e-13 
2.0224000e+04 3.9489907e-13 
2.0288000e+04 6.6559453e-13 
2.0352000e+04 8.2815531e-13 
2.0416000e+04 3.4118018e-13 
2.0480000e+04 8.4626330e-14 
2.0544000e+04 1.9914157e-13 
2.0608000e+04 1.9418968e-13 
2.0672000e+04 1.6259860e-13 
2.0736000e+04 1.9717908e-13 
2.0800000e+04 2.3382541e-13 
2.0864000e+04 2.2298035e-13 
2.0928000e+04 1.9674960e-13 
2.0992000e+04 1.7411192e-13 
2.1056000e+04 1.7249418e-13 
2.1120000e+04 1.6168071e-13 
2.1184000e+04 1.5885127e-13 
2.1248000e+04 2.0039044e-13 
2.1312000e+04 2.0004927e-13 
2.1376000e+04 1.7656646e-13 
2.1440000e+04 1.9636243e-13 
2.1504000e+04 1.8600212e-13 
2.1568000e+04 1.7939365e-13 
2.1632000e+04 1.7363046e-13 
2.1696000e+04 1.7856868e-13 
2.1760000e+04 1.9781182e-13 
2.1824000e+04 1.7495125e-13 
2.1888000e+04 2.0364607e-13 
2.1952000e+04 2.2040512e-13 
2.2016000e+04 2.0299199e-13 
2.2080000e+04 1.8758871e-13 
2.2144000e+04 2.0273719e-13 
2.2208000e+04 1.8202014e-13 
2.2272000e+04 1.4400028e-13 
2.2336000e+04 1.4870681e-13 
2.2400000e+04 1.8931850e-13 
2.2464000e+04 1.9649657e-13 
2.2528000e+04 1.5688500e-13 
2.2592000e+04 1.2954739e-13 
2.2656000e+04 1.4591204e-13 
2.2720000e+04 1.4113674e-13 
2.2784000e+04 1.5284016e-13 
2.2848000e+04 1.9940850e-13 
2.2912000e+04 2.0462688e-13 
2.2976000e+04 1.7900880e-13 
2.3040000e+04 1.5519847e-13 
2.3104000e+04 1.7505424e-13 
2.3168000e+04 1.7125398e-13 
2.3232000e+04 1.8154631e-13 
2.3296000e+04 2.0380712e-13 
2.3360000e+04 2.2234180e-13 
2.3424000e+04 2.1038013e-13 
2.3488000e+04 1.5803607e-13 
2.3552000e+04 1.4372039e-13 
2.3616000e+04 1.4103203e-13 
2.3680000e+04 1.4050837e-13 
2.3744000e+04 1.4268675e-13 
2.3808000e+04 1.6511147e-13 
2.3872000e+04 1.6506833e-13 
2.3936000e+04 1.6941299e-13 
2.4000000e+04 1.8565527e-13 
2.4064000e+04 2.0196269e-13 
2.4128000e+04 1.7748581e-13 
2.4192000e+04 1.5706081e-13 
2.4256000e+04 1.4719480e-13 
2.4320000e+04 1.2151958e-13 
2.4384000e+04 1.6233423e-13 
2.4448000e+04 2.1313616e-13 
2.4512000e+04 2.2387772e-13 
2.4576000e+04 2.4414059e-13 
2.4640000e+04 2.2360798e-13 
2.4704000e+04 1.4274285e-13 
2.4768000e+04 1.1752142e-13 
2.4832000e+04 1.4513870e-13 
2.4896000e+04 1.5207418e-13 
2.4960000e+04 1.3149113e-13 
2.5024000e+04 1.4776899e-13 
2.5088000e+04 1.8322400e-13 
2.5152000e+04 1.8710862e-13 
2.5216000e+04 1.8869926e-13 
2.5280000e+04 1.7974420e-13 
2.5344000e+04 1.5608367e-13 
2.5408000e+04 1.5759318e-13 
2.5472000e+04 2.0565666e-13 
2.5536000e+04 2.1619067e-13 
2.5600000e+04 1.9157848e-13 
2.5664000e+04 1.4368599e-13 
2.5728000e+04 8.3502873e-14 
2.5792000e+04 8.4159879e-14 
2.5856000e+04 1.3905560e-13 
2.5920000e+04 1.7705410e-13 
2.5984000e+04 2.0271314e-13 
2.6048000e+04 1.8586861e-13 
2.6112000e+04 1.7141801e-13 
2.6176000e+04 2.0865208e-13 
2.6240000e+04 2.1120406e-13 
2.6304000e+04 1.9898376e-13 
2.6368000e+04 1.9690476e-13 
2.6432000e+04 1.7827836e-13 
2.6496000e+04 1.5391051e-13 
2.6560000e+04 1.5924417e-13 
2.6624000e+04 1.7001485e-13 
2.6688000e+04 1.5276601e-13 
2.6752000e+04 1.3651354e-13 
2.6816000e+04 1.0547499e-13 
2.6880000e+04 1.2998451e-13 
2.6944000e+04 9.4360575e-14 
2.7008000e+04 1.4748825e-13 
2.7072000e+04 1.9773365e-13 
2.7136000e+04 1.9893657e-13 
2.7200000e+04 2.2424821e-13 
2.7264000e+04 1.7820868e-13 
2.7328000e+04 1.2470705e-13 
2.7392000e+04 1.8257536e-13 
2.7456000e+04 2.5534222e-13 
2.7520000e+04 1.5179359e-13 
2.7584000e+04 9.0008147e-14 
2.7648000e+04 1.6896826e-13 
2.7712000e+04 1.7346774e-13 
2.7776000e+04 2.0697731e-13 
2.7840000e+04 2.6150528e-13 
2.7904000e+04 2.3729469e-13 
2.7968000e+04 2.4019434e-13 
2.8032000e+04 2.5834665e-13 
2.8096000e+04 1.7375977e-13 
2.8160000e+04 1.6230357e-13 
2.8224000e+04 1.4844449e-12 
2.8288000e+04 4.5976981e-12 
2.8352000e+04 3.8516399e-12 
2.8416000e+04 2.7331811e-12 
2.8480000e+04 1.6950378e-12 
2.8544000e+04 4.6010206e-13 
2.8608000e+04 9.2006711e-14 
2.8672000e+04 9.7951188e-14 
2.8736000e+04 2.7030036e-13 
2.8800000e+04 3.4705829e-13 
2.8864000e+04 1.9112510e-13 
2.8928000e+04 2.1638113e-13 
2.8992000e+04 2.6708475e-13 
2.9056000e+04 2.6278263e-13 
2.9120000e+04 2.0283113e-13 
2.9184000e+04 1.8043546e-13 
2.9248000e+04 1.7718868e-13 
2.9312000e+04 1.9769024e-13 
2.9376000e+04 2.5528727e-13 
2.9440000e+04 2.5656411e-13 
2.9504000e+04 2.2057941e-13 
2.9568000e+04 2.1069312e-13 
2.9632000e+04 1.6412066e-13 
2.9696000e+04 1.1049839e-13 
2.9760000e+04 1.4709043e-13 
2.9824000e+04 1.9310915e-13 
2.9888000e+04 1.9045811e-13 
2.9952000e+04 1.5138747e-13 
3.0016000e+04 9.9944460e-14 
3.0080000e+04 1.2289326e-13 
3.0144000e+04 1.6132076e-13 
3.0208000e+04 1.6279473e-13 
3.0272000e+04 2.0433815e-13 
3.0336000e+04 2.1867538e-13 
3.0400000e+04 1.7795607e-13 
3.0464000e+04 1.4634652e-13 
3.0528000e+04 1.7147374e-13 
3.0592000e+04 1.7558013e-13 
3.0656000e+04 2.0457971e-13 
3.0720000e+04 2.2435855e-13 
3.0784000e+04 2.2769585e-13 
3.0848000e+04 2.3192770e-13 
3.0912000e+04 2.2671795e-13 
3.0976000e+04 2.1167719e-13 
3.1040000e+04 1.8801472e-13 
3.1104000e+04 1.7181485e-13 
3.1168000e+04 1.9056143e-13 
3.1232000e+04 1.9675219e-13 
3.1296000e+04 1.9975647e-13 
3.1360000e+04 2.1534162e-13 
3.1424000e+04 2.0941865e-13 
3.1488000e+04 1.9381479e-13 
3.1552000e+04 1.9811916e-13 
3.1616000e+04 2.1665784e-13 
3.1680000e+04 1.9873354e-13 
3.1744000e+04 1.7554659e-13 
3.1808000e+04 1.8850336e-13 
3.1872000e+04 2.1806111e-13 
3.1936000e+04 2.5347405e-13 
3.2000000e+04 2.2788794e-13 
3.2064000e+04 1.7581779e-13 
3.2128000e+04 1.5213998e-13 
3.2192000e+04 1.9150572e-13 
3.2256000e+04 2.1107378e-13 
3.2320000e+04 1.8412748e-13 
3.2384000e+04 1.7964989e-13 
3.2448000e+04 2.0147809e-13 
3.2512000e+04 1.7798459e-13 
3.2576000e+04 1.4432540e-13 
3.2640000e+04 1.7732335e-13 
3.2704000e+04 2.3941919e-13 
3.2768000e+04 2.3266686e-13 
3.2832000e+04 2.0728433e-13 
3.2896000e+04 2.0837324e-13 
3.2960000e+04 2.0466327e-13 
3.3024000e+04 2.0580982e-13 
3.3088000e+04 2.1975703e-13 
3.3152000e+04 2.1577805e-13 
3.3216000e+04 2.0492996e-13 
3.3280000e+04 1.9884966e-13 
3.3344000e+04 1.9112426e-13 
3.3408000e+04 2.0477747e-13 
3.3472000e+04 2.1038152e-13 
3.3536000e+04 2.1045915e-13 
3.3600000e+04 2.3658706e-13 
3.3664000e+04 2.2298427e-13 
3.3728000e+04 2.0911995e-13 
3.3792000e+04 2.0359421e-13 
3.3856000e+04 1.9239172e-13 
3.3920000e+04 2.0316814e-13 
3.3984000e+04 1.7160935e-13 
3.4048000e+04 1.5553214e-13 
3.4112000e+04 1.6735494e-13 
3.4176000e+04 1.8544502e-13 
3.4240000e+04 1.7379182e-13 
3.4304000e+04 1.5370786e-13 
3.4368000e+04 1.6526164e-13 
3.4432000e+04 1.7928417e-13 
3.4496000e+04 1.7923536e-13 
3.4560000e+04 1.7598118e-13 
3.4624000e+04 1.7661376e-13 
3.4688000e+04 1.8181760e-13 
3.4752000e+04 1.7870441e-13 
3.4816000e+04 2.0241868e-13 
3.4880000e+04 2.1956169e-13 
3.4944000e+04 2.1163443e-13 
3.5008000e+04 1.9314604e-13 
3.5072000e+04 1.8643968e-13 
3.5136000e+04 2.0424619e-13 
3.5200000e+04 2.3539932e-13 
3.5264000e+04 2.3581891e-13 
3.5328000e+04 1.9895187e-13 
3.5392000e+04 1.9312611e-13 
3.5456000e+04 2.1185018e-13 
3.5520000e+04 2.1195441e-13 
3.5584000e+04 1.9861226e-13 
3.5648000e+04 1.9892128e-13 
3.5712000e+04 2.0480175e-13 
3.5776000e+04 1.8390927e-13 
3.5840000e+04 1.8046281e-13 
3.5904000e+04 2.0538677e-13 
3.5968000e+04 1.9112090e-13 
3.6032000e+04 1.8582371e-13 
3.6096000e+04 1.8555541e-13 
3.6160000e+04 1.8169308e-13 
3.6224000e+04 1.8675067e-13 
3.6288000e+04 1.9852985e-13 
3.6352000e+04 1.9700509e-13 
3.6416000e+04 1.8629807e-13 
3.6480000e+04 1.9607417e-13 
3.6544000e+04 2.0877629e-13 
3.6608000e+04 2.2326109e-13 
3.6672000e+04 2.3311537e-13 
3.6736000e+04 2.2719889e-13 
3.6800000e+04 2.1936795e-13 
3.6864000e+04 2.1519555e-13 
3.6928000e+04 1.8876556e-13 
3.6992000e+04 1.6028579e-13 
3.7056000e+04 1.6326084e-13 
3.7120000e+04 1.9371139e-13 
3.7184000e+04 2.2330915e-13 
3.7248000e+04 2.0875795e-13 
3.7312000e+04 2.1704832e-13 
3.7376000e+04 2.3140525e-13 
3.7440000e+04 2.2515414e-13 
3.7504000e+04 2.3413061e-13 
3.7568000e+04 2.2929697e-13 
3.7632000e+04 2.3643387e-13 
3.7696000e+04 2.2879249e-13 
3.7760000e+04 2.1502030e-13 
3.7824000e+04 1.9030761e-13 
3.7888000e+04 1.7898993e-13 
3.7952000e+04 1.9277951e-13 
3.8016000e+04 1.8946948e-13 
3.8080000e+04 2.0410182e-13 
3.8144000e+04 2.2851431e-13 
3.8208000e+04 2.1751687e-13 
3.8272000e+04 2.0295588e-13 
3.8336000e+04 2.0643127e-13 
3.8400000e+04 2.1551050e-13 
3.8464000e+04 2.1089680e-13 
3.8528000e+04 2.0176632e-13 
3.8592000e+04 2.0929131e-13 
3.8656000e+04 2.0614135e-13 
3.8720000e+04 2.1630702e-13 
3.8784000e+04 2.1451145e-13 
3.8848000e+04 1.9537018e-13 
3.8912000e+04 2.1709742e-13 
3.8976000e+04 2.2533418e-13 
3.9040000e+04 2.1574489e-13 
3.9104000e+04 3.9353389e-13 
3.9168000e+04 9.4186681e-13 
3.9232000e+04 6.2045096e-13 
3.9296000e+04 2.3052935e-13 
3.9360000e+04 1.9231653e-13 
3.9424000e+04 1.9944834e-13 
3.9488000e+04 2.2862726e-13 
3.9552000e+04 2.4597506e-13 
3.9616000e+04 2.2625890e-13 
3.9680000e+04 2.2619482e-13 
3.9744000e+04 2.2621072e-13 
3.9808000e+04 2.1620207e-13 
3.9872000e+04 2.2512992e-13 
3.9936000e+04 2.1798260e-13 
4.0000000e+04 2.0729252e-13 
4.0064000e+04 1.9698520e-13 
4.0128000e+04 1.7856398e-13 
4.0192000e+04 1.7731401e-13 
4.0256000e+04 2.1242875e-13 
4.0320000e+04 2.4371209e-13 
4.0384000e+04 2.2205782e-13 
4.0448000e+04 2.2997316e-13 
4.0512000e+04 2.4703763e-13 
4.0576000e+04 2.2735411e-13 
4.0640000e+04 2.0338418e-13 
4.0704000e+04 1.7861026e-13 
4.0768000e+04 1.6671964e-13 
4.0832000e+04 1.9553456e-13 
4.0896000e+04 2.3070356e-13 
4.0960000e+04 2.3437751e-13 
4.1024000e+04 2.4457040e-13 
4.1088000e+04 2.3151809e-13 
4.1152000e+04 2.2228126e-13 
4.1216000e+04 2.2004677e-13 
4.1280000e+04 2.1440689e-13 
4.1344000e+04 2.8621333e-13 
4.1408000e+04 3.5713750e-13 
4.1472000e+04 4.5324692e-13 
4.1536000e+04 4.3808720e-13 
4.1600000e+04 3.3494309e-13 
4.1664000e+04 2.1223106e-13 
4.1728000e+04 2.6954700e-13 
4.1792000e+04 1.7914880e-13 
4.1856000e+04 1.6648441e-13 
4.1920000e+04 1.7138942e-13 
4.1984000e+04 2.0740316e-13 
4.2048000e+04 2.1540404e-13 
4.2112000e+04 2.0965516e-13 
4.2176000e+04 2.3609974e-13 
4.2240000e+04 2.4021174e-13 
4.2304000e+04 2.2526096e-13 
4.2368000e+04 2.2099298e-13 
4.2432000e+04 2.2936292e-13 
4.2496000e+04 2.3436261e-13 
4.2560000e+04 2.2851182e-13 
4.2624000e+04 2.2125567e-13 
4.2688000e+04 2.0972330e-13 
4.2752000e+04 2.1312399e-13 
4.2816000e+04 2.1896032e-13 
4.2880000e+04 2.0681693e-13 
4.2944000e+04 1.8191904e-13 
4.3008000e+04 1.8452212e-13 
4.3072000e+04 2.0376998e-13 
4.3136000e+04 2.2180684e-13 
4.3200000e+04 2.1590839e-13 
4.3264000e+04 2.2256112e-13 
4.3328000e+04 2.3809692e-13 
4.3392000e+04 2.4171767e-13 
4.3456000e+04 2.2310917e-13 
4.3520000e+04 2.2887641e-13 
4.3584000e+04 2.3684749e-13 
4.3648000e+04 2.0851421e-13 
4.3712000e+04 1.9447558e-13 
4.3776000e+04 1.5909074e-13 
4.3840000e+04 1.5955851e-13 
4.3904000e+04 2.1631842e-13 
4.3968000e+04 2.6086121e-13 
4.4032000e+04 2.8489399e-13 
4.4096000e+04 2.8246952e-13 
4.4160000e+04 5.7993091e-13 
4.4224000e+04 8.0487131e-13 
4.4288000e+04 5.4739676e-13 
4.4352000e+04 3.6391173e-13 
4.4416000e+04 2.0561963e-13 
4.4480000e+04 2.4263024e-13 
4.4544000e+04 2.4479984e-13 
4.4608000e+04 2.2369590e-13 
4.4672000e+04 2.2360602e-13 
4.4736000e+04 2.0696777e-13 
4.4800000e+04 1.8367801e-13 
4.4864000e+04 1.8952732e-13 
4.4928000e+04 2.0116024e-13 
4.4992000e+04 2.3223041e-13 
4.5056000e+04 2.4566953e-13 
4.5120000e+04 2.3485201e-13 
4.5184000e+04 2.2062399e-13 
4.5248000e+04 2.0373106e-13 
4.5312000e+04 2.2091195e-13 
4.5376000e+04 2.3769051e-13 
4.5440000e+04 2.3218401e-13 
4.5504000e+04 2.4850887e-13 
4.5568000e+04 2.6713226e-13 
4.5632000e+04 2.5512250e-13 
4.5696000e+04 2.3445834e-13 
4.5760000e+04 2.2423442e-13 
4.5824000e+04 2.3250087e-13 
4.5888000e+04 2.3428850e-13 
4.5952000e+04 2.1794670e-13 
4.6016000e+04 2.1875126e-13 
4.6080000e+04 2.2022369e-13 
4.6144000e+04 2.1091207e-13 
4.6208000e+04 2.2770986e-13 
4.6272000e+04 2.4412343e-13 
4.6336000e+04 2.3502587e-13 
4.6400000e+04 2.1685681e-13 
4.6464000e+04 1.9833072e-13 
4.6528000e+04 2.1263876e-13 
4.6592000e+04 2.2510470e-13 
4.6656000e+04 2.2206319e-13 
4.6720000e+04 2.2620028e-13 
4.6784000e+04 2.1914646e-13 
4.6848000e+04 2.0813178e-13 
4.6912000e+04 2.0834670e-13 
4.6976000e+04 2.3813406e-13 
4.7040000e+04 2.4792020e-13 
4.7104000e+04 2.3962695e-13 
4.7168000e+04 2.2251958e-13 
4.7232000e+04 2.0806050e-13 
4.7296000e+04 2.3140880e-13 
4.7360000e+04 2.2880656e-13 
4.7424000e+04 2.2406805e-13 
4.7488000e+04 2.4043286e-13 
4.7552000e+04 2.3775995e-13 
4.7616000e+04 2.1174646e-13 
4.7680000e+04 2.0239734e-13 
4.7744000e+04 2.1255053e-13 
4.7808000e+04 2.0001106e-13 
4.7872000e+04 2.1619828e-13 
4.7936000e+04 2.2908406e-13 
4.8000000e+04 2.1550104e-13 
4.8064000e+04 2.3452529e-13 
4.8128000e+04 2.5770469e-13 
4.8192000e+04 2.5684313e-13 
4.8256000e+04 2.2955794e-13 
4.8320000e+04 2.0231291e-13 
4.8384000e+04 2.2516947e-13 
4.8448000e+04 2.3765085e-13 
4.8512000e+04 2.3667334e-13 
4.8576000e+04 2.4271709e-13 
4.8640000e+04 2.5730942e-13 
4.8704000e+04 2.5081361e-13 
4.8768000e+04 2.5450421e-13 
4.8832000e+04 2.5985155e-13 
4.8896000e+04 2.6004963e-13 
4.8960000e+04 2.3455619e-13 
4.9024000e+04 2.2135723e-13 
4.9088000e+04 2.4301627e-13 
4.9152000e+04 2.4622689e-13 
4.9216000e+04 2.3605567e-13 
4.9280000e+04 2.4462143e-13 
4.9344000e+04 2.6136864e-13 
4.9408000e+04 2.6843474e-13 
4.9472000e+04 2.6076957e-13 
4.9536000e+04 2.2911978e-13 
4.9600000e+04 2.0523530e-13 
4.9664000e+04 2.1932267e-13 
4.9728000e+04 2.2239307e-13 
4.9792000e+04 2.0836409e-13 
4.9856000e+04 2.9292074e-13 
4.9920000e+04 8.0896796e-13 
4.9984000e+04 1.4695580e-12 
5.0048000e+04 8.6578558e-13 
5.0112000e+04 1.5148192e-13 
5.0176000e+04 2.0602369e-13 
5.0240000e+04 2.5503064e-13 
5.0304000e+04 2.5657650e-13 
5.0368000e+04 2.5417860e-13 
5.0432000e+04 2.2692515e-13 
5.0496000e+04 2.1156194e-13 
5.0560000e+04 2.2661641e-13 
5.0624000e+04 2.3821619e-13 
5.0688000e+04 2.2356134e-13 
5.0752000e+04 2.1377927e-13 
5.0816000e+04 3.3491219e-13 
5.0880000e+04 9.0257728e-13 
5.0944000e+04 9.4157104e-13 
5.1008000e+04 2.7367485e-13 
5.1072000e+04 1.9727263e-13 
5.1136000e+04 2.1161026e-13 
5.1200000e+04 2.3135343e-13 
