0.0000000e+00 8.2030520e-04 
6.4000000e+01 5.9855939e-04 
1.2800000e+02 2.1738173e-04 
1.9200000e+02 3.0713647e-05 
2.5600000e+02 2.8154620e-06 
3.2000000e+02 1.3187949e-06 
3.8400000e+02 9.8908265e-07 
4.4800000e+02 6.8844338e-07 
5.1200000e+02 5.3236516e-07 
5.7600000e+02 5.3025923e-07 
6.4000000e+02 5.9337111e-07 
7.0400000e+02 5.6833369e-07 
7.6800000e+02 5.6340554e-07 
8.3200000e+02 4.8682369e-07 
8.9600000e+02 3.9624720e-07 
9.6000000e+02 4.6178130e-07 
1.0240000e+03 8.7481931e-07 
1.0880000e+03 1.9972883e-06 
1.1520000e+03 2.4614526e-06 
1.2160000e+03 1.4970251e-06 
1.2800000e+03 6.7388623e-07 
1.3440000e+03 4.5964461e-07 
1.4080000e+03 4.0109140e-07 
1.4720000e+03 4.1625961e-07 
1.5360000e+03 4.0927637e-07 
1.6000000e+03 4.0323562e-07 
1.6640000e+03 3.9330365e-07 
1.7280000e+03 3.7914384e-07 
1.7920000e+03 3.5120974e-07 
1.8560000e+03 3.2605465e-07 
1.9200000e+03 3.1143861e-07 
1.9840000e+03 3.2313511e-07 
2.0480000e+03 3.6742392e-07 
2.1120000e+03 3.7781160e-07 
2.1760000e+03 3.2144121e-07 
2.2400000e+03 3.2086044e-07 
2.3040000e+03 3.2942458e-07 
2.3680000e+03 3.0640422e-07 
2.4320000e+03 2.9417515e-07 
2.4960000e+03 3.1146766e-07 
2.5600000e+03 3.4778458e-07 
2.6240000e+03 3.2667958e-07 
2.6880000e+03 2.8448201e-07 
2.7520000e+03 3.0592486e-07 
2.8160000e+03 3.4877075e-07 
2.8800000e+03 3.5427712e-07 
2.9440000e+03 3.6826640e-07 
3.0080000e+03 3.8398551e-07 
3.0720000e+03 4.4781166e-07 
3.1360000e+03 5.3010967e-07 
3.2000000e+03 5.4315865e-07 
3.2640000e+03 4.9458350e-07 
3.3280000e+03 5.0748184e-07 
3.3920000e+03 5.8342175e-07 
3.4560000e+03 7.3727585e-07 
3.5200000e+03 1.2999293e-06 
3.5840000e+03 8.8775123e-06 
3.6480000e+03 2.9243327e-05 
3.7120000e+03 4.1886000e-05 
3.7760000e+03 2.7921000e-05 
3.8400000e+03 8.0191976e-06 
3.9040000e+03 1.2567403e-06 
3.9680000e+03 8.1636489e-07 
4.0320000e+03 6.7183686e-07 
4.0960000e+03 5.8627671e-07 
4.1600000e+03 5.2924310e-07 
4.2240000e+03 4.7746835e-07 
4.2880000e+03 4.4761896e-07 
4.3520000e+03 4.5718190e-07 
4.4160000e+03 4.3708832e-07 
4.4800000e+03 3.6407678e-07 
4.5440000e+03 3.5519085e-07 
4.6080000e+03 3.8827503e-07 
4.6720000e+03 3.8324967e-07 
4.7360000e+03 3.7653734e-07 
4.8000000e+03 3.3934469e-07 
4.8640000e+03 3.0576467e-07 
4.9280000e+03 3.1166607e-07 
4.9920000e+03 3.2273340e-07 
5.0560000e+03 3.1195262e-07 
5.1200000e+03 3.0230967e-07 
5.1840000e+03 2.9397142e-07 
5.2480000e+03 2.9508999e-07 
5.3120000e+03 3.1759453e-07 
5.3760000e+03 3.1797137e-07 
5.4400000e+03 3.2646517e-07 
5.5040000e+03 3.1175711e-07 
5.5680000e+03 2.8401575e-07 
5.6320000e+03 2.8500443e-07 
5.6960000e+03 2.9286159e-07 
5.7600000e+03 2.7863547e-07 
5.8240000e+03 2.6944167e-07 
5.8880000e+03 2.6732209e-07 
5.9520000e+03 2.7886227e-07 
6.0160000e+03 2.9999248e-07 
6.0800000e+03 3.0032896e-07 
6.1440000e+03 2.8970089e-07 
6.2080000e+03 2.8196072e-07 
6.2720000e+03 2.5783459e-07 
6.3360000e+03 2.5829164e-07 
6.4000000e+03 2.8408064e-07 
6.4640000e+03 2.8169927e-07 
6.5280000e+03 2.7360784e-07 
6.5920000e+03 2.5911905e-07 
6.6560000e+03 2.5149336e-07 
6.7200000e+03 2.5895068e-07 
6.7840000e+03 2.7171851e-07 
6.8480000e+03 2.6731885e-07 
6.9120000e+03 2.5687388e-07 
6.9760000e+03 2.4443912e-07 
7.0400000e+03 2.5588022e-07 
7.1040000e+03 3.1046523e-07 
7.1680000e+03 3.2556994e-07 
7.2320000e+03 3.1261814e-07 
7.2960000e+03 2.9134267e-07 
7.3600000e+03 2.4462088e-07 
7.4240000e+03 2.3732856e-07 
7.4880000e+03 2.5319952e-07 
7.5520000e+03 2.6322533e-07 
7.6160000e+03 2.7578693e-07 
7.6800000e+03 2.7270002e-07 
7.7440000e+03 2.6195414e-07 
7.8080000e+03 2.4745924e-07 
7.8720000e+03 2.4435110e-07 
7.9360000e+03 2.4002352e-07 
8.0000000e+03 2.3839618e-07 
8.0640000e+03 2.4447053e-07 
8.1280000e+03 2.5679944e-07 
8.1920000e+03 2.5958806e-07 
8.2560000e+03 2.5184843e-07 
8.3200000e+03 2.5184346e-07 
8.3840000e+03 2.4622202e-07 
8.4480000e+03 2.3003933e-07 
8.5120000e+03 2.4928030e-07 
8.5760000e+03 3.0165552e-07 
8.6400000e+03 2.8031488e-07 
8.7040000e+03 2.4336234e-07 
8.7680000e+03 2.2342294e-07 
8.8320000e+03 2.1694730e-07 
8.8960000e+03 2.3211035e-07 
8.9600000e+03 2.3951623e-07 
9.0240000e+03 2.3019447e-07 
9.0880000e+03 2.2758563e-07 
9.1520000e+03 2.2056682e-07 
9.2160000e+03 2.2578367e-07 
9.2800000e+03 2.4254661e-07 
9.3440000e+03 2.4633803e-07 
9.4080000e+03 2.4296560e-07 
9.4720000e+03 2.8409872e-07 
9.5360000e+03 4.4155735e-07 
9.6000000e+03 6.0813954e-07 
9.6640000e+03 6.0612507e-07 
9.7280000e+03 4.4438895e-07 
9.7920000e+03 2.9479338e-07 
9.8560000e+03 2.5773440e-07 
9.9200000e+03 2.5499705e-07 
9.9840000e+03 2.4667284e-07 
1.0048000e+04 2.4397286e-07 
1.0112000e+04 2.4662759e-07 
1.0176000e+04 2.4806778e-07 
1.0240000e+04 2.4097281e-07 
1.0304000e+04 2.4635128e-07 
1.0368000e+04 2.6750325e-07 
1.0432000e+04 2.5966958e-07 
1.0496000e+04 2.4065551e-07 
1.0560000e+04 2.3544041e-07 
1.0624000e+04 2.7037547e-07 
1.0688000e+04 4.0773168e-07 
1.0752000e+04 4.3058552e-07 
1.0816000e+04 2.8897753e-07 
1.0880000e+04 2.3356780e-07 
1.0944000e+04 2.5801896e-07 
1.1008000e+04 2.8007369e-07 
1.1072000e+04 2.6521948e-07 
1.1136000e+04 2.4567251e-07 
1.1200000e+04 2.7051797e-07 
1.1264000e+04 3.0879841e-07 
1.1328000e+04 2.7346999e-07 
1.1392000e+04 2.5585240e-07 
1.1456000e+04 2.7303886e-07 
1.1520000e+04 2.6878510e-07 
1.1584000e+04 2.7220403e-07 
1.1648000e+04 2.6446114e-07 
1.1712000e+04 2.5085743e-07 
1.1776000e+04 2.4744048e-07 
1.1840000e+04 2.5341450e-07 
1.1904000e+04 2.4989771e-07 
1.1968000e+04 2.4520898e-07 
1.2032000e+04 2.4015662e-07 
1.2096000e+04 2.4093418e-07 
1.2160000e+04 2.4493130e-07 
1.2224000e+04 2.4077181e-07 
1.2288000e+04 2.3207112e-07 
1.2352000e+04 2.3281505e-07 
1.2416000e+04 2.3666995e-07 
1.2480000e+04 2.3891920e-07 
1.2544000e+04 2.3620969e-07 
1.2608000e+04 2.3410337e-07 
1.2672000e+04 2.4208899e-07 
1.2736000e+04 2.4465260e-07 
1.2800000e+04 2.4746711e-07 
1.2864000e+04 2.5274485e-07 
1.2928000e+04 2.5393814e-07 
1.2992000e+04 2.5218935e-07 
1.3056000e+04 2.5766423e-07 
1.3120000e+04 2.7376021e-07 
1.3184000e+04 2.7085798e-07 
1.3248000e+04 2.5536519e-07 
1.3312000e+04 2.4785214e-07 
1.3376000e+04 2.5074644e-07 
1.3440000e+04 2.5322899e-07 
1.3504000e+04 2.5778562e-07 
1.3568000e+04 2.7099540e-07 
1.3632000e+04 2.7853790e-07 
1.3696000e+04 2.7843242e-07 
1.3760000e+04 2.8304791e-07 
1.3824000e+04 2.9198893e-07 
1.3888000e+04 3.0319887e-07 
1.3952000e+04 3.3274563e-07 
1.4016000e+04 3.8631217e-07 
1.4080000e+04 4.2488378e-07 
1.4144000e+04 3.8238380e-07 
1.4208000e+04 3.6110094e-07 
1.4272000e+04 3.5714967e-07 
1.4336000e+04 3.7150315e-07 
1.4400000e+04 4.2100487e-07 
1.4464000e+04 1.0752558e-06 
1.4528000e+04 3.1203244e-06 
1.4592000e+04 4.2446600e-06 
1.4656000e+04 2.7315909e-06 
1.4720000e+04 9.0805219e-07 
1.4784000e+04 5.6964683e-07 
1.4848000e+04 6.1123825e-07 
1.4912000e+04 6.9209636e-07 
1.4976000e+04 7.8719256e-07 
1.5040000e+04 9.0012986e-07 
1.5104000e+04 1.0962325e-06 
1.5168000e+04 1.3782349e-06 
1.5232000e+04 1.8971552e-06 
1.5296000e+04 6.7731248e-06 
1.5360000e+04 2.6912825e-05 
1.5424000e+04 4.7647645e-05 
1.5488000e+04 3.9605973e-05 
1.5552000e+04 1.5048760e-05 
1.5616000e+04 3.0823305e-06 
1.5680000e+04 1.7450617e-06 
1.5744000e+04 1.3324428e-06 
1.5808000e+04 1.0514326e-06 
1.5872000e+04 8.7993749e-07 
1.5936000e+04 7.7395674e-07 
1.6000000e+04 6.9855270e-07 
1.6064000e+04 6.2743442e-07 
1.6128000e+04 5.8064194e-07 
1.6192000e+04 5.4899238e-07 
1.6256000e+04 5.0812633e-07 
1.6320000e+04 4.6663496e-07 
1.6384000e+04 4.4257857e-07 
1.6448000e+04 4.2132856e-07 
1.6512000e+04 4.0195371e-07 
1.6576000e+04 3.9080228e-07 
1.6640000e+04 3.8027449e-07 
1.6704000e+04 3.6741423e-07 
1.6768000e+04 3.5326914e-07 
1.6832000e+04 3.3973316e-07 
1.6896000e+04 3.3014985e-07 
1.6960000e+04 3.2377045e-07 
1.7024000e+04 3.1503009e-07 
1.7088000e+04 3.0428140e-07 
1.7152000e+04 2.9955967e-07 
1.7216000e+04 3.0642877e-07 
1.7280000e+04 3.0452605e-07 
1.7344000e+04 2.9442623e-07 
1.7408000e+04 2.9070679e-07 
1.7472000e+04 2.8832815e-07 
1.7536000e+04 2.8312311e-07 
1.7600000e+04 2.8073006e-07 
1.7664000e+04 2.8235479e-07 
1.7728000e+04 2.7858806e-07 
1.7792000e+04 3.0868722e-07 
1.7856000e+04 4.2842052e-07 
1.7920000e+04 4.3017300e-07 
1.7984000e+04 3.1216061e-07 
1.8048000e+04 2.6482755e-07 
1.8112000e+04 2.5418640e-07 
1.8176000e+04 2.5511187e-07 
1.8240000e+04 2.5988865e-07 
1.8304000e+04 2.5536661e-07 
1.8368000e+04 2.5059066e-07 
1.8432000e+04 2.5130041e-07 
1.8496000e+04 2.5066993e-07 
1.8560000e+04 2.4722976e-07 
1.8624000e+04 2.5131698e-07 
1.8688000e+04 2.4940817e-07 
1.8752000e+04 2.4208580e-07 
1.8816000e+04 2.4391500e-07 
1.8880000e+04 2.4847776e-07 
1.8944000e+04 2.4655830e-07 
1.9008000e+04 2.4380253e-07 
1.9072000e+04 2.4673514e-07 
1.9136000e+04 2.5419115e-07 
1.9200000e+04 2.5864807e-07 
1.9264000e+04 5.2920944e-07 
1.9328000e+04 1.3927960e-06 
1.9392000e+04 1.8085655e-06 
1.9456000e+04 1.1177904e-06 
1.9520000e+04 3.8023441e-07 
1.9584000e+04 2.8469168e-07 
1.9648000e+04 2.8889440e-07 
1.9712000e+04 2.9542164e-07 
1.9776000e+04 3.3857137e-07 
1.9840000e+04 9.1648388e-07 
1.9904000e+04 4.2061583e-06 
1.9968000e+04 8.5663532e-06 
2.0032000e+04 8.0934915e-06 
2.0096000e+04 3.5261078e-06 
2.0160000e+04 8.1962327e-07 
2.0224000e+04 1.6134644e-06 
2.0288000e+04 3.1883590e-06 
2.0352000e+04 2.9851722e-06 
2.0416000e+04 1.3027226e-06 
2.0480000e+04 3.5468736e-07 
2.0544000e+04 2.7009210e-07 
2.0608000e+04 2.5797306e-07 
2.0672000e+04 2.6392073e-07 
2.0736000e+04 3.2632863e-07 
2.0800000e+04 3.2565109e-07 
2.0864000e+04 2.5197843e-07 
2.0928000e+04 2.3363167e-07 
2.0992000e+04 2.3718060e-07 
2.1056000e+04 2.3470122e-07 
2.1120000e+04 2.3345576e-07 
2.1184000e+04 2.3417046e-07 
2.1248000e+04 2.3277315e-07 
2.1312000e+04 2.2973316e-07 
2.1376000e+04 2.3314377e-07 
2.1440000e+04 2.3353934e-07 
2.1504000e+04 2.2847418e-07 
2.1568000e+04 2.2285504e-07 
2.1632000e+04 2.2113205e-07 
2.1696000e+04 2.2193424e-07 
2.1760000e+04 2.2426447e-07 
2.1824000e+04 2.2347692e-07 
2.1888000e+04 2.2480485e-07 
2.1952000e+04 2.2484633e-07 
2.2016000e+04 2.2564365e-07 
2.2080000e+04 2.2821796e-07 
2.2144000e+04 2.2494089e-07 
2.2208000e+04 2.2151966e-07 
2.2272000e+04 2.2380841e-07 
2.2336000e+04 2.2471502e-07 
2.2400000e+04 2.2343202e-07 
2.2464000e+04 2.2111044e-07 
2.2528000e+04 2.2186993e-07 
2.2592000e+04 2.2032357e-07 
2.2656000e+04 2.1728366e-07 
2.2720000e+04 2.1824219e-07 
2.2784000e+04 2.2268921e-07 
2.2848000e+04 2.2462326e-07 
2.2912000e+04 2.2526071e-07 
2.2976000e+04 2.2398393e-07 
2.3040000e+04 2.2005209e-07 
2.3104000e+04 2.1705404e-07 
2.3168000e+04 2.1485393e-07 
2.3232000e+04 2.1866097e-07 
2.3296000e+04 2.3113608e-07 
2.3360000e+04 2.3811053e-07 
2.3424000e+04 2.2724579e-07 
2.3488000e+04 2.2194715e-07 
2.3552000e+04 2.2685690e-07 
2.3616000e+04 2.2456457e-07 
2.3680000e+04 2.1944551e-07 
2.3744000e+04 2.2418470e-07 
2.3808000e+04 2.2863755e-07 
2.3872000e+04 2.2862675e-07 
2.3936000e+04 2.3435693e-07 
2.4000000e+04 2.3988440e-07 
2.4064000e+04 2.3485769e-07 
2.4128000e+04 2.2700864e-07 
2.4192000e+04 2.2533789e-07 
2.4256000e+04 2.3119345e-07 
2.4320000e+04 2.3183681e-07 
2.4384000e+04 2.3358626e-07 
2.4448000e+04 2.2923604e-07 
2.4512000e+04 2.2590196e-07 
2.4576000e+04 2.3602769e-07 
2.4640000e+04 2.5318533e-07 
2.4704000e+04 2.5719700e-07 
2.4768000e+04 2.4523644e-07 
2.4832000e+04 2.4942707e-07 
2.4896000e+04 2.6041019e-07 
2.4960000e+04 2.9189147e-07 
2.5024000e+04 4.1290846e-07 
2.5088000e+04 6.4928469e-07 
2.5152000e+04 6.3566932e-07 
2.5216000e+04 3.7118187e-07 
2.5280000e+04 2.8063266e-07 
2.5344000e+04 2.7674182e-07 
2.5408000e+04 2.5705586e-07 
2.5472000e+04 2.5130345e-07 
2.5536000e+04 2.5516397e-07 
2.5600000e+04 2.6554846e-07 
2.5664000e+04 2.8575676e-07 
2.5728000e+04 3.0278736e-07 
2.5792000e+04 2.9413221e-07 
2.5856000e+04 2.7863885e-07 
2.5920000e+04 2.7297889e-07 
2.5984000e+04 2.8016041e-07 
2.6048000e+04 2.7877684e-07 
2.6112000e+04 2.7303557e-07 
2.6176000e+04 2.7685974e-07 
2.6240000e+04 2.8003740e-07 
2.6304000e+04 2.8396431e-07 
2.6368000e+04 2.9595310e-07 
2.6432000e+04 3.0594973e-07 
2.6496000e+04 3.1461704e-07 
2.6560000e+04 3.2917580e-07 
2.6624000e+04 3.4415049e-07 
2.6688000e+04 3.5907868e-07 
2.6752000e+04 3.7945702e-07 
2.6816000e+04 4.2881396e-07 
2.6880000e+04 5.2561859e-07 
2.6944000e+04 6.5216256e-07 
2.7008000e+04 7.4810390e-07 
2.7072000e+04 7.3524359e-07 
2.7136000e+04 6.3001755e-07 
2.7200000e+04 5.4248221e-07 
2.7264000e+04 4.8984987e-07 
2.7328000e+04 4.6091611e-07 
2.7392000e+04 4.6689428e-07 
2.7456000e+04 4.9396317e-07 
2.7520000e+04 5.2156338e-07 
2.7584000e+04 5.6322244e-07 
2.7648000e+04 5.9588467e-07 
2.7712000e+04 6.3110241e-07 
2.7776000e+04 6.8472616e-07 
2.7840000e+04 7.5503880e-07 
2.7904000e+04 8.6833791e-07 
2.7968000e+04 1.0460507e-06 
2.8032000e+04 1.2981678e-06 
2.8096000e+04 1.6468799e-06 
2.8160000e+04 2.3258308e-06 
2.8224000e+04 9.4312718e-06 
2.8288000e+04 3.3747059e-05 
2.8352000e+04 5.3998636e-05 
2.8416000e+04 4.0711926e-05 
2.8480000e+04 1.3975600e-05 
2.8544000e+04 2.9076011e-06 
2.8608000e+04 1.7532122e-06 
2.8672000e+04 1.3604281e-06 
2.8736000e+04 1.1032188e-06 
2.8800000e+04 9.4688534e-07 
2.8864000e+04 8.3797880e-07 
2.8928000e+04 7.4050223e-07 
2.8992000e+04 6.6228137e-07 
2.9056000e+04 6.0035092e-07 
2.9120000e+04 5.6598230e-07 
2.9184000e+04 5.4521223e-07 
2.9248000e+04 5.1435018e-07 
2.9312000e+04 4.8042739e-07 
2.9376000e+04 4.5855785e-07 
2.9440000e+04 4.4528616e-07 
2.9504000e+04 4.3291496e-07 
2.9568000e+04 4.1794030e-07 
2.9632000e+04 3.9974478e-07 
2.9696000e+04 3.7761254e-07 
2.9760000e+04 3.6241966e-07 
2.9824000e+04 3.5501228e-07 
2.9888000e+04 3.5662811e-07 
2.9952000e+04 3.5472357e-07 
3.0016000e+04 3.3984844e-07 
3.0080000e+04 3.2453565e-07 
3.0144000e+04 3.1702768e-07 
3.0208000e+04 3.1422692e-07 
3.0272000e+04 3.0704138e-07 
3.0336000e+04 3.0126361e-07 
3.0400000e+04 2.9786307e-07 
3.0464000e+04 2.9113355e-07 
3.0528000e+04 2.8944748e-07 
3.0592000e+04 2.8610305e-07 
3.0656000e+04 2.7968250e-07 
3.0720000e+04 2.7451236e-07 
3.0784000e+04 2.6547295e-07 
3.0848000e+04 2.5957695e-07 
3.0912000e+04 2.6296391e-07 
3.0976000e+04 2.6517785e-07 
3.1040000e+04 2.6425911e-07 
3.1104000e+04 2.5658750e-07 
3.1168000e+04 2.5374109e-07 
3.1232000e+04 2.5510431e-07 
3.1296000e+04 2.6144269e-07 
3.1360000e+04 2.6265025e-07 
3.1424000e+04 2.5563310e-07 
3.1488000e+04 2.5295279e-07 
3.1552000e+04 2.5159417e-07 
3.1616000e+04 2.4914951e-07 
3.1680000e+04 2.4882968e-07 
3.1744000e+04 2.4723110e-07 
3.1808000e+04 2.4360881e-07 
3.1872000e+04 2.4702192e-07 
3.1936000e+04 2.4777705e-07 
3.2000000e+04 2.4429747e-07 
3.2064000e+04 2.4093603e-07 
3.2128000e+04 2.4061904e-07 
3.2192000e+04 2.4067666e-07 
3.2256000e+04 2.4174608e-07 
3.2320000e+04 2.3923840e-07 
3.2384000e+04 2.3086065e-07 
3.2448000e+04 2.2772636e-07 
3.2512000e+04 2.3037246e-07 
3.2576000e+04 2.3216006e-07 
3.2640000e+04 2.3893836e-07 
3.2704000e+04 2.4448877e-07 
3.2768000e+04 2.3611945e-07 
3.2832000e+04 2.2628448e-07 
3.2896000e+04 2.2402722e-07 
3.2960000e+04 2.2701462e-07 
3.3024000e+04 2.3063922e-07 
3.3088000e+04 2.3159436e-07 
3.3152000e+04 2.3181823e-07 
3.3216000e+04 2.3197737e-07 
3.3280000e+04 2.3293984e-07 
3.3344000e+04 2.4641594e-07 
3.3408000e+04 2.6977321e-07 
3.3472000e+04 2.5067212e-07 
3.3536000e+04 2.3013179e-07 
3.3600000e+04 2.2756488e-07 
3.3664000e+04 2.2407593e-07 
3.3728000e+04 2.2443493e-07 
3.3792000e+04 2.2440092e-07 
3.3856000e+04 2.2837537e-07 
3.3920000e+04 2.3397308e-07 
3.3984000e+04 2.4814079e-07 
3.4048000e+04 2.6279881e-07 
3.4112000e+04 2.5108062e-07 
3.4176000e+04 2.3253558e-07 
3.4240000e+04 2.2390869e-07 
3.4304000e+04 2.2289811e-07 
3.4368000e+04 2.2107379e-07 
3.4432000e+04 2.1767264e-07 
3.4496000e+04 2.2219488e-07 
3.4560000e+04 2.2340430e-07 
3.4624000e+04 2.2244899e-07 
3.4688000e+04 2.2207585e-07 
3.4752000e+04 2.2013279e-07 
3.4816000e+04 2.2301830e-07 
3.4880000e+04 2.1949612e-07 
3.4944000e+04 2.1756846e-07 
3.5008000e+04 2.1928463e-07 
3.5072000e+04 2.1685229e-07 
3.5136000e+04 2.1566176e-07 
3.5200000e+04 2.1572735e-07 
3.5264000e+04 2.1275599e-07 
3.5328000e+04 2.1048665e-07 
3.5392000e+04 2.1233127e-07 
3.5456000e+04 2.1687704e-07 
3.5520000e+04 2.2000908e-07 
3.5584000e+04 2.1903125e-07 
3.5648000e+04 2.1860528e-07 
3.5712000e+04 2.1960146e-07 
3.5776000e+04 2.1754410e-07 
3.5840000e+04 2.1624172e-07 
3.5904000e+04 2.1996753e-07 
3.5968000e+04 2.2080525e-07 
3.6032000e+04 2.1567904e-07 
3.6096000e+04 2.1420618e-07 
3.6160000e+04 2.1403621e-07 
3.6224000e+04 2.1919124e-07 
3.6288000e+04 2.2092165e-07 
3.6352000e+04 2.1899470e-07 
3.6416000e+04 2.1893771e-07 
3.6480000e+04 2.1847978e-07 
3.6544000e+04 2.1669877e-07 
3.6608000e+04 2.1623103e-07 
3.6672000e+04 2.1568094e-07 
3.6736000e+04 2.1320825e-07 
3.6800000e+04 2.1706001e-07 
3.6864000e+04 2.2040342e-07 
3.6928000e+04 2.2125518e-07 
3.6992000e+04 2.2235888e-07 
3.7056000e+04 2.1834741e-07 
3.7120000e+04 2.1542628e-07 
3.7184000e+04 2.1687299e-07 
3.7248000e+04 2.1745622e-07 
3.7312000e+04 2.1746314e-07 
3.7376000e+04 2.1554008e-07 
3.7440000e+04 2.1571552e-07 
3.7504000e+04 2.1854696e-07 
3.7568000e+04 2.2324296e-07 
3.7632000e+04 2.2358982e-07 
3.7696000e+04 2.1959953e-07 
3.7760000e+04 2.2187332e-07 
3.7824000e+04 2.2437480e-07 
3.7888000e+04 2.2222757e-07 
3.7952000e+04 2.2507456e-07 
3.8016000e+04 2.2936746e-07 
3.8080000e+04 2.2031705e-07 
3.8144000e+04 2.1424782e-07 
3.8208000e+04 2.1426334e-07 
3.8272000e+04 2.1397864e-07 
3.8336000e+04 2.1376073e-07 
3.8400000e+04 2.1370182e-07 
3.8464000e+04 2.1405783e-07 
3.8528000e+04 2.1386332e-07 
3.8592000e+04 2.1373256e-07 
3.8656000e+04 2.1307089e-07 
3.8720000e+04 2.1400520e-07 
3.8784000e+04 2.1653229e-07 
3.8848000e+04 2.1677207e-07 
3.8912000e+04 2.1930774e-07 
3.8976000e+04 2.1726910e-07 
3.9040000e+04 2.1335063e-07 
3.9104000e+04 2.1482610e-07 
3.9168000e+04 2.2365168e-07 
3.9232000e+04 2.1995281e-07 
3.9296000e+04 2.1438760e-07 
3.9360000e+04 2.1999556e-07 
3.9424000e+04 2.2074005e-07 
3.9488000e+04 2.1613396e-07 
3.9552000e+04 2.1340358e-07 
3.9616000e+04 2.1412295e-07 
3.9680000e+04 2.1672589e-07 
3.9744000e+04 2.1706430e-07 
3.9808000e+04 2.1648117e-07 
3.9872000e+04 2.2210122e-07 
3.9936000e+04 2.2074271e-07 
4.0000000e+04 2.1609789e-07 
4.0064000e+04 2.1658650e-07 
4.0128000e+04 2.1538915e-07 
4.0192000e+04 2.1298551e-07 
4.0256000e+04 2.1415985e-07 
4.0320000e+04 2.1694493e-07 
4.0384000e+04 2.1824650e-07 
4.0448000e+04 2.2104661e-07 
4.0512000e+04 2.2174450e-07 
4.0576000e+04 2.1673041e-07 
4.0640000e+04 2.1396760e-07 
4.0704000e+04 2.1439843e-07 
4.0768000e+04 2.2107307e-07 
4.0832000e+04 2.3324003e-07 
4.0896000e+04 2.3734498e-07 
4.0960000e+04 2.2798629e-07 
4.1024000e+04 2.2635879e-07 
4.1088000e+04 2.2817660e-07 
4.1152000e+04 2.3436209e-07 
4.1216000e+04 2.5149998e-07 
4.1280000e+04 2.7509137e-07 
4.1344000e+04 3.4399523e-07 
4.1408000e+04 3.8375200e-07 
4.1472000e+04 4.5969003e-07 
4.1536000e+04 5.1170332e-07 
4.1600000e+04 6.3085855e-07 
4.1664000e+04 8.4207574e-07 
4.1728000e+04 1.1646156e-06 
4.1792000e+04 9.4024875e-07 
4.1856000e+04 5.5729197e-07 
4.1920000e+04 3.7614851e-07 
4.1984000e+04 2.6177560e-07 
4.2048000e+04 2.3097145e-07 
4.2112000e+04 2.1870275e-07 
4.2176000e+04 2.2441003e-07 
4.2240000e+04 2.2423664e-07 
4.2304000e+04 2.1771160e-07 
4.2368000e+04 2.1370769e-07 
4.2432000e+04 2.1564470e-07 
4.2496000e+04 2.1730298e-07 
4.2560000e+04 2.1642199e-07 
4.2624000e+04 2.1611758e-07 
4.2688000e+04 2.1753216e-07 
4.2752000e+04 2.1743210e-07 
4.2816000e+04 2.1865641e-07 
4.2880000e+04 2.1672541e-07 
4.2944000e+04 2.1512894e-07 
4.3008000e+04 2.2163618e-07 
4.3072000e+04 2.2432603e-07 
4.3136000e+04 2.2950601e-07 
4.3200000e+04 2.3144463e-07 
4.3264000e+04 2.3384776e-07 
4.3328000e+04 2.3912523e-07 
4.3392000e+04 2.3216083e-07 
4.3456000e+04 2.2826080e-07 
4.3520000e+04 2.2658034e-07 
4.3584000e+04 2.2602750e-07 
4.3648000e+04 2.2596272e-07 
4.3712000e+04 2.3037171e-07 
4.3776000e+04 2.4263235e-07 
4.3840000e+04 2.5124857e-07 
4.3904000e+04 2.5996255e-07 
4.3968000e+04 2.7873369e-07 
4.4032000e+04 3.0757181e-07 
4.4096000e+04 5.4964681e-07 
4.4160000e+04 2.4898873e-06 
4.4224000e+04 5.6337831e-06 
4.4288000e+04 5.8919868e-06 
4.4352000e+04 2.8619447e-06 
4.4416000e+04 6.4581366e-07 
4.4480000e+04 3.1252480e-07 
4.4544000e+04 2.7899824e-07 
4.4608000e+04 2.5596535e-07 
4.4672000e+04 2.4150810e-07 
4.4736000e+04 2.3382850e-07 
4.4800000e+04 2.2846014e-07 
4.4864000e+04 2.2605207e-07 
4.4928000e+04 2.2539506e-07 
4.4992000e+04 2.2763736e-07 
4.5056000e+04 2.3346601e-07 
4.5120000e+04 2.3326103e-07 
4.5184000e+04 2.2511162e-07 
4.5248000e+04 2.2033979e-07 
4.5312000e+04 2.2132491e-07 
4.5376000e+04 2.2369785e-07 
4.5440000e+04 2.2556834e-07 
4.5504000e+04 2.2589475e-07 
4.5568000e+04 2.2377647e-07 
4.5632000e+04 2.2551338e-07 
4.5696000e+04 2.3008531e-07 
4.5760000e+04 2.2793247e-07 
4.5824000e+04 2.2117455e-07 
4.5888000e+04 2.1720757e-07 
4.5952000e+04 2.1497168e-07 
4.6016000e+04 2.1292239e-07 
4.6080000e+04 2.1118180e-07 
4.6144000e+04 2.1449425e-07 
4.6208000e+04 2.2081180e-07 
4.6272000e+04 2.2292160e-07 
4.6336000e+04 2.1950504e-07 
4.6400000e+04 2.1586027e-07 
4.6464000e+04 2.1702259e-07 
4.6528000e+04 2.2179393e-07 
4.6592000e+04 2.2424008e-07 
4.6656000e+04 2.2540644e-07 
4.6720000e+04 2.2057021e-07 
4.6784000e+04 2.1663524e-07 
4.6848000e+04 2.1940600e-07 
4.6912000e+04 2.2486731e-07 
4.6976000e+04 2.2635481e-07 
4.7040000e+04 2.2194008e-07 
4.7104000e+04 2.2058668e-07 
4.7168000e+04 2.2207610e-07 
4.7232000e+04 2.2083580e-07 
4.7296000e+04 2.2139054e-07 
4.7360000e+04 2.1912963e-07 
4.7424000e+04 2.2271171e-07 
4.7488000e+04 2.2569816e-07 
4.7552000e+04 2.3109143e-07 
4.7616000e+04 2.7578602e-07 
4.7680000e+04 3.2680194e-07 
4.7744000e+04 2.8231048e-07 
4.7808000e+04 2.2774286e-07 
4.7872000e+04 2.1770586e-07 
4.7936000e+04 2.2047773e-07 
4.8000000e+04 2.2602575e-07 
4.8064000e+04 2.2860014e-07 
4.8128000e+04 2.3070938e-07 
4.8192000e+04 2.2780138e-07 
4.8256000e+04 2.2093911e-07 
4.8320000e+04 2.2058813e-07 
4.8384000e+04 2.2449012e-07 
4.8448000e+04 2.2404247e-07 
4.8512000e+04 2.2730319e-07 
4.8576000e+04 2.3589712e-07 
4.8640000e+04 2.3803526e-07 
4.8704000e+04 2.3196235e-07 
4.8768000e+04 2.3096865e-07 
4.8832000e+04 2.3398361e-07 
4.8896000e+04 2.2733190e-07 
4.8960000e+04 2.1995932e-07 
4.9024000e+04 2.2026916e-07 
4.9088000e+04 2.2472366e-07 
4.9152000e+04 2.2607539e-07 
4.9216000e+04 2.2684320e-07 
4.9280000e+04 2.2811173e-07 
4.9344000e+04 2.2641770e-07 
4.9408000e+04 2.2763561e-07 
4.9472000e+04 2.2911577e-07 
4.9536000e+04 2.2730119e-07 
4.9600000e+04 2.2497993e-07 
4.9664000e+04 2.2838790e-07 
4.9728000e+04 2.3477958e-07 
4.9792000e+04 2.3565947e-07 
4.9856000e+04 8.3362721e-07 
4.9920000e+04 3.6421552e-06 
4.9984000e+04 6.5982308e-06 
5.0048000e+04 5.5108376e-06 
5.0112000e+04 2.0459386e-06 
5.0176000e+04 3.3464789e-07 
5.0240000e+04 2.3085178e-07 
5.0304000e+04 2.2806515e-07 
5.0368000e+04 2.2790420e-07 
5.0432000e+04 2.2778637e-07 
5.0496000e+04 2.2097211e-07 
5.0560000e+04 2.1888003e-07 
5.0624000e+04 2.2315621e-07 
5.0688000e+04 2.2455988e-07 
5.0752000e+04 3.6154012e-07 
5.0816000e+04 1.7690273e-06 
5.0880000e+04 3.9744409e-06 
5.0944000e+04 4.0730033e-06 
5.1008000e+04 1.9098350e-06 
5.1072000e+04 3.9657709e-07 
5.1136000e+04 2.2491521e-07 
5.1200000e+04 2.2647886e-07 
