0.00025494047
0.0002650643
0.00033231551
0.0012069746
0.00015963652
0.00015056423
0.0036913422
0.018348588
0.028266763
0.010859129
0.00087269163
0.00057692197
0.00068319362
0.00075851055
0.00135097
0.0021129684
0.0018356409
0.00045754915
2.7237864e-05
0.00060008408
0.00065663725
0.0029658615
0.0010803329
0.0010512852
0.002585608
0.006239133
0.00057745213
0.00023736148
0.00043065226
0.00021785835
0.00099919329
0.0009334255
0.00077780348
0.0015468845
0.0047789379
0.0056751305
0.00041653149
1.0953578e-05
0.00092672062
0.0021627406
0.0004366147
0.00060668518
5.199503e-05
0.00023038549
0.0047014887
0.0058887275
0.003199796
0.0031440088
0.0098522641
0.01958622
0.018227881
0.012963181
0.010960964
0.0073012607
0.0080256397
0.0091780983
0.012986207
0.017797792
0.018788734
0.011963949
0.015726721
0.016694956
0.020205133
0.024696568
0.0032677902
0.00099928828
0.0014998261
0.0021565787
0.00029336457
0.014377207
0.024245691
0.019750996
0.012667265
0.016148459
0.02563691
0.024156773
0.010575013
0.0064391629
0.021351283
0.042559601
0.047213662
0.049516119
0.026231585
0.013774537
0.016421996
0.027981294
0.031959467
0.017242147
0.017960373
0.045746807
0.039138626
0.027229214
0.033758327
0.047011942
0.059690904
0.068185031
0.059513696
0.049133994
0.042680506
0.030531984
0.010015202
0.00266256
0.0017919306
0.004680621
0.0077433987
0.012200546
0.02949068
0.0043606907
0.0014654964
0.0015624742
0.0024340667
0.0070498441
0.0033635802
0.0021724775
0.0025431148
0.013505906
0.010140994
0.00080485485
6.036018e-05
0.00028315667
0.00044600305
0.00073784956
0.0067313015
0.016935214
0.021308117
0.025285138
0.01565169
0.0064008771
0.0056981114
0.0065795607
0.013891182
0.045948129
0.076682679
0.077309035
0.059883617
0.046912584
0.029458009
0.018747704
0.0088517796
0.0066969255
0.0086995745
0.041658934
0.061823729
0.06749662
0.045497548
0.024403008
0.012762251
0.018883543
0.032281797
0.028756408
0.0072131325
0.001802224
0.00061654963
0.0023651118
0.0023503816
0.0030577339
0.0053098504
0.015370473
0.0094016092
0.0097220698
0.028742481
0.075902596
0.077801824
0.041138072
0.032984164
0.050009456
0.055025209
0.052396342
0.055955458
0.06478174
0.072216399
0.074998401
0.068498768
0.065283455
0.044464376
0.036898505
0.036415186
0.027009131
0.030401621
0.054864038
0.088533938
0.078594625
0.038611405
0.026108755
0.013355733
0.0031679699
0.0013650211
0.0034822372
0.028297339
0.066694945
0.01580601
0.013780929
0.0076917275
0.0010954054
0.0015862294
0.0019090433
0.00087040721
0.000109853
0.016086549
0.041404445
0.021000262
0.017045172
0.012068186
0.0038747904
0.002032703
0.003646228
0.020499561
0.046140812
0.032311987
0.013285243
0.0061936444
0.0037309476
0.0019421424
0.002059855
0.0040204842
0.0096132262
0.025938749
0.024280539
0.011907677
0.0061524985
0.0032253459
0.0022442767
0.0010034216
0.0014179028
0.0070160669
0.020508135
0.022524327
0.02512344
0.018542288
0.0087001193
0.0040772227
0.004692839
0.012037005
0.029044325
0.050602436
0.072068349
0.067011714
0.036557786
0.01531262
0.0063478881
0.010078223
0.026273241
0.043664064
0.05254354
0.058017883
0.072498351
0.064791627
0.039121885
0.033029281
0.035899948
0.025413882
0.030940957
0.060034625
0.084387295
0.10101172
0.087285087
0.075656123
0.054608878
0.039952256
0.040505383
0.046594668
0.070226125
0.095338471
0.097501867
0.079667889
0.068485066
0.076409876
0.07581915
0.073367812
0.084176064
0.087339714
0.11182407
0.11167502
0.084786348
0.092106499
0.098251939
0.093949407
0.086012952
0.082429431
0.088909969
0.099700674
0.1007102
0.089590825
0.08868777
0.082470626
0.073375568
0.079505168
0.096513808
0.096791469
0.094047636
0.083141319
0.07570789
0.092771851
0.10059009
0.093715064
0.08613468
0.089368634
0.10507596
0.11542591
0.1119132
0.095441543
0.088542849
0.086438321
0.075428635
0.083670281
0.085461378
0.077350572
0.082956433
0.093321443
0.10238195
0.094455212
0.0776904
0.076439306
0.078169674
0.075934164
0.064673916
0.061873335
0.082512401
0.092460036
0.091776676
0.08317522
0.068641506
0.066278271
0.056241244
0.043728177
0.042994902
0.052646086
0.064440265
0.065781005
0.068990357
0.068312667
0.036945745
0.025418527
0.045207407
0.066488869
0.0697622
0.09056589
0.1057859
0.088540599
0.027906733
0.008907116
0.0083501991
0.010845197
0.032299519
0.050548211
0.057227977
0.066686794
0.079602204
0.060112882
0.023171045
0.016422914
0.027017683
0.040658951
0.052070249
0.067258701
0.065132052
0.048371147
0.045952879
0.051683776
0.041386805
0.04926569
0.0567635
0.040899847
0.046567928
0.052423641
0.039348271
0.044168748
0.056398071
0.052064225
0.049864464
0.049565613
0.047904506
0.044112682
0.043459386
0.044223066
0.028366851
0.02031951
0.032305609
0.042467788
0.043851651
0.038011409
0.034107901
0.029165175
0.018447604
0.016644882
0.024955707
0.026236555
0.028548678
0.03582938
0.038279526
0.024070514
0.016248846
0.01860873
0.020514334
0.026079349
0.026063198
0.015133277
0.016248193
0.024544461
0.023494937
0.017433077
0.016232403
0.02037264
0.022931267
0.022608202
0.014798003
0.0095373159
0.011451792
0.021059506
0.024778187
0.02757081
0.01882208
0.0065115332
0.0051016994
0.0013530795
0.00016074622
5.5758876e-05
0.0007056371
0.0043705544
0.0096493689
0.0092862099
0.0064530578
0.0045344532
0.0036555862
0.002807419
0.0036017345
0.0054268693
0.0046514114
0.0026528856
0.0018043719
0.00072291424
0.00056173309
0.001894114
0.0028515037
0.0058861044
0.0027541257
6.1051956e-05
0.00099302246
0.0037585837
0.0049480167
0.007334155
0.0035466673
0.0012538226
0.0015279737
0.0010786653
0.0019287642
0.00030102403
0.00037891822
0.00058786426
0.0017589193
0.005446957
0.0057688197
0.0038429548
0.0023941316
0.00051096414
3.6627913e-05
0.00046089792
0.00025790828
0.0010323485
0.0036324156
0.003083671
0.0034456917
0.0034384213
0.0035101748
0.00495495
0.007771472
0.0077565713
0.0038777757
0.00091280235
0.00099895219
0.0010046174
0.00023810903
0.0012528732
0.0036624374
0.0037817776
0.0030598897
0.0030416893
0.0015829139
0.00028721103
0.0012771074
0.00081235438
5.3488049e-05
0.0002148387
0.0011981517
0.0026068571
0.0022188167
0.0023476502
0.00083590212
0.00029862652
0.00014920601
0.00034808501
0.0024100177
0.0043593631
0.0023011358
0.00082244631
0.0012900052
0.0013750014
0.00059608242
9.5039422e-06
0.00063057331
2.8464523e-05
0.0003997678
0.00041392766
0.0010289138
0.0010317909
0.00059893559
0.0010418728
0.00074124162
0.0020057692
0.00089673721
0.00021201602
0.00084338908
0.00072358368
2.8922894e-05
0.0019369794
0.0020443613
0.0015367507
0.00039311408
7.6147844e-05
0.00034239923
0.00045093487
0.00081683818
1.3874559e-05
0.00053216761
0.00024781932
0.00011140679
0.0010539631
0.0013852296
0.0035605447
0.006067846
0.0050780345
0.0027015079
0.0039372579
0.0019518179
0.00012703046
0.0021570865
0.00092843146
0.00015555847
7.1637944e-05
0.00047343815
0.00011053383
0.0019821965
0.002705625
0.0015475451
0.0018442017
0.0045176893
0.0052693919
0.00076426478
0.00039840158
7.9975682e-05
0.0011500035
0.00092943513
0.001431836
0.0034136139
0.0041888272
0.0036899322
0.0066368389
0.0081543103
0.0062910672
0.003620574
0.0022741703
0.0027217879
0.0048638498
0.0044520511
0.004965283
0.0043813954
0.0035246382
0.0036657078
0.0060842736
0.0044360668
0.0040733828
0.0035900008
0.001131731
0.002113719
0.0031106377
0.002692217
0.0024382661
0.0030273362
0.0061871042
0.0081411479
0.0077424818
0.0030843029
0.0031304457
0.0066104713
0.0056021204
0.0064656539
0.012264609
0.014528041
0.011417004
0.0068589845
0.009747941
0.017531263
0.017219121
0.0078293523
0.0038665133
0.0058563496
0.010392454
0.010716639
0.0053476864
0.0060783909
0.016010551
0.021566015
0.013875943
0.0057496484
0.0051353117
0.0084418291
0.0099081695
0.011726332
0.01234991
0.016364595
0.023960395
0.017768525
0.0092664286
0.011299911
0.016352884
0.02550677
0.01882381
0.014544845
0.011391334
0.0099584777
0.015820514
0.014035163
0.010404826
0.012364128
0.016613565
0.012004536
0.0083866809
0.0044743549
0.0045069931
0.0050386433
0.002382016
0.0030811329
0.0056576068
0.0037895411
0.0017126583
7.7937548e-05
0.0031560031
0.0037522546
0.0065171169
0.020716796
0.025466777
0.019015135
0.0089168828
0.0042445986
0.0037782146
0.0023756956
0.00095909071
0.0023040755
0.006387834
0.0030205916
0.0010265403
0.00020530421
0.0016041938
0.0033189021
0.0038355899
0.0021148338
0.0039666649
0.0063666631
0.0052196691
0.0091878735
0.0073512741
0.001986553
0.0013308113
0.0041756378
0.0084642963
0.0068200547
0.010073056
0.012012712
0.016082313
0.020550046
0.015964892
0.018873965
0.033182498
0.025650889
0.019360252
0.017734122
0.014410488
0.015302343
0.014596616
0.017158046
0.022154398
0.024210298
0.012259786
0.0051825345
0.003325196
0.0039915112
0.0056623714
0.022649469
0.031585053
0.01388678
0.0063795093
0.0005426397
0.0040160227
0.010320411
0.010736371
0.0067781298
0.013177896
0.011188862
0.0012309792
0.0071873274
0.018163884
0.00718081
0.0034351491
0.013500147
0.021032
0.017041868
0.0054831537
0.0092338622
0.029366931
0.036428258
0.02807305
0.019801201
0.023306537
0.035368524
0.034503434
0.039294373
0.049957938
0.053686429
0.035637975
0.03423018
0.042052202
0.047830489
0.041276712
0.038673464
0.036333725
0.039065
0.038533513
0.030698163
0.024890646
0.032282677
0.044286788
0.04652999
0.037048407
0.032656852
0.04800332
0.053351711
0.043228682
0.039251734
0.035905402
0.045824625
0.052668326
0.047553778
0.041307334
0.048042428
0.058497444
0.0409692
0.011330095
0.0032986859
0.00048687059
0.0043025482
0.011970527
0.0049475464
0.0071391147
0.010584718
0.010584435
0.0071538328
0.0060500721
0.0098393951
0.0096755084
0.011448659
0.019611999
0.018683037
0.017061239
0.015318431
0.018538164
0.034059931
0.030584928
0.015664507
0.008692299
0.019459875
0.027339159
0.036988325
0.026458172
0.0091031352
0.0037289592
0.011707843
0.017278789
0.023231635
0.030834012
0.029145503
0.027218599
0.031711135
0.05648572
0.071696512
0.064308196
0.05216267
0.042906895
0.047808148
0.036992673
0.02371075
0.017882943
0.024979448
0.035765577
0.036599644
0.030396719
0.028892456
0.036625732
0.047476422
0.050925288
0.047242094
