0.00011600927
0.00012254523
0.00012012614
0.00012240786
0.00012824271
0.00013642064
0.00014295199
0.00014450862
0.00014556856
0.00014479378
0.00014152833
0.00013118182
0.00011890441
0.00010962512
0.00010085787
9.2523456e-05
8.6777844e-05
8.3353567e-05
7.886286e-05
7.2055787e-05
6.5164364e-05
6.0416769e-05
5.6473833e-05
5.3299096e-05
5.0381543e-05
4.7804115e-05
4.4075136e-05
4.1607909e-05
4.0282051e-05
3.7869413e-05
3.5692505e-05
3.3648012e-05
3.2631575e-05
3.1892065e-05
3.0675295e-05
2.9076331e-05
2.7835295e-05
2.6450876e-05
2.5499368e-05
2.5685498e-05
2.4688743e-05
2.3017374e-05
2.2210683e-05
2.2118233e-05
2.2297154e-05
2.2060654e-05
2.1406158e-05
2.095226e-05
2.0338039e-05
1.9438166e-05
1.9224201e-05
1.9241876e-05
1.8449093e-05
1.7620121e-05
1.7514018e-05
1.6906699e-05
1.632967e-05
1.6067872e-05
1.5968031e-05
1.5868112e-05
1.5432744e-05
1.5121388e-05
1.5227618e-05
1.4905319e-05
1.4635198e-05
1.4724151e-05
1.496072e-05
1.5027741e-05
1.4815353e-05
1.4319981e-05
1.4145074e-05
1.3957322e-05
1.3629667e-05
1.3305642e-05
1.3156161e-05
1.3049415e-05
1.2980866e-05
1.308458e-05
1.3006788e-05
1.2387855e-05
1.2040899e-05
1.212421e-05
1.2067369e-05
1.1599335e-05
1.1239164e-05
1.1374431e-05
1.1350914e-05
1.1220794e-05
1.1174186e-05
1.0850756e-05
1.0673807e-05
1.0670234e-05
1.0574575e-05
1.0414003e-05
1.0168313e-05
9.9098597e-06
9.66691e-06
9.5693549e-06
9.4955576e-06
9.440213e-06
9.4173647e-06
9.3115968e-06
9.1454385e-06
8.955165e-06
8.8719971e-06
8.9142277e-06
9.0292815e-06
9.1023421e-06
8.9909772e-06
8.7755816e-06
8.7056887e-06
8.7636136e-06
8.7760154e-06
8.62876e-06
8.4278236e-06
8.398154e-06
8.3588739e-06
8.2689421e-06
8.1041171e-06
8.0863938e-06
8.0779992e-06
7.9524907e-06
7.7740087e-06
7.7548784e-06
7.8392022e-06
7.7655977e-06
7.552444e-06
7.532883e-06
7.5047078e-06
7.4204945e-06
7.5129437e-06
7.4866675e-06
7.3986512e-06
7.3079209e-06
7.2772464e-06
7.2449188e-06
7.1499403e-06
7.0946844e-06
7.1049039e-06
7.1326745e-06
7.0699484e-06
6.9928556e-06
6.9358052e-06
6.9087628e-06
6.8781023e-06
6.8906952e-06
6.8960385e-06
6.9608664e-06
6.7971655e-06
6.6551784e-06
6.6282987e-06
6.5779841e-06
6.5506038e-06
6.5513227e-06
6.5255435e-06
6.3734865e-06
6.3732696e-06
6.3804605e-06
6.3048947e-06
6.2600861e-06
6.1939863e-06
6.2879021e-06
6.3827656e-06
6.3332718e-06
6.2029562e-06
6.2036852e-06
6.2651884e-06
6.157662e-06
6.0087059e-06
6.0448751e-06
6.0638204e-06
5.9947752e-06
5.8250903e-06
5.7307143e-06
5.7268585e-06
5.732451e-06
5.8483529e-06
5.9075137e-06
5.8325268e-06
5.7354414e-06
5.666725e-06
5.7039101e-06
5.6191052e-06
5.5585469e-06
5.5276055e-06
5.4965103e-06
5.551185e-06
5.4434672e-06
5.3432927e-06
5.2668902e-06
5.2742339e-06
5.4038965e-06
5.4482985e-06
5.3903855e-06
5.2655778e-06
5.2664218e-06
5.3175704e-06
5.1856046e-06
5.1551201e-06
5.2933901e-06
5.2815994e-06
5.1420843e-06
5.0878452e-06
5.0471235e-06
5.0355166e-06
5.0859744e-06
5.0673798e-06
4.963651e-06
4.9678492e-06
5.0098124e-06
5.053234e-06
5.091651e-06
5.0057106e-06
4.9440973e-06
4.9550263e-06
4.9314112e-06
4.9875189e-06
4.9331661e-06
4.8753354e-06
4.824069e-06
4.7264575e-06
4.7049443e-06
4.6510809e-06
4.6078153e-06
4.6159475e-06
4.6247337e-06
4.6436157e-06
4.6637629e-06
4.6446662e-06
4.5382258e-06
4.473281e-06
4.4467156e-06
4.4524072e-06
4.5471988e-06
4.6026325e-06
4.5659699e-06
4.5240172e-06
4.4552871e-06
4.3777563e-06
4.291644e-06
4.3106138e-06
4.3949831e-06
4.3967689e-06
4.3974401e-06
4.4089606e-06
4.4058443e-06
4.3466243e-06
4.3070231e-06
4.297538e-06
4.3026748e-06
4.3351665e-06
4.3391383e-06
4.2793158e-06
4.208006e-06
4.1920139e-06
4.2317979e-06
4.2745542e-06
4.2376751e-06
4.1733592e-06
4.1900444e-06
4.2457041e-06
4.1301682e-06
4.0614418e-06
4.1445228e-06
4.1343287e-06
4.0935051e-06
4.048175e-06
4.029298e-06
4.028891e-06
4.056375e-06
4.123779e-06
4.1015537e-06
4.0307846e-06
3.9985234e-06
4.0000909e-06
4.028002e-06
4.0216692e-06
3.9637121e-06
3.8276439e-06
3.7815687e-06
3.8198432e-06
3.8808921e-06
3.9671386e-06
3.9096367e-06
3.837958e-06
3.795062e-06
3.7676066e-06
3.7630052e-06
3.7545285e-06
3.7864879e-06
3.780257e-06
3.7234599e-06
3.7368402e-06
3.7269569e-06
3.716284e-06
3.7689222e-06
3.774778e-06
3.7719069e-06
3.7244249e-06
3.6765193e-06
3.6532572e-06
3.6141669e-06
3.6301942e-06
3.6391693e-06
3.6520539e-06
3.6248969e-06
3.5714652e-06
3.5782477e-06
3.6054275e-06
3.6087147e-06
3.5790454e-06
3.5515613e-06
3.5334867e-06
3.4023299e-06
3.3372728e-06
3.4129894e-06
3.4271009e-06
3.4422721e-06
3.4521129e-06
3.4797058e-06
3.4870989e-06
3.4586078e-06
3.4490326e-06
3.3856206e-06
3.3686272e-06
3.3912645e-06
3.3785207e-06
3.3391825e-06
3.2971514e-06
3.3349104e-06
3.3377494e-06
3.349872e-06
3.3112892e-06
3.2289749e-06
3.2102819e-06
3.2554526e-06
3.3368185e-06
3.3395529e-06
3.2610405e-06
3.2690637e-06
3.2620756e-06
3.2045943e-06
3.180199e-06
3.1730804e-06
3.2023961e-06
3.2821692e-06
3.2370824e-06
3.1442987e-06
3.106521e-06
3.1120787e-06
3.166572e-06
3.1622985e-06
3.1788129e-06
3.2052242e-06
3.1906422e-06
3.1236289e-06
3.0961694e-06
3.1329782e-06
3.1323007e-06
3.0960061e-06
3.0540098e-06
3.0030951e-06
3.0080023e-06
3.0376968e-06
3.0558781e-06
3.0461167e-06
2.9977748e-06
2.9459147e-06
2.9516129e-06
3.0520589e-06
3.0645367e-06
3.041705e-06
3.0193717e-06
2.9910711e-06
3.0013118e-06
2.9571338e-06
2.8943828e-06
2.8531911e-06
2.8640256e-06
2.8771085e-06
2.8650634e-06
2.8472671e-06
2.8676284e-06
2.9005257e-06
2.8670554e-06
2.872147e-06
2.8695213e-06
2.8272334e-06
2.8412242e-06
2.8697543e-06
2.9072946e-06
2.9125952e-06
2.8819427e-06
2.8649376e-06
2.8480517e-06
2.7535518e-06
2.7531739e-06
2.819397e-06
2.8006323e-06
2.7492349e-06
2.7301787e-06
2.7262965e-06
2.7501467e-06
2.7896638e-06
2.7931117e-06
2.780368e-06
2.766765e-06
2.7809756e-06
2.7974545e-06
2.8075317e-06
2.7844128e-06
2.7483989e-06
2.7437827e-06
2.7192534e-06
2.6948987e-06
2.6900093e-06
2.679936e-06
2.7028434e-06
2.7095941e-06
2.7039266e-06
2.6959613e-06
2.6875825e-06
2.6921928e-06
2.699652e-06
2.6828388e-06
2.6837611e-06
2.7075778e-06
2.7026178e-06
2.6851906e-06
2.6806424e-06
2.6719092e-06
2.6732707e-06
2.6323978e-06
2.5977138e-06
2.6321579e-06
2.6656035e-06
2.6632515e-06
2.6379935e-06
2.580626e-06
2.5543529e-06
2.5337249e-06
2.4971177e-06
2.4541935e-06
2.4751739e-06
2.498917e-06
2.4961582e-06
2.5288057e-06
2.5305528e-06
2.5572601e-06
2.5590466e-06
2.5254956e-06
2.5309141e-06
2.5369791e-06
2.4951773e-06
2.4666931e-06
2.5281117e-06
2.5546447e-06
2.5328934e-06
2.5247857e-06
2.5050208e-06
2.4689828e-06
2.4471651e-06
2.4217672e-06
2.4014266e-06
2.4091141e-06
2.4113479e-06
2.4206931e-06
2.3740674e-06
2.336604e-06
2.38291e-06
2.3962616e-06
2.4092994e-06
2.4033443e-06
2.3750033e-06
2.3710145e-06
2.356297e-06
2.3251489e-06
2.3128739e-06
2.3301325e-06
2.35937e-06
2.3868454e-06
2.3903046e-06
2.3784846e-06
2.3667151e-06
2.3518824e-06
2.332572e-06
2.3334633e-06
2.3179659e-06
2.2571971e-06
2.2601805e-06
2.3154428e-06
2.3689743e-06
2.3675077e-06
2.2932441e-06
2.28564e-06
2.3497221e-06
2.4148583e-06
2.4188068e-06
2.3264565e-06
2.2303177e-06
2.2138299e-06
2.2529607e-06
2.2389099e-06
2.2221318e-06
2.2599572e-06
2.3265536e-06
2.316063e-06
2.2539134e-06
2.2192669e-06
2.2728273e-06
2.2966583e-06
2.2688928e-06
2.2773836e-06
2.2753741e-06
2.2113279e-06
2.1808912e-06
2.1788687e-06
2.1832607e-06
2.174746e-06
2.1837618e-06
2.2208708e-06
2.2252593e-06
2.2097163e-06
2.2018598e-06
2.14277e-06
2.1599446e-06
2.1849489e-06
2.1601059e-06
2.1485982e-06
2.1408109e-06
2.1821247e-06
2.2210072e-06
2.2094057e-06
2.1797589e-06
2.1428334e-06
2.1382764e-06
2.1094565e-06
2.1229096e-06
2.1405524e-06
2.1595865e-06
2.1898315e-06
2.192194e-06
2.1710314e-06
2.1439796e-06
2.1182459e-06
2.0943612e-06
2.0824789e-06
2.0930463e-06
2.0886273e-06
2.052878e-06
2.0535431e-06
2.0785476e-06
2.0673929e-06
2.0649973e-06
2.0715784e-06
2.0594407e-06
2.0829523e-06
2.0760433e-06
2.0616603e-06
2.0621833e-06
2.0233113e-06
2.0447192e-06
2.0820858e-06
2.0725338e-06
2.0384114e-06
2.0299824e-06
2.0538316e-06
2.070946e-06
2.0718057e-06
2.0368632e-06
2.024738e-06
2.0584055e-06
2.0677267e-06
2.0147565e-06
1.9821186e-06
1.9953509e-06
2.0204918e-06
2.0281911e-06
2.0366419e-06
2.0184787e-06
2.0026882e-06
1.9658569e-06
1.9294489e-06
1.9141344e-06
1.930589e-06
1.9801173e-06
1.9557815e-06
1.9286929e-06
1.9407628e-06
1.9363929e-06
1.902913e-06
1.947647e-06
2.0184698e-06
2.0010814e-06
1.9294871e-06
1.9168494e-06
1.9405775e-06
1.8968844e-06
1.9127876e-06
1.942142e-06
1.9211393e-06
1.9328436e-06
1.9346526e-06
1.9076072e-06
1.935173e-06
1.950264e-06
1.9055683e-06
1.8950027e-06
1.9194019e-06
1.9048446e-06
1.9245065e-06
2.0196424e-06
2.0040475e-06
1.9169252e-06
1.921806e-06
1.9214535e-06
1.8796416e-06
1.877651e-06
1.8607116e-06
1.8701886e-06
1.8945907e-06
1.887148e-06
1.8770821e-06
1.8920276e-06
1.9027751e-06
1.8874774e-06
1.8565017e-06
1.8606299e-06
1.8681096e-06
1.848969e-06
1.8510876e-06
1.8426884e-06
1.8500432e-06
1.8759531e-06
1.8648758e-06
1.8858638e-06
1.8608424e-06
1.8020897e-06
1.7832025e-06
1.8032674e-06
1.8402723e-06
1.8551081e-06
1.8431862e-06
1.8418126e-06
1.8685589e-06
1.8865658e-06
1.895679e-06
1.8954001e-06
1.8801554e-06
1.8755123e-06
1.864192e-06
1.8230095e-06
1.7953927e-06
1.7902648e-06
1.7832103e-06
1.8016485e-06
1.8348511e-06
1.8415861e-06
1.8296528e-06
1.8354979e-06
1.8227213e-06
1.8167373e-06
1.8023231e-06
1.7707063e-06
1.7527253e-06
1.7472013e-06
1.7505905e-06
1.7758717e-06
1.7970453e-06
1.8257978e-06
1.8441619e-06
1.8144548e-06
1.7796115e-06
1.748276e-06
1.7538052e-06
1.7990728e-06
1.8196579e-06
1.8117116e-06
1.8131882e-06
1.8149329e-06
1.7992941e-06
1.7601171e-06
1.7388268e-06
1.748921e-06
1.7744644e-06
1.7899032e-06
1.7799847e-06
1.7539709e-06
1.759607e-06
1.7765659e-06
1.776841e-06
1.7628964e-06
1.7418018e-06
1.7381816e-06
1.7255593e-06
1.7283485e-06
1.7243207e-06
1.7314635e-06
1.7297781e-06
1.7497123e-06
1.784938e-06
1.7415495e-06
1.6958289e-06
1.7046719e-06
1.728136e-06
1.7530178e-06
1.7826172e-06
1.7804969e-06
1.7856771e-06
1.765775e-06
1.7358777e-06
1.7537513e-06
1.7506404e-06
1.7672743e-06
1.8268084e-06
1.8690308e-06
1.8887565e-06
1.8334957e-06
1.7595587e-06
1.7588653e-06
1.7864124e-06
1.7851145e-06
1.7684079e-06
1.7489344e-06
1.7231322e-06
1.735893e-06
1.7671055e-06
1.7502061e-06
1.6534314e-06
1.6464261e-06
1.7120021e-06
1.688518e-06
1.6402212e-06
1.6628784e-06
1.7266452e-06
1.7517383e-06
1.7015884e-06
1.6605576e-06
1.717956e-06
1.7546893e-06
1.6855636e-06
1.633132e-06
1.6406732e-06
1.6701865e-06
1.6986634e-06
1.698805e-06
1.6335551e-06
1.5990751e-06
1.6100666e-06
1.6577158e-06
1.699514e-06
1.6760833e-06
1.6222056e-06
1.5787443e-06
1.598438e-06
1.6716414e-06
1.716836e-06
1.6918193e-06
1.6567042e-06
1.6458062e-06
1.6116354e-06
1.5973396e-06
1.6527163e-06
1.7285648e-06
1.7918892e-06
1.7243055e-06
1.6644109e-06
1.6506471e-06
1.6072265e-06
1.5490855e-06
1.537644e-06
1.5628225e-06
1.5447664e-06
1.53197e-06
1.5810688e-06
1.6051156e-06
1.6060746e-06
1.6331392e-06
1.6400428e-06
1.6335982e-06
1.6307864e-06
1.6082539e-06
1.5897567e-06
1.5984748e-06
1.5872679e-06
1.5629495e-06
1.537509e-06
1.5537238e-06
1.5633253e-06
1.5463683e-06
1.5205347e-06
1.5017812e-06
1.4969725e-06
1.4947848e-06
1.5072969e-06
1.5114881e-06
1.497487e-06
1.4826157e-06
1.4810945e-06
1.442964e-06
