8.770168791474865e-16
9.264279929441065e-16
9.081399478406688e-16
9.253894913770464e-16
9.695002933611786e-16
1.0313245134988158e-15
1.0807007762200616e-15
1.0924687218729163e-15
1.1004817476499394e-15
1.0946244990212228e-15
1.0699380686349945e-15
9.917196304854545e-16
8.989038080756235e-16
8.287534316746302e-16
7.624740194026124e-16
6.99466798033121e-16
6.560306251735525e-16
6.301434807421073e-16
5.961942468722125e-16
5.447335496487138e-16
4.926351760243886e-16
4.567438981087857e-16
4.2693575066161815e-16
4.0293510023209593e-16
3.8087873157459656e-16
3.613936692102928e-16
3.3320301233445426e-16
3.1455105698908907e-16
3.045277213939877e-16
2.862884526763013e-16
2.6983127593213935e-16
2.54375141518925e-16
2.4669099347118677e-16
2.411003820286843e-16
2.3190173929918274e-16
2.1981375342400928e-16
2.104316624960198e-16
1.9996561240525995e-16
1.92772320208491e-16
1.9417944182657997e-16
1.8664408745899665e-16
1.7400872802363551e-16
1.6791023586644528e-16
1.6721132438741274e-16
1.685639467858982e-16
1.66776033700001e-16
1.6182811842276056e-16
1.5839670119712603e-16
1.5375326033652196e-16
1.4695032286360203e-16
1.4533277181318348e-16
1.4546639280173837e-16
1.3947304354179401e-16
1.3320610956021955e-16
1.3240398295492165e-16
1.2781272042885824e-16
1.2345044685574123e-16
1.214712837687995e-16
1.2071649717087538e-16
1.1996112090182776e-16
1.1666978836744767e-16
1.1431597244029078e-16
1.1511905915113588e-16
1.12682515389311e-16
1.1064043136954087e-16
1.1131290592653796e-16
1.1310134064458286e-16
1.1360801177747892e-16
1.1200238266759501e-16
1.0825742672177236e-16
1.0693514970648685e-16
1.0551576595298423e-16
1.0303873144068131e-16
1.0058913931527818e-16
9.945907996647059e-17
9.865209235434719e-17
9.813386971534014e-17
9.891793575251031e-17
9.832983708537238e-17
9.365077404100196e-17
9.102782616518569e-17
9.165764784425201e-17
9.122793635285461e-17
8.768965257592096e-17
8.496680080399423e-17
8.598940393037924e-17
8.581161808665388e-17
8.48279256945315e-17
8.447557451860128e-17
8.203048052548617e-17
8.069276622258374e-17
8.066575474919722e-17
7.994258359535435e-17
7.872867754872143e-17
7.687128910866189e-17
7.491741157308763e-17
7.308073948917729e-17
7.234323403511381e-17
7.178533484537225e-17
7.1366935967682e-17
7.119420541985746e-17
7.039461213242461e-17
6.913847429352215e-17
6.770002828697053e-17
6.70712884276192e-17
6.7390546957705e-17
6.826034059238659e-17
6.881267041396588e-17
6.797076444348117e-17
6.634239821986732e-17
6.581401584979838e-17
6.62519215018461e-17
6.634567769850013e-17
6.523244363241546e-17
6.371338731532003e-17
6.348908851577103e-17
6.319213542991331e-17
6.251226125630532e-17
6.126620301367106e-17
6.113221688261277e-17
6.106875466193256e-17
6.011992468501363e-17
5.877062107656923e-17
5.862599818562995e-17
5.926347651743788e-17
5.870703487375535e-17
5.709561715900944e-17
5.694773822508456e-17
5.67347369194703e-17
5.609809395508728e-17
5.679699938621086e-17
5.659835430448719e-17
5.593296109289202e-17
5.52470503501547e-17
5.5015154620965045e-17
5.477076164390099e-17
5.405273499261606e-17
5.3635006676831584e-17
5.371226493383509e-17
5.39222075094935e-17
5.344800533183051e-17
5.286519253712247e-17
5.243389800555514e-17
5.2229460539026326e-17
5.1997670648243455e-17
5.209287153914998e-17
5.213326627907334e-17
5.2623357825547906e-17
5.138579765098914e-17
5.0312391333362955e-17
5.010918386031859e-17
4.972881121020577e-17
4.952181925813055e-17
4.9527254060318506e-17
4.933236624203536e-17
4.818283262638094e-17
4.818119288706454e-17
4.823555527272788e-17
4.7664286424244625e-17
4.7325538507539625e-17
4.6825831541809435e-17
4.7535824302031437e-17
4.825298156640356e-17
4.787881407088231e-17
4.6893642965019544e-17
4.6899154122058105e-17
4.736411131488919e-17
4.6551223967576646e-17
4.5425132803034526e-17
4.5698567838917966e-17
4.5841792150910555e-17
4.531981829637191e-17
4.403701976280255e-17
4.332354794295208e-17
4.329439853374869e-17
4.3336677197312665e-17
4.421288237147904e-17
4.4660131286879243e-17
4.409323885651618e-17
4.3359284281000046e-17
4.283979611704342e-17
4.31209112413157e-17
4.247979584825776e-17
4.202198199189544e-17
4.1788068529079466e-17
4.1552992355766184e-17
4.1966326865692196e-17
4.1151992556161306e-17
4.0394684736190026e-17
3.9817090530924657e-17
3.987260806719908e-17
4.0852842567374355e-17
4.1188516634351133e-17
4.0750700944949176e-17
3.980716893627801e-17
3.981354948022937e-17
4.020022707543157e-17
3.9202580645364375e-17
3.8972121294552394e-17
4.0017426759190895e-17
3.992829040899264e-17
3.8873572130048636e-17
3.846353070655061e-17
3.8155679288749414e-17
3.806793244563441e-17
3.8449387671450826e-17
3.8308814611547983e-17
3.752463668806209e-17
3.755637460229978e-17
3.787361161881615e-17
3.8201873973364115e-17
3.849230212144409e-17
3.7842602477607976e-17
3.737681294130645e-17
3.745943493756764e-17
3.728090746900624e-17
3.770507529585441e-17
3.729417431329563e-17
3.6856980802527795e-17
3.646941265273143e-17
3.573148082108638e-17
3.556884347732518e-17
3.516164230307184e-17
3.4834559290770815e-17
3.4896037797312606e-17
3.496246046942807e-17
3.5105206240624313e-17
3.525751677983864e-17
3.5113147901075625e-17
3.430847059017443e-17
3.381749529300329e-17
3.361666389219106e-17
3.365969174047728e-17
3.437630544903175e-17
3.479537791258228e-17
3.4518212828848605e-17
3.420105519113732e-17
3.368146345673976e-17
3.309533943187685e-17
3.2444340243603253e-17
3.2587749772807703e-17
3.322557207943767e-17
3.323907252421059e-17
3.3244146719826885e-17
3.333124038877436e-17
3.3307681515414616e-17
3.285998505475147e-17
3.256060448943548e-17
3.248889821285602e-17
3.252773183627943e-17
3.2773365390668626e-17
3.280339174667102e-17
3.2351140454573414e-17
3.181204648175011e-17
3.169114802567832e-17
3.1991910538191365e-17
3.23151433004516e-17
3.2036341501356e-17
3.155012061661496e-17
3.167625882981078e-17
3.2097039827642117e-17
3.122360157182432e-17
3.0704037809005696e-17
3.13321207142464e-17
3.125505447835233e-17
3.094643270814755e-17
3.060374231079014e-17
3.0461034339024884e-17
3.0457957465342176e-17
3.066573337761617e-17
3.1175299946926163e-17
3.100727920820316e-17
3.047227286584727e-17
3.022838186522678e-17
3.0240231986842604e-17
3.045123672651189e-17
3.040336147919532e-17
2.9965212398812007e-17
2.893655229160492e-17
2.858822902304116e-17
2.887757988733787e-17
2.933910262386907e-17
2.999111634887047e-17
2.9556408528684635e-17
2.9014525713842773e-17
2.869023683548064e-17
2.8482677135951916e-17
2.844789107559908e-17
2.838380818826197e-17
2.862541761522782e-17
2.857831272031485e-17
2.814893310792157e-17
2.825008665322064e-17
2.817537002995701e-17
2.809468412055121e-17
2.84926229222344e-17
2.853689210383439e-17
2.851518691457045e-17
2.815622839810293e-17
2.77940675138418e-17
2.76182086851084e-17
2.732269046565112e-17
2.7443855029717076e-17
2.751170576433541e-17
2.7609111874045987e-17
2.7403808044558846e-17
2.6999870473177306e-17
2.7051145401317258e-17
2.7256621596209724e-17
2.7281472454120765e-17
2.7057175922537634e-17
2.6849399254275027e-17
2.6712757335195297e-17
2.572122685306252e-17
2.5229402580671303e-17
2.5801811459993265e-17
2.5908492794080528e-17
2.602318533957213e-17
2.6097580667672327e-17
2.630617985155331e-17
2.6362070846205936e-17
2.6146681372541644e-17
2.6074293950215712e-17
2.559490644660932e-17
2.5466438276487183e-17
2.5637573688323885e-17
2.554123201059003e-17
2.524383969534419e-17
2.4926089362554962e-17
2.521154310551645e-17
2.5233005622433414e-17
2.5324651098860887e-17
2.503296952164924e-17
2.4410682781156777e-17
2.4269365828452017e-17
2.461085117994942e-17
2.522596812437142e-17
2.524663987719204e-17
2.4653095068036885e-17
2.471374954698306e-17
2.4660920306240744e-17
2.422636821971058e-17
2.4041942527937272e-17
2.3988126722046074e-17
2.4209750077869485e-17
2.4812825635554838e-17
2.4471974558509466e-17
2.377054034545256e-17
2.348494523261916e-17
2.3526960812143438e-17
2.3938923958713084e-17
2.3906616785044658e-17
2.403146376967782e-17
2.423113019202689e-17
2.412089193148333e-17
2.3614279009711e-17
2.3406688314648876e-17
2.368495865374474e-17
2.3679836830845396e-17
2.3405453785232688e-17
2.3087966536483157e-17
2.2703057198662738e-17
2.2740155072215018e-17
2.2964642112930344e-17
2.310209067186744e-17
2.3028295598731382e-17
2.2662836336121938e-17
2.2270779881889647e-17
2.231385762542478e-17
2.3073217954498902e-17
2.316754870250401e-17
2.2994943648790356e-17
2.2826106442357933e-17
2.2612157127014416e-17
2.2689575653605315e-17
2.2355595001136957e-17
2.1881204582307635e-17
2.1569800017993252e-17
2.1651707605008704e-17
2.1750612840152397e-17
2.1659553254905294e-17
2.152501525215454e-17
2.1678944363003925e-17
2.192764420723515e-17
2.1674612548212298e-17
2.1713104464779546e-17
2.169325447158868e-17
2.1373562760023727e-17
2.1479331615846857e-17
2.169501592507288e-17
2.1978816320922807e-17
2.2018888253705496e-17
2.1787158842012205e-17
2.165860222122155e-17
2.1530946738865726e-17
2.08165382491153e-17
2.0813681368120962e-17
2.131432046781939e-17
2.1172461471274216e-17
2.0783902976385873e-17
2.063984027301389e-17
2.0610491282814862e-17
2.0790796080621484e-17
2.1089540859508195e-17
2.1115606591131304e-17
2.1019265669386067e-17
2.0916428537430633e-17
2.102385905624015e-17
2.1148437664913264e-17
2.1224620150110742e-17
2.104984389708094e-17
2.0777582911524094e-17
2.0742684964855516e-17
2.0557246248331637e-17
2.037312748793798e-17
2.0336164180360027e-17
2.0260011178718722e-17
2.043318851581759e-17
2.0484223039576428e-17
2.0441377384547582e-17
2.0381160623012288e-17
2.0317817848533996e-17
2.0352671191874005e-17
2.0409061895004343e-17
2.028195601637514e-17
2.028892849941583e-17
2.0468980041034805e-17
2.043148300549125e-17
2.0299735356736293e-17
2.02653514823292e-17
2.0199329484182236e-17
2.0209622269241215e-17
1.9900627796646852e-17
1.9638420703745123e-17
1.9898814179947878e-17
2.0151659109781634e-17
2.013387825744324e-17
1.9942930651846662e-17
1.9509238880365868e-17
1.9310617234289395e-17
1.9154671901790934e-17
1.8877925635752638e-17
1.8553423568599707e-17
1.871203300499445e-17
1.8891528138989237e-17
1.887067192494537e-17
1.911748330960427e-17
1.9130691186781307e-17
1.9332595335445088e-17
1.9346101072138344e-17
1.9092459330299283e-17
1.9133422573664758e-17
1.917927328345743e-17
1.8863256432573465e-17
1.864791912212394e-17
1.9112236748582647e-17
1.9312823209082058e-17
1.9148385856417044e-17
1.908709256708712e-17
1.8937672172366396e-17
1.8665228993552176e-17
1.85002896644436e-17
1.8308284430767874e-17
1.8154511809562802e-17
1.8212628434712205e-17
1.8229515708501962e-17
1.8300164357002284e-17
1.7947679371086362e-17
1.7664460330485087e-17
1.8014528420783418e-17
1.8115464997348597e-17
1.821402928162475e-17
1.8169009403325278e-17
1.7954754668579345e-17
1.7924599794511577e-17
1.7813337169388145e-17
1.757786107809498e-17
1.7485063475010884e-17
1.761553652695281e-17
1.783656869967551e-17
1.8044279596928195e-17
1.8070430755265344e-17
1.7981072900401473e-17
1.789209681979062e-17
1.7779963295777145e-17
1.7633978869333554e-17
1.7640716995902097e-17
1.752355841553261e-17
1.7064153203125553e-17
1.7086707367609553e-17
1.7504484066665692e-17
1.7909176114689818e-17
1.7898088785591396e-17
1.7336664420915555e-17
1.727917829027509e-17
1.7763631673622966e-17
1.8256053933012462e-17
1.8285904143666442e-17
1.758774638528787e-17
1.6860947998047052e-17
1.6736302106386778e-17
1.703212650123509e-17
1.6925904052240062e-17
1.6799063525616415e-17
1.7085019245021472e-17
1.7588480450237726e-17
1.7509172708085876e-17
1.703932880481621e-17
1.6777405207646914e-17
1.7182315736382173e-17
1.7362475384373784e-17
1.7152571364134973e-17
1.7216760845867467e-17
1.7201569254551992e-17
1.6717387271118636e-17
1.6487289282866937e-17
1.6471999413030883e-17
1.6505202433213803e-17
1.6440832270201164e-17
1.650899069218777e-17
1.6789530509120366e-17
1.682270706970159e-17
1.6705203758521462e-17
1.6645809512604545e-17
1.6199097349124425e-17
1.6328935370625693e-17
1.6517965033093767e-17
1.633015478026948e-17
1.624315787786534e-17
1.6184286776073342e-17
1.649661440249254e-17
1.679056167759781e-17
1.670285565786827e-17
1.6478729223724606e-17
1.61995766459094e-17
1.6165126244503758e-17
1.594725108025747e-17
1.6048954985271773e-17
1.6182332545491082e-17
1.6326228175378084e-17
1.6554876933445573e-17
1.657273716458905e-17
1.6412750316928972e-17
1.6208241787469884e-17
1.6013697944008774e-17
1.5833132330128316e-17
1.5743303494354294e-17
1.5823191835766174e-17
1.5789784698655906e-17
1.551952405898713e-17
1.552455213929762e-17
1.5713583313742927e-17
1.562925505116679e-17
1.561114458779015e-17
1.566089695484976e-17
1.5569137324140694e-17
1.574688234448057e-17
1.5694651090736536e-17
1.5585917247546434e-17
1.5589871068028142e-17
1.529600317172795e-17
1.5457844459472467e-17
1.5740331703089746e-17
1.5668119670123613e-17
1.541015820931085e-17
1.534643592854541e-17
1.5526733166465826e-17
1.5656116082817954e-17
1.5662615316982633e-17
1.5398453993498647e-17
1.5306788861367058e-17
1.5561311329948216e-17
1.5631778541179783e-17
1.5231329857278756e-17
1.4984591047527368e-17
1.5084625729669093e-17
1.5274688072591847e-17
1.5332893904398396e-17
1.5396780990682964e-17
1.525946926568606e-17
1.5140094882671854e-17
1.4861654446136525e-17
1.4586414109428933e-17
1.447063823224512e-17
1.4595033135683614e-17
1.4969461447278718e-17
1.4785485568734208e-17
1.4580698835463023e-17
1.4671945905887845e-17
1.4638909959189906e-17
1.438580572525955e-17
1.472398967445416e-17
1.5259401982698893e-17
1.512794765752843e-17
1.4586702897081712e-17
1.4491163323273495e-17
1.46705450589753e-17
1.4340230195324497e-17
1.4460456577513255e-17
1.4682372500932535e-17
1.4523594479075565e-17
1.4612077655106294e-17
1.462575348923901e-17
1.4421293343051594e-17
1.4629687654016606e-17
1.4743773896635103e-17
1.440587949108189e-17
1.4326004757465163e-17
1.4510459932794648e-17
1.440040840144018e-17
1.454905012788247e-17
1.526826670525502e-17
1.51503710359812e-17
1.4491736362647326e-17
1.4528634655203974e-17
1.4525969795319075e-17
1.4209876589584508e-17
1.419482788011818e-17
1.4066767943850748e-17
1.413841298535201e-17
1.4322890084351465e-17
1.4266624119343403e-17
1.4190527060859968e-17
1.4303513340036613e-17
1.4384763216952805e-17
1.426911434585712e-17
1.4034941578944537e-17
1.406615030114835e-17
1.4122695981945752e-17
1.397799522417863e-17
1.3994011599078342e-17
1.3930514602921608e-17
1.398611605393284e-17
1.418199194934209e-17
1.4098248821957696e-17
1.4256915713487548e-17
1.4067756776965482e-17
1.3623593051122814e-17
1.3480807968518345e-17
1.363249632909855e-17
1.39122491618779e-17
1.4024406121538593e-17
1.3934277914271117e-17
1.392389365458914e-17
1.4126092638814644e-17
1.4262222753598755e-17
1.4331117508501072e-17
1.432900905624037e-17
1.4213760859113192e-17
1.417865955150588e-17
1.40930793717753e-17
1.3781744358413943e-17
1.357296449325282e-17
1.3534198152816576e-17
1.348086693563069e-17
1.3620257629332123e-17
1.3871265506819695e-17
1.3922181340365223e-17
1.3831966950395088e-17
1.3876155241212753e-17
1.3779565599211592e-17
1.3734327240200986e-17
1.3625357528561496e-17
1.3386338118607185e-17
1.3250403804875612e-17
1.3208642993516221e-17
1.3234264959819488e-17
1.3425387954775868e-17
1.3585457961184125e-17
1.3802823589100653e-17
1.3941654095234796e-17
1.3717071799953375e-17
1.3453660417180257e-17
1.3216767603213529e-17
1.3258567725981153e-17
1.3600785630451172e-17
1.3756406643831734e-17
1.3696333520134206e-17
1.3707496448094613e-17
1.372068618154478e-17
1.3602458633266856e-17
1.3306284971676181e-17
1.3145332726548584e-17
1.322164372981143e-17
1.3414748926929004e-17
1.353146449796727e-17
1.3456481766709465e-17
1.325982039912421e-17
1.330242867372643e-17
1.3430636027774727e-17
1.3432715752467876e-17
1.3327296163387107e-17
1.3167823387988516e-17
1.3140455087973442e-17
1.304503193641268e-17
1.306611797099697e-17
1.3035668261367471e-17
1.3089667016504665e-17
1.3076925584306056e-17
1.3227625867760143e-17
1.3493928151015486e-17
1.3165916028700686e-17
1.2820273495782837e-17
1.2887125569434377e-17
1.3064511495179832e-17
1.3252615071588614e-17
1.3476383167126479e-17
1.3460353940420233e-17
1.3499515662904648e-17
1.3349058051797525e-17
1.3123037866161187e-17
1.3258160248115062e-17
1.3234642198140782e-17
1.3360392589174632e-17
1.3810463610092655e-17
1.4129660149111617e-17
1.4278784196293362e-17
1.3861018837066523e-17
1.3302063531223053e-17
1.3296821506133153e-17
1.3505074447226255e-17
1.3495262470929486e-17
1.336896247616902e-17
1.322174503228649e-17
1.3026683336620796e-17
1.3123153532420022e-17
1.335911648038436e-17
1.3231358939564864e-17
1.249975322069055e-17
1.2446793949905621e-17
1.2942541047245131e-17
1.276500392377571e-17
1.2399885612033808e-17
1.2571171465605858e-17
1.305324121683541e-17
1.3242942197197892e-17
1.2863814660341927e-17
1.255362648171685e-17
1.2987551853681169e-17
1.3265251421369067e-17
1.2742668995991462e-17
1.2346292066796841e-17
1.2403302680595439e-17
1.2626419869931634e-17
1.2841701993211911e-17
1.284277247309759e-17
1.2349490654647344e-17
1.2088825778530069e-17
1.2171920267678648e-17
1.2532142797118531e-17
1.284813243241218e-17
1.267099900686575e-17
1.2263689726239775e-17
1.1935127244209736e-17
1.2084009375033133e-17
1.2637418748361536e-17
1.2979084781139078e-17
1.2789961376082144e-17
1.2524495216240333e-17
1.2442107576451296e-17
1.2183780217146535e-17
1.2075705596032926e-17
1.2494347146070146e-17
1.3067753174381662e-17
1.3546478431957088e-17
1.3035553351097257e-17
1.258275699120475e-17
1.2478704229548633e-17
1.2150449434886867e-17
1.171091009143169e-17
1.1624413653493882e-17
1.1814760248137695e-17
1.1678258186952629e-17
1.1581518859204743e-17
1.1952700199677677e-17
1.213449127111088e-17
1.2141741201975047e-17
1.2346346497977472e-17
1.2398536928336032e-17
1.2349816485742491e-17
1.2328559597730119e-17
1.2158216461966997e-17
1.2018379734979861e-17
1.2084287578845232e-17
1.1999564690209538e-17
1.181572035368488e-17
1.1623393068857109e-17
1.174597511158525e-17
1.1818561358918197e-17
1.1690368368653678e-17
1.149506929256136e-17
1.1353294966741598e-17
1.1316941741979853e-17
1.1300402978943838e-17
1.1394993031045546e-17
1.1426678026079847e-17
1.1320831303428874e-17
1.1208405967808144e-17
1.1196905868923295e-17
1.090864362823914e-17
