149.47598447975076
149.59756717964638
123.16972093863139
59.35548433975847
142.19675031128625
105.69545207514349
11.477139721797961
12.9188736138411
14.929271303450937
30.450259302330384
125.14771226534022
163.1264290765519
152.44685845020348
147.60669726121827
111.15506795683653
88.29384088328342
95.64945442860618
197.11571371195075
813.6511179556584
167.8847421970707
153.3812609617731
70.3864382955123
114.57853999805137
114.85262711444673
72.32497485596336
45.990816031467794
145.5424272073668
222.8388009087422
166.23336777932374
227.73939355017322
103.71187247064073
104.60215582322805
114.76418353658406
82.0174724274735
46.18519036419967
41.34912112987104
150.70710547533875
908.0214937899473
97.71749579800554
66.09320467874564
145.15168806978335
117.6740784430701
397.4879880126608
192.50399912697603
43.860167128734986
39.63447814672051
53.404073366827845
53.879397409409904
30.071290974742258
20.706878224990025
21.67482890068398
26.309323642764326
27.998618107189458
33.4545146179362
32.301097007225145
29.679082480300885
24.489819848495205
20.89844581873656
20.556281302698174
26.130026615641164
22.497083387293667
21.738379242430096
20.187687505689002
18.119313283555854
50.224388056690984
92.90098142423079
78.21033202958098
66.48295475180332
180.51226387894204
25.109160063669137
19.277758295658046
21.424141110466834
26.585331760829114
23.262950628028083
18.41517437553202
19.084090273283817
29.27424908095251
38.39076477703797
21.068443367697125
14.236802383826786
13.271428550214907
13.195372069139273
18.488113963672426
24.979355549092098
22.402745844786022
17.471278343358613
16.470868405525394
22.59353088118231
22.289389477932115
13.519645053158634
14.588969560861683
17.787499993356807
15.95123653606618
13.362908710575306
11.62501141583558
10.664153186401963
11.303597414235671
12.510826335358884
13.50208523638514
16.133513683763386
28.68191249053929
55.75543984652358
67.43809902923577
41.197363943291336
31.98929832869562
25.79291064596937
16.81441655726892
45.06620502185378
77.61362295188093
74.0381931833723
59.35825921252166
35.34575753504521
51.798836564129815
63.973123358085104
58.2483701907141
25.266526956534893
29.32333523570244
104.33958542035322
376.72802057842677
174.99495463988325
140.44430670672844
108.37051838579386
35.256230961849184
22.238539622350427
20.158607466199037
18.441103540939018
23.09031893507467
36.46816166299041
38.82257054616053
35.98478258951325
25.174367844627344
13.6713313393072
10.366545929601918
10.271229542240357
11.818390463496765
13.484177294136972
17.071227295268283
21.506651280275108
31.730826278724077
36.92703842227472
32.311431962389
14.461866997074614
11.73227281308656
11.228877201259163
13.871619932029692
19.31674527204001
27.07541185992933
22.55067467290903
16.839634210453443
17.61892244107532
35.65992938635583
71.46300115725093
122.54707819653082
62.93090507859524
63.288778666443356
54.525690912373754
41.59455700304617
24.506290111223063
31.253806004841433
30.703356515549004
17.607333041271023
10.795609292318684
10.879639093642428
15.231237938939726
16.832855076016976
13.633466679175031
13.17043142280768
13.36330966596809
12.669849546254456
11.860401625125808
11.28980292757178
10.999907938873594
11.288720589595721
11.461633554151485
14.113273016585204
15.658234145034822
16.176039000557704
19.173007574959126
17.911328320341212
13.01714296126285
9.997766392215151
10.798289711744665
15.58814029180476
18.977045203020666
26.70217881405916
55.095486933556856
85.30190497334338
52.59540806571637
17.97918984606236
11.373162369740097
24.150855315939715
26.666735201425954
36.28672931992471
95.9436310109246
78.26648012335987
71.70932820053095
107.83472807647485
297.6229401159593
24.37662969934204
15.477366892321497
22.023222447178696
23.966219917657497
28.393489690987604
50.159848509894374
69.49766017910078
52.62355483575618
22.031371618444656
14.26341629822628
17.26482799361205
27.549692100532727
41.039093927957204
53.597336023056734
73.4438569009679
70.76384232875537
50.950671902833115
32.85303862231552
20.15351788213626
20.716294105284643
29.557699598906556
40.98935407881028
55.79584455918765
66.92036186570107
99.4445880727518
83.23350051614864
37.54554228579571
21.949518458018893
21.101047749725744
20.128173744915316
23.514965669607573
33.857554581323676
49.07640359588076
45.65569645807336
28.560782811535134
18.695568717064415
14.23720326205631
11.750199381655483
12.157685839469002
16.5421884164606
25.49728074371981
39.161453600033596
31.288682552207607
19.67700512505345
15.195329572523471
13.846424941892282
13.227329974516671
11.781192852361725
12.395870743541835
16.08746073015382
17.5959334051671
16.94069569812336
20.47827526723789
18.59742857508987
13.019445641060177
10.699701783156208
9.69168301290595
10.646556820349826
11.669913139588326
13.825195954775229
16.103202689358007
16.114232093963015
15.234050658367597
11.96640284520399
10.000036991261224
10.117047106996262
11.317256513723644
12.204910566173412
11.420830171747541
11.458223916333964
11.705863325978038
10.97942280117334
10.979463050257877
9.555822297835256
9.43256760912875
10.940059142642282
10.49658456728997
10.236334508316592
10.5145345388814
10.917201536598606
10.829089806974343
10.301816752205973
9.803381625947235
9.939743908669046
10.877584266338065
10.817814084591307
11.088936662995225
11.72322090995382
11.182707699373726
10.07815410366202
10.074372228370176
10.358656108327763
11.103195419874307
11.54664487859342
10.406772250018875
9.958575420765722
10.362245333230542
11.044796319187979
10.877380656140216
9.970502902886501
9.370126826332184
9.443791515053958
10.289588498679677
10.644103483139652
10.869064352648053
11.772885673058887
11.204252661888448
11.029093719812185
11.510111959081108
11.137809891458472
10.555060303124506
10.06836784609989
10.475663618249639
11.604891068080269
11.68518461223635
11.151343976252953
11.146810529250496
12.4668051317667
12.858267169606162
11.09510522706158
10.486983748251493
10.647376156385064
11.29631192665271
12.469362339076083
12.710001528733958
13.658719301565093
15.56221273829423
15.854528508959513
14.245366054418863
12.685233055120149
12.426166695541857
12.288810201853915
12.402120523366847
17.25998858956716
20.75423771876989
15.065831444399665
12.249167168360616
12.1414880182389
10.831799235385153
9.975795877544675
10.781773015862322
19.94064748431729
35.66770219565605
36.3052131736191
31.666644687826857
18.161537145446502
14.55523093689593
14.011308951677389
12.773804169806047
11.310246524459998
13.031622212636185
21.498144866125777
26.146998837565647
20.305837719049297
16.56899194554145
14.716473492193787
12.82218814049577
12.806702712603204
14.903381776908542
15.535338053767443
14.642315301910916
16.30603583422168
14.72275878507055
13.471255741585674
16.073534676938618
15.20910854414255
14.415493573745765
16.74578295050219
15.558104780887561
13.479998716502868
14.127505580036862
14.98485346049989
15.134609602792093
15.334670109550972
15.937121377897848
15.954085534530726
15.906000848157712
19.78196965377258
23.032903274446642
17.944009243368463
15.668608529956671
15.519489002036552
16.693825074898527
17.595357260993346
19.263366204243045
24.698207892946552
25.791894905930224
21.066561926995927
20.566795583690173
19.452906222817457
17.429581667744316
17.053973310299366
22.004321216275333
27.006854855735956
25.004490295918107
23.71152508187237
20.899543253146863
20.263725943138283
26.805650859557876
26.543610843049372
21.41594257055455
21.552823662255975
24.98688195650719
25.938040432188124
23.364244247417396
22.364877191971576
22.6115257056738
28.00111435598411
34.88667087660259
32.04843676502989
23.715280424558205
21.954024287233562
20.661847361615024
24.8546097979927
42.55299216604243
47.79400111154879
92.3691293335573
268.3084319699346
454.9719535751188
129.25498968382266
52.09468075597439
34.977145490155316
35.64073059563343
42.784087542325075
51.29727143366028
57.45101048730148
65.33082690461418
57.81135948791397
47.58303908144948
51.442742390315516
67.90433301420934
82.42401449780097
130.16698201294574
148.0958404319833
79.54782243552671
64.09559073411074
45.238711444539966
67.23524358285889
452.83155816976864
111.41901395865567
56.07475415256798
48.456160966009485
39.52147832253383
56.24564468472079
93.28938586755336
85.41010918583501
102.88340123847962
76.99458056858764
198.04761135674872
177.03186346912358
143.93578373169953
83.40654201875616
46.792383728770524
45.65954988524667
56.25520473436073
70.30395644385335
150.91686997268596
579.1154904271374
165.29632617578747
219.59030003237848
109.60231033822781
58.02322812822938
62.220822471861005
58.45738327608509
58.03745759954855
57.07982654692953
48.26539399603233
38.60328935117242
38.87369715183713
54.14142440551208
110.22941206086362
107.68195219482925
108.2091810215908
224.03779707712212
97.58430998500172
56.4533902361938
55.57599473393582
61.55299501108857
61.04939227004799
84.41878102778817
200.20997727014367
96.28952890195113
122.42038822049582
478.95502483212243
238.275535033908
100.55659062118798
67.8372237127388
73.09120633484235
71.22626261031938
118.90646704051646
194.1726254627196
275.6467422304303
185.24096106053946
72.09942468358945
53.63142041798238
71.72118577745972
119.90099451772463
98.59731909754757
98.34249684560815
149.96569575954612
1144.9492112240355
134.9825091435208
632.0766715508953
171.95432017456426
168.2672880821094
106.10483555894787
107.97418009911087
146.21515671923987
110.55398185026473
127.82336748938107
76.61285234001832
117.64153644708215
245.04118556265124
121.57362604329282
132.0095163847527
661.2151486310514
78.60160265006354
75.59891510938613
87.30551613841583
173.39923663293993
393.26699270045583
186.5629439689763
165.6397026682106
123.52774915758093
943.376312583161
152.03415471822464
217.25725653176303
327.2725523491565
107.78840174155128
93.11284987304214
57.81510252220467
44.15490381136716
49.315686004205105
69.02972577420219
56.95274545449975
80.03352466882568
309.26266011945177
74.95376544702157
112.98901462212017
278.4208560890226
414.4736025631893
162.92953036818471
342.61532377445525
81.06719990637698
68.820159257925
90.08114490166255
81.66589824979728
51.61506347523708
47.589886019406194
126.10903589325002
174.64721046438325
383.8890244372153
101.39875604476204
114.38387968540648
91.80541915867066
59.43716957667132
53.90334628472713
57.21262614736761
43.16069350812185
38.84901835388567
44.04310403812074
58.25339210333052
72.2940648129409
66.88588318217292
50.98498108542377
53.15162801455282
49.5761476114222
52.666554279719904
59.54022944257352
58.969585186124576
45.81624845662647
52.88843108781573
54.97055996950529
59.646984421732725
107.03370489988758
76.4086133927738
62.0423150976147
67.26568214969085
71.70592623884427
64.69065221823554
45.44603596787374
39.29424709229639
40.0550162916943
62.54919144355388
61.04000201206603
41.670245039059814
45.755938821686506
43.739352422395
31.329322091000392
28.402643000050613
32.34586258694163
41.80441010288146
34.46866533742331
26.247444532471743
27.498110828966954
40.68974958903711
56.035341844246055
45.26371831642069
34.37821160188782
33.142034640343944
47.51743493349132
45.312863204078575
27.525386104128856
23.83321508523743
29.906401602578182
46.07476385777673
49.55463815409822
38.95094870856142
35.16140295247142
32.16499055365141
31.788201705572952
27.394767975520665
22.822426889233245
27.946161588978264
38.628372072205586
33.47994527605137
27.87559550222216
22.24794297125632
25.462335175991665
29.04599519391934
32.629782475809535
35.15827055345123
28.219855296457602
29.91850430452798
34.68205393932896
32.08865684832218
27.824140181352433
32.59755144110832
38.491401829590856
53.00368902412996
53.10736758129162
49.778654986184975
72.69314775989959
63.70474638686528
47.21346279192255
58.64388847292717
86.94528989886508
413.15009715048393
64.06564166153282
56.97266471999893
42.7845180006931
24.13049593158569
22.19143236640993
26.01478754390184
37.99828814687577
55.24910070672132
59.516549338045884
75.9503652069322
120.38400703634478
77.7257934298725
46.28169829420293
67.35508013923759
115.13334818162986
252.25174772542528
88.94826857719039
61.70473625797985
57.24485565542936
78.07642512260544
58.09449876599528
46.03840587402625
50.622320548093846
38.25890593529627
42.57802416653621
81.98154642913829
99.55138363460712
55.21967924307113
38.3657927546346
42.705888447796966
35.203237893883106
32.7186379840546
28.5984741721159
25.684165671034737
29.545944704099075
26.736276650745044
19.661346904807626
22.086757778532995
25.62365964435727
27.52722719333974
30.984544402691085
29.9674643715736
30.764725428151497
28.407791604029956
24.757978937740145
23.177443239358805
32.42045434966027
50.40686487712997
64.00140491938045
58.990322483905224
49.283964264257484
24.108630519927175
20.416964423869466
31.416659104578017
46.60267666627989
159.23098540243697
57.81348934583223
35.92718076948339
35.01163166019564
44.28737226324939
31.63144671839194
34.554527086356615
104.7485305751289
43.781297495411046
27.978916082898852
43.72165206640604
61.75802070461625
31.20106840877408
25.280657538110823
28.587621390656643
51.623476673530114
39.714387623402914
22.1374503894604
19.610897347299186
22.087289139394386
26.72031781958952
24.57591818034507
20.04279199006347
21.014918531366195
20.125403275654847
17.961812650879562
16.810331215115866
20.016284498112615
20.459041150294887
18.697446396620087
17.49030794603878
18.741525915596615
19.201354507920723
19.568459676812182
19.010999417603752
19.518104649777662
21.776478478189485
22.94651697923269
20.01472972592161
17.68252356498782
17.01768565977194
18.643231291469444
20.204946104253658
17.18981946271125
16.518353249948753
17.944868812999943
18.441091423379874
20.00958767585628
18.02183513083859
16.111750625957185
16.495169484031134
17.862477152194415
16.82439828862674
15.442298527459794
18.649909372252814
34.67135565606327
63.23983450741255
166.19659763652695
57.52835901743826
35.269837601420996
54.36916552463955
43.81621537154983
35.0062446956743
35.49046383524792
45.284612228294215
50.66891959626078
39.129784236069675
38.69501105241371
35.353444986168945
26.375909898309363
26.831920169118778
29.113884143808527
32.20623505678966
30.338689506035212
21.395270541067454
21.861473890563328
30.566931707380565
40.148025695051636
25.754515017569076
21.509173859109712
18.72563501311317
22.03264104200119
37.63029199520536
60.92224386229733
34.80979111019398
28.626953765084405
25.060481052589733
21.787538845427036
22.36986268889196
23.160919962003042
21.1393547953443
15.475041334809227
13.716807908196266
14.457365695527406
15.929103001031919
17.383750477542044
16.620711258657003
19.14354806867489
23.84495489045393
27.112873657693573
22.60417766205306
18.749424480974863
18.52281879048895
20.58701188869138
21.217966634960096
18.619629679974732
16.120421218257174
15.540315154345588
15.769570895703593
