0.0000000e+00 2.3765409e+00 
5.0024426e+01 2.3074310e+00 
1.0004885e+02 2.2513037e+00 
1.5007328e+02 2.2010040e+00 
2.0009770e+02 2.1667144e+00 
2.5012213e+02 2.1426072e+00 
3.0014656e+02 2.1272006e+00 
3.5017098e+02 2.1291254e+00 
4.0019541e+02 2.1406803e+00 
4.5021983e+02 2.1638198e+00 
5.0024426e+02 2.2014873e+00 
5.5026869e+02 2.2474327e+00 
6.0029311e+02 2.3064635e+00 
6.5031754e+02 2.3804026e+00 
7.0034196e+02 2.4579699e+00 
7.5036639e+02 2.5453115e+00 
8.0039082e+02 2.6458402e+00 
8.5041524e+02 2.7491884e+00 
9.0043967e+02 2.8601174e+00 
9.5046409e+02 2.9814794e+00 
1.0004885e+03 3.1038949e+00 
1.0505129e+03 3.2325625e+00 
1.1005374e+03 3.3640459e+00 
1.1505618e+03 3.4955339e+00 
1.2005862e+03 3.6322041e+00 
1.2506106e+03 3.7676861e+00 
1.3006351e+03 3.8995588e+00 
1.3506595e+03 4.0311289e+00 
1.4006839e+03 4.1564817e+00 
1.4507084e+03 4.2803969e+00 
1.5007328e+03 4.3957253e+00 
1.5507572e+03 4.5084138e+00 
1.6007816e+03 4.6090569e+00 
1.6508061e+03 4.7047873e+00 
1.7008305e+03 4.7916842e+00 
1.7508549e+03 4.8658972e+00 
1.8008793e+03 4.9327664e+00 
1.8509038e+03 4.9875274e+00 
1.9009282e+03 5.0263929e+00 
1.9509526e+03 5.0585175e+00 
2.0009770e+03 5.0762496e+00 
2.0510015e+03 5.0819993e+00 
2.1010259e+03 5.0776873e+00 
2.1510503e+03 5.0604353e+00 
2.2010747e+03 5.0254345e+00 
2.2510992e+03 4.9851270e+00 
2.3011236e+03 4.9313245e+00 
2.3511480e+03 4.8639717e+00 
2.4011724e+03 4.7902369e+00 
2.4511969e+03 4.7028546e+00 
2.5012213e+03 4.6090569e+00 
2.5512457e+03 4.5103488e+00 
2.6012702e+03 4.3962083e+00 
2.6512946e+03 4.2789521e+00 
2.7013190e+03 4.1593542e+00 
2.7513434e+03 4.0320773e+00 
2.8013679e+03 3.9005270e+00 
2.8513923e+03 3.7691240e+00 
2.9014167e+03 3.6331618e+00 
2.9514411e+03 3.5017805e+00 
3.0014656e+03 3.3703201e+00 
3.0514900e+03 3.2359498e+00 
3.1015144e+03 3.1063111e+00 
3.1515388e+03 2.9814794e+00 
3.2015633e+03 2.8615420e+00 
3.2515877e+03 2.7487049e+00 
3.3016121e+03 2.6453614e+00 
3.3516365e+03 2.5462697e+00 
3.4016610e+03 2.4594126e+00 
3.4516854e+03 2.3808851e+00 
3.5017098e+03 2.3093657e+00 
3.5517342e+03 2.2517874e+00 
3.6017587e+03 2.2043874e+00 
3.6517831e+03 2.1647847e+00 
3.7018075e+03 2.1416435e+00 
3.7518319e+03 2.1291254e+00 
3.8018564e+03 2.1272006e+00 
3.8518808e+03 2.1401985e+00 
3.9019052e+03 2.1657495e+00 
3.9519297e+03 2.1985877e+00 
4.0019541e+03 2.2464650e+00 
4.0519785e+03 2.3069472e+00 
4.1020029e+03 2.3741271e+00 
4.1520274e+03 2.4541223e+00 
4.2020518e+03 2.5438743e+00 
4.2520762e+03 2.6396151e+00 
4.3021006e+03 2.7458043e+00 
4.3521251e+03 2.8601174e+00 
4.4021495e+03 2.9781172e+00 
4.4521739e+03 3.1029286e+00 
4.5021983e+03 3.2330465e+00 
4.5522228e+03 3.3616321e+00 
4.6022472e+03 3.4974563e+00 
4.6522716e+03 3.6307676e+00 
4.7022960e+03 3.7614558e+00 
4.7523205e+03 3.8927820e+00 
4.8023449e+03 4.0259123e+00 
4.8523693e+03 4.1512165e+00 
4.9023937e+03 4.2746177e+00 
4.9524182e+03 4.3908930e+00 
5.0024426e+03 4.5021229e+00 
5.0524670e+03 4.6037354e+00 
5.1024915e+03 4.6985059e+00 
5.1525159e+03 4.7830014e+00 
5.2025403e+03 4.8606009e+00 
5.2525647e+03 4.9260364e+00 
5.3025892e+03 4.9788857e+00 
5.3526136e+03 5.0249548e+00 
5.4026380e+03 5.0551624e+00 
5.4526624e+03 5.0733747e+00 
5.5026869e+03 5.0843949e+00 
5.5527113e+03 5.0786457e+00 
5.6027357e+03 5.0613937e+00 
5.6527601e+03 5.0340667e+00 
5.7027846e+03 4.9928074e+00 
5.7528090e+03 4.9418983e+00 
5.8028334e+03 4.8822641e+00 
5.8528578e+03 4.8080797e+00 
5.9028823e+03 4.7241106e+00 
5.9529067e+03 4.6327581e+00 
6.0029311e+03 4.5287375e+00 
6.0529555e+03 4.4174762e+00 
6.1029800e+03 4.3054547e+00 
6.1530044e+03 4.1847491e+00 
6.2030288e+03 4.0567689e+00 
6.2530532e+03 3.9267230e+00 
6.3030777e+03 3.7931013e+00 
6.3531021e+03 3.6594882e+00 
6.4031265e+03 3.5301132e+00 
6.4531510e+03 3.3954051e+00 
6.5031754e+03 3.2606239e+00 
6.5531998e+03 3.1324146e+00 
6.6032242e+03 3.0069571e+00 
6.6532487e+03 2.8853214e+00 
6.7032731e+03 2.7729313e+00 
6.7532975e+03 2.6640451e+00 
6.8033219e+03 2.5639892e+00 
6.8533464e+03 2.4767153e+00 
6.9033708e+03 2.3943949e+00 
6.9533952e+03 2.3209734e+00 
7.0034196e+03 2.2614651e+00 
7.0534441e+03 2.2101884e+00 
7.1034685e+03 2.1691275e+00 
7.1534929e+03 2.1445341e+00 
7.2035173e+03 2.1300876e+00 
7.2535418e+03 2.1272006e+00 
7.3035662e+03 2.1377904e+00 
7.3535906e+03 2.1589959e+00 
7.4036150e+03 2.1927888e+00 
7.4536395e+03 2.2430782e+00 
7.5036639e+03 2.2972717e+00 
7.5536883e+03 2.3610892e+00 
7.6037128e+03 2.4425759e+00 
7.6537372e+03 2.5294986e+00 
7.7037616e+03 2.6247749e+00 
7.7537860e+03 2.7303572e+00 
7.8038105e+03 2.8406713e+00 
7.8538349e+03 2.9570060e+00 
7.9038593e+03 3.0836070e+00 
7.9538837e+03 3.2083685e+00 
8.0039082e+03 3.3379719e+00 
8.0539326e+03 3.4739010e+00 
8.1039570e+03 3.6087403e+00 
8.1539814e+03 3.7437313e+00 
8.2040059e+03 3.8768301e+00 
8.2540303e+03 4.0083842e+00 
8.3040547e+03 4.1316080e+00 
8.3540791e+03 4.2544012e+00 
8.4041036e+03 4.3715682e+00 
8.4541280e+03 4.4788990e+00 
8.5041524e+03 4.5853505e+00 
8.5541768e+03 4.6835246e+00 
8.6042013e+03 4.7685266e+00 
8.6542257e+03 4.8500056e+00 
8.7042501e+03 4.9188247e+00 
8.7542745e+03 4.9716825e+00 
8.8042990e+03 5.0196776e+00 
8.8543234e+03 5.0532451e+00 
8.9043478e+03 5.0724158e+00 
8.9543723e+03 5.0824785e+00 
9.0043967e+03 5.0819993e+00 
9.0544211e+03 5.0642691e+00 
9.1044455e+03 5.0393414e+00 
9.1544700e+03 5.0014462e+00 
9.2044944e+03 4.9500675e+00 
9.2545188e+03 4.8885198e+00 
9.3045432e+03 4.8167572e+00 
9.3545677e+03 4.7332864e+00 
9.4045921e+03 4.6424308e+00 
9.4546165e+03 4.5432539e+00 
9.5046409e+03 4.4314976e+00 
9.5546654e+03 4.3155804e+00 
9.6046898e+03 4.1957808e+00 
9.6547142e+03 4.0715127e+00 
9.7047386e+03 3.9413192e+00 
9.7547631e+03 3.8099029e+00 
9.8047875e+03 3.6757598e+00 
9.8548119e+03 3.5430703e+00 
9.9048363e+03 3.4098680e+00 
9.9548608e+03 3.2741671e+00 
1.0004885e+04 3.1459551e+00 
1.0054910e+04 3.0204332e+00 
1.0104934e+04 2.8981881e+00 
1.0154958e+04 2.7816806e+00 
1.0204983e+04 2.6750722e+00 
1.0255007e+04 2.5735643e+00 
1.0305032e+04 2.4829600e+00 
1.0355056e+04 2.4025934e+00 
1.0405081e+04 2.3272595e+00 
1.0455105e+04 2.2643685e+00 
1.0505129e+04 2.2145402e+00 
1.0555154e+04 2.1734712e+00 
1.0605178e+04 2.1469436e+00 
1.0655203e+04 2.1315317e+00 
1.0705227e+04 2.1267195e+00 
1.0755252e+04 2.1349015e+00 
1.0805276e+04 2.1589959e+00 
1.0855300e+04 2.1908565e+00 
1.0905325e+04 2.2343700e+00 
1.0955349e+04 2.2938850e+00 
1.1005374e+04 2.3591571e+00 
1.1055398e+04 2.4363186e+00 
1.1105423e+04 2.5261431e+00 
1.1155447e+04 2.6204672e+00 
1.1205471e+04 2.7221639e+00 
1.1255496e+04 2.8378291e+00 
1.1305520e+04 2.9565263e+00 
1.1355545e+04 3.0763648e+00 
1.1405569e+04 3.2078846e+00 
1.1455594e+04 3.3418357e+00 
1.1505618e+04 3.4719772e+00 
1.1555642e+04 3.6058664e+00 
1.1605667e+04 3.7413366e+00 
1.1655691e+04 3.8710370e+00 
1.1705716e+04 4.0060182e+00 
1.1755740e+04 4.1325645e+00 
1.1805765e+04 4.2524762e+00 
1.1855789e+04 4.3710856e+00 
1.1905813e+04 4.4832530e+00 
1.1955838e+04 4.5863185e+00 
1.2005862e+04 4.6830416e+00 
1.2055887e+04 4.7733517e+00 
1.2105911e+04 4.8504872e+00 
1.2155936e+04 4.9164205e+00 
1.2205960e+04 4.9769654e+00 
1.2255984e+04 5.0182395e+00 
1.2306009e+04 5.0513272e+00 
1.2356033e+04 5.0743327e+00 
1.2406058e+04 5.0829577e+00 
1.2456082e+04 5.0781665e+00 
1.2506106e+04 5.0666661e+00 
1.2556131e+04 5.0393414e+00 
1.2606155e+04 4.9961672e+00 
1.2656180e+04 4.9471846e+00 
1.2706204e+04 4.8841891e+00 
1.2756229e+04 4.8100085e+00 
1.2806253e+04 4.7289400e+00 
1.2856277e+04 4.6371112e+00 
1.2906302e+04 4.5340595e+00 
1.2956326e+04 4.4276295e+00 
1.3006351e+04 4.3131695e+00 
1.3056375e+04 4.1890650e+00 
1.3106400e+04 4.0667553e+00 
1.3156424e+04 3.9364502e+00 
1.3206448e+04 3.8007801e+00 
1.3256473e+04 3.6676240e+00 
1.3306497e+04 3.5368321e+00 
1.3356522e+04 3.4011912e+00 
1.3406546e+04 3.2678797e+00 
1.3456571e+04 3.1406350e+00 
1.3506595e+04 3.0151379e+00 
1.3556619e+04 2.8943739e+00 
1.3606644e+04 2.7821672e+00 
1.3656668e+04 2.6731539e+00 
1.3706693e+04 2.5726070e+00 
1.3756717e+04 2.4824798e+00 
1.3806742e+04 2.3982534e+00 
1.3856766e+04 2.3258092e+00 
1.3906790e+04 2.2658203e+00 
1.3956815e+04 2.2145402e+00 
1.4006839e+04 2.1729884e+00 
1.4056864e+04 2.1445341e+00 
1.4106888e+04 2.1315317e+00 
1.4156913e+04 2.1272006e+00 
1.4206937e+04 2.1377904e+00 
1.4256961e+04 2.1599605e+00 
1.4306986e+04 2.1947217e+00 
1.4357010e+04 2.2382402e+00 
1.4407035e+04 2.2958202e+00 
1.4457059e+04 2.3625383e+00 
1.4507084e+04 2.4392068e+00 
1.4557108e+04 2.5275812e+00 
1.4607132e+04 2.6238174e+00 
1.4657157e+04 2.7260187e+00 
1.4707181e+04 2.8397236e+00 
1.4757206e+04 2.9565263e+00 
1.4807230e+04 3.0773304e+00 
1.4857255e+04 3.2088521e+00 
1.4907279e+04 3.3399038e+00 
1.4957303e+04 3.4710159e+00 
1.5007328e+04 3.6053874e+00 
1.5057352e+04 3.7375059e+00 
1.5107377e+04 3.8686237e+00 
1.5157401e+04 4.0031791e+00 
1.5207426e+04 4.1311302e+00 
1.5257450e+04 4.2515140e+00 
1.5307474e+04 4.3686705e+00 
1.5357499e+04 4.4827695e+00 
1.5407523e+04 4.5848675e+00 
1.5457548e+04 4.6844916e+00 
1.5507572e+04 4.7738342e+00 
1.5557596e+04 4.8490419e+00 
1.5607621e+04 4.9144974e+00 
1.5657645e+04 4.9731231e+00 
1.5707670e+04 5.0191984e+00 
1.5757694e+04 5.0513272e+00 
1.5807719e+04 5.0743327e+00 
1.5857743e+04 5.0834370e+00 
1.5907767e+04 5.0781665e+00 
1.5957792e+04 5.0652285e+00 
1.6007816e+04 5.0393414e+00 
1.6057841e+04 4.9990473e+00 
1.6107865e+04 4.9486256e+00 
1.6157890e+04 4.8894830e+00 
1.6207914e+04 4.8157935e+00 
1.6257938e+04 4.7332864e+00 
1.6307963e+04 4.6448488e+00 
1.6357987e+04 4.5427699e+00 
1.6408012e+04 4.4348831e+00 
1.6458036e+04 4.3223329e+00 
1.6508061e+04 4.2000990e+00 
1.6558085e+04 4.0734167e+00 
1.6608109e+04 3.9452169e+00 
1.6658134e+04 3.8127851e+00 
1.6708158e+04 3.6786315e+00 
1.6758183e+04 3.5464287e+00 
1.6808207e+04 3.4122779e+00 
1.6858232e+04 3.2775531e+00 
1.6908256e+04 3.1478901e+00 
1.6958280e+04 3.0238044e+00 
1.7008305e+04 2.8991418e+00 
1.7058329e+04 2.7826540e+00 
1.7108354e+04 2.6765108e+00 
1.7158378e+04 2.5740428e+00 
1.7208403e+04 2.4829600e+00 
1.7258427e+04 2.4006646e+00 
1.7308451e+04 2.3262928e+00 
1.7358476e+04 2.2648523e+00 
1.7408500e+04 2.2126060e+00 
1.7458525e+04 2.1734712e+00 
1.7508549e+04 2.1450160e+00 
1.7558574e+04 2.1315317e+00 
1.7608598e+04 2.1267195e+00 
1.7658622e+04 2.1344199e+00 
1.7708647e+04 2.1585138e+00 
1.7758671e+04 2.1908565e+00 
1.7808696e+04 2.2319512e+00 
1.7858720e+04 2.2895305e+00 
1.7908745e+04 2.3572249e+00 
1.7958769e+04 2.4310226e+00 
1.8008793e+04 2.5179925e+00 
1.8058818e+04 2.6142452e+00 
1.8108842e+04 2.7144601e+00 
1.8158867e+04 2.8281600e+00 
1.8208891e+04 2.9459841e+00 
1.8258915e+04 3.0657463e+00 
1.8308940e+04 3.1948190e+00 
1.8358964e+04 3.3287933e+00 
1.8408989e+04 3.4594700e+00 
1.8459013e+04 3.5914950e+00 
1.8509038e+04 3.7250574e+00 
1.8559062e+04 3.8565671e+00 
1.8609086e+04 3.9887588e+00 
1.8659111e+04 4.1182313e+00 
1.8709135e+04 4.2390094e+00 
1.8759160e+04 4.3580461e+00 
1.8809184e+04 4.4716420e+00 
1.8859209e+04 4.5776091e+00 
1.8909233e+04 4.6772413e+00 
1.8959257e+04 4.7675610e+00 
1.9009282e+04 4.8447070e+00 
1.9059306e+04 4.9106493e+00 
1.9109331e+04 4.9702425e+00 
1.9159355e+04 5.0167994e+00 
1.9209380e+04 5.0489306e+00 
1.9259404e+04 5.0748119e+00 
1.9309428e+04 5.0853534e+00 
1.9359453e+04 5.0805621e+00 
1.9409477e+04 5.0666661e+00 
1.9459502e+04 5.0431776e+00 
1.9509526e+04 5.0038457e+00 
1.9559551e+04 4.9558330e+00 
1.9609575e+04 4.8971810e+00 
1.9659599e+04 4.8249516e+00 
1.9709624e+04 4.7439094e+00 
1.9759648e+04 4.6535521e+00 
1.9809673e+04 4.5519643e+00 
1.9859697e+04 4.4440713e+00 
1.9909722e+04 4.3314991e+00 
1.9959746e+04 4.2096996e+00 
2.0009770e+04 4.0853209e+00 
2.0059795e+04 3.9598565e+00 
2.0109819e+04 3.8247986e+00 
2.0159844e+04 3.6920314e+00 
2.0209868e+04 3.5588994e+00 
2.0259893e+04 3.4214332e+00 
2.0309917e+04 3.2872245e+00 
2.0359941e+04 3.1580482e+00 
2.0409966e+04 3.0305479e+00 
2.0459990e+04 2.9105945e+00 
2.0510015e+04 2.7958121e+00 
2.0560039e+04 2.6827476e+00 
2.0610064e+04 2.5821805e+00 
2.0660088e+04 2.4920833e+00 
2.0710112e+04 2.4083786e+00 
2.0760137e+04 2.3330615e+00 
2.0810161e+04 2.2711432e+00 
2.0860186e+04 2.2169578e+00 
2.0910210e+04 2.1758850e+00 
2.0960234e+04 2.1498351e+00 
2.1010259e+04 2.1310503e+00 
2.1060283e+04 2.1267195e+00 
2.1110308e+04 2.1358643e+00 
2.1160332e+04 2.1551383e+00 
2.1210357e+04 2.1855426e+00 
2.1260381e+04 2.2314675e+00 
2.1310405e+04 2.2842081e+00 
2.1360430e+04 2.3490114e+00 
2.1410454e+04 2.4252436e+00 
2.1460479e+04 2.5098393e+00 
2.1510503e+04 2.6041956e+00 
2.1560528e+04 2.7096491e+00 
2.1610552e+04 2.8188183e+00 
2.1660576e+04 2.9344938e+00 
2.1710601e+04 3.0609212e+00 
2.1760625e+04 3.1856253e+00 
2.1810650e+04 3.3157468e+00 
2.1860674e+04 3.4512894e+00 
2.1910699e+04 3.5867031e+00 
2.1960723e+04 3.7188339e+00 
2.2010747e+04 3.8527122e+00 
2.2060772e+04 3.9833581e+00 
2.2110796e+04 4.1115475e+00 
2.2160821e+04 4.2385283e+00 
2.2210845e+04 4.3614264e+00 
2.2260870e+04 4.4726095e+00 
2.2310894e+04 4.5785770e+00 
2.2360918e+04 4.6772413e+00 
2.2410943e+04 4.7632179e+00 
2.2460967e+04 4.8461518e+00 
2.2510992e+04 4.9144974e+00 
2.2561016e+04 4.9688015e+00 
2.2611041e+04 5.0172796e+00 
2.2661065e+04 5.0518069e+00 
2.2711089e+04 5.0724158e+00 
2.2761114e+04 5.0848737e+00 
2.2811138e+04 5.0810409e+00 
2.2861163e+04 5.0661864e+00 
2.2911187e+04 5.0431776e+00 
2.2961212e+04 5.0028858e+00 
2.3011236e+04 4.9539108e+00 
2.3061260e+04 4.8942938e+00 
2.3111285e+04 4.8210959e+00 
2.3161309e+04 4.7376323e+00 
2.3211334e+04 4.6487164e+00 
2.3261358e+04 4.5476093e+00 
2.3311383e+04 4.4377837e+00 
2.3361407e+04 4.3252273e+00 
2.3411431e+04 4.2048988e+00 
2.3461456e+04 4.0800815e+00 
2.3511480e+04 3.9544847e+00 
2.3561505e+04 3.8219147e+00 
2.3611529e+04 3.6862884e+00 
2.3661553e+04 3.5574608e+00 
2.3711578e+04 3.4243240e+00 
2.3761602e+04 3.2891593e+00 
2.3811627e+04 3.1638532e+00 
2.3861651e+04 3.0387392e+00 
2.3911676e+04 2.9144149e+00 
2.3961700e+04 2.8021619e+00 
2.4011724e+04 2.6913874e+00 
2.4061749e+04 2.5874453e+00 
2.4111773e+04 2.4954436e+00 
2.4161798e+04 2.4107888e+00 
2.4211822e+04 2.3354785e+00 
2.4261847e+04 2.2745304e+00 
2.4311871e+04 2.2198594e+00 
2.4361895e+04 2.1773331e+00 
2.4411920e+04 2.1498351e+00 
2.4461944e+04 2.1324942e+00 
2.4511969e+04 2.1272006e+00 
2.4561993e+04 2.1363459e+00 
2.4612018e+04 2.1565847e+00 
2.4662042e+04 2.1855426e+00 
2.4712066e+04 2.2319512e+00 
2.4762091e+04 2.2856598e+00 
2.4812115e+04 2.3523936e+00 
2.4862140e+04 2.4334302e+00 
2.4912164e+04 2.5194311e+00 
2.4962189e+04 2.6113739e+00 
2.5012213e+04 2.7163856e+00 
2.5062237e+04 2.8286524e+00 
2.5112262e+04 2.9440684e+00 
2.5162286e+04 3.0729854e+00 
2.5212311e+04 3.2006257e+00 
2.5262335e+04 3.3326583e+00 
2.5312360e+04 3.4671674e+00 
2.5362384e+04 3.6020346e+00 
2.5412408e+04 3.7370269e+00 
2.5462433e+04 3.8720019e+00 
2.5512457e+04 4.0055451e+00 
2.5562482e+04 4.1306524e+00 
2.5612506e+04 4.2563257e+00 
2.5662531e+04 4.3730178e+00 
2.5712555e+04 4.4851890e+00 
2.5762579e+04 4.5921245e+00 
2.5812604e+04 4.6878748e+00 
2.5862628e+04 4.7757649e+00 
2.5912653e+04 4.8553033e+00 
2.5962677e+04 4.9207482e+00 
2.6012702e+04 4.9769654e+00 
2.6062726e+04 5.0239949e+00 
2.6112750e+04 5.0532451e+00 
2.6162775e+04 5.0762496e+00 
2.6212799e+04 5.0863109e+00 
2.6262824e+04 5.0796041e+00 
2.6312848e+04 5.0647488e+00 
2.6362872e+04 5.0379033e+00 
2.6412897e+04 4.9966469e+00 
2.6462921e+04 4.9471846e+00 
2.6512946e+04 4.8851519e+00 
2.6562970e+04 4.8085623e+00 
2.6612995e+04 4.7265258e+00 
2.6663019e+04 4.6342092e+00 
2.6713043e+04 4.5316401e+00 
2.6763068e+04 4.4227943e+00 
2.6813092e+04 4.3069015e+00 
2.6863117e+04 4.1823511e+00 
2.6913141e+04 4.0596213e+00 
2.6963166e+04 3.9286678e+00 
2.7013190e+04 3.7964606e+00 
2.7063214e+04 3.6628382e+00 
2.7113239e+04 3.5296335e+00 
2.7163263e+04 3.3944407e+00 
2.7213288e+04 3.2620752e+00 
2.7263312e+04 3.1333814e+00 
2.7313337e+04 3.0055137e+00 
2.7363361e+04 2.8867502e+00 
2.7413385e+04 2.7724459e+00 
2.7463410e+04 2.6602111e+00 
2.7513434e+04 2.5615952e+00 
2.7563459e+04 2.4704688e+00 
2.7613483e+04 2.3900533e+00 
2.7663508e+04 2.3190391e+00 
2.7713532e+04 2.2575939e+00 
2.7763556e+04 2.2058377e+00 
2.7813581e+04 2.1700926e+00 
2.7863605e+04 2.1435704e+00 
2.7913630e+04 2.1296065e+00 
2.7963654e+04 2.1296065e+00 
2.8013679e+04 2.1401985e+00 
2.8063703e+04 2.1628549e+00 
2.8113727e+04 2.1985877e+00 
2.8163752e+04 2.2454975e+00 
2.8213776e+04 2.3045285e+00 
2.8263801e+04 2.3755755e+00 
2.8313825e+04 2.4526796e+00 
2.8363850e+04 2.5433953e+00 
2.8413874e+04 2.6400938e+00 
2.8463898e+04 2.7448380e+00 
2.8513923e+04 2.8586931e+00 
2.8563947e+04 2.9819596e+00 
2.8613972e+04 3.1053448e+00 
2.8663996e+04 3.2344983e+00 
2.8714021e+04 3.3712852e+00 
2.8764045e+04 3.5013001e+00 
2.8814069e+04 3.6360340e+00 
2.8864094e+04 3.7710409e+00 
2.8914118e+04 3.9024642e+00 
2.8964143e+04 4.0387197e+00 
2.9014167e+04 4.1651001e+00 
2.9064191e+04 4.2861776e+00 
2.9114216e+04 4.4073248e+00 
2.9164240e+04 4.5185752e+00 
2.9214265e+04 4.6192150e+00 
2.9264289e+04 4.7158990e+00 
2.9314314e+04 4.7998824e+00 
2.9364338e+04 4.8750443e+00 
2.9414362e+04 4.9394956e+00 
2.9464387e+04 4.9899278e+00 
2.9514411e+04 5.0326285e+00 
2.9564436e+04 5.0637903e+00 
2.9614460e+04 5.0786457e+00 
2.9664485e+04 5.0839157e+00 
2.9714509e+04 5.0791245e+00 
2.9764533e+04 5.0561213e+00 
2.9814558e+04 5.0263929e+00 
2.9864582e+04 4.9851270e+00 
2.9914607e+04 4.9269986e+00 
2.9964631e+04 4.8615637e+00 
3.0014656e+04 4.7868600e+00 
3.0064680e+04 4.6985059e+00 
3.0114704e+04 4.6022840e+00 
3.0164729e+04 4.4987364e+00 
3.0214753e+04 4.3860612e+00 
3.0264778e+04 4.2673955e+00 
3.0314802e+04 4.1440396e+00 
3.0364827e+04 4.0154867e+00 
3.0414851e+04 3.8869784e+00 
3.0464875e+04 3.7528319e+00 
3.0514900e+04 3.6187978e+00 
3.0564924e+04 3.4849603e+00 
3.0614949e+04 3.3495622e+00 
3.0664973e+04 3.2156272e+00 
3.0714998e+04 3.0894022e+00 
3.0765022e+04 2.9632399e+00 
3.0815046e+04 2.8458836e+00 
3.0865071e+04 2.7342155e+00 
3.0915095e+04 2.6276469e+00 
3.0965120e+04 2.5304573e+00 
3.1015144e+04 2.4440196e+00 
3.1065169e+04 2.3639872e+00 
3.1115193e+04 2.2958202e+00 
3.1165217e+04 2.2401752e+00 
3.1215242e+04 2.1923058e+00 
3.1265266e+04 2.1589959e+00 
3.1315291e+04 2.1382720e+00 
3.1365315e+04 2.1281629e+00 
3.1415340e+04 2.1329756e+00 
3.1465364e+04 2.1464615e+00 
3.1515388e+04 2.1720231e+00 
3.1565413e+04 2.2164743e+00 
3.1615437e+04 2.2663040e+00 
3.1665462e+04 2.3272595e+00 
3.1715486e+04 2.4035578e+00 
3.1765511e+04 2.4829600e+00 
3.1815535e+04 2.5764363e+00 
3.1865559e+04 2.6793892e+00 
3.1915584e+04 2.7860615e+00 
3.1965608e+04 2.9020038e+00 
3.2015633e+04 3.0262122e+00 
3.2065657e+04 3.1503084e+00 
3.2115681e+04 3.2843235e+00 
3.2165706e+04 3.4170971e+00 
3.2215730e+04 3.5507455e+00 
3.2265755e+04 3.6862884e+00 
3.2315779e+04 3.8190308e+00 
3.2365804e+04 3.9500930e+00 
3.2415828e+04 4.0810342e+00 
3.2465852e+04 4.2058587e+00 
3.2515877e+04 4.3261919e+00 
3.2565901e+04 4.4426198e+00 
3.2615926e+04 4.5490608e+00 
3.2665950e+04 4.6492009e+00 
3.2715975e+04 4.7424607e+00 
3.2765999e+04 4.8230238e+00 
3.2816023e+04 4.8952565e+00 
3.2866048e+04 4.9563131e+00 
3.2916072e+04 5.0043254e+00 
3.2966097e+04 5.0436573e+00 
3.3016121e+04 5.0709786e+00 
3.3066146e+04 5.0819993e+00 
3.3116170e+04 5.0853534e+00 
3.3166194e+04 5.0743327e+00 
3.3216219e+04 5.0484514e+00 
3.3266243e+04 5.0167994e+00 
3.3316268e+04 4.9692822e+00 
3.3366292e+04 4.9096875e+00 
3.3416317e+04 4.8432617e+00 
3.3466341e+04 4.7608047e+00 
3.3516365e+04 4.6728902e+00 
3.3566390e+04 4.5761580e+00 
3.3616414e+04 4.4682555e+00 
3.3666439e+04 4.3532186e+00 
3.3716463e+04 4.2370858e+00 
3.3766488e+04 4.1091614e+00 
3.3816512e+04 3.9794338e+00 
3.3866536e+04 3.8478949e+00 
3.3916561e+04 3.7130899e+00 
3.3966585e+04 3.5795145e+00 
3.4016610e+04 3.4469571e+00 
3.4066634e+04 3.3084970e+00 
3.4116659e+04 3.1773996e+00 
3.4166683e+04 3.0532031e+00 
3.4216707e+04 2.9273183e+00 
3.4266732e+04 2.8158739e+00 
3.4316756e+04 2.7029176e+00 
3.4366781e+04 2.5974953e+00 
3.4416805e+04 2.5074406e+00 
3.4466830e+04 2.4160900e+00 
3.4516854e+04 2.3417625e+00 
3.4566878e+04 2.2788854e+00 
3.4616903e+04 2.2217937e+00 
3.4666927e+04 2.1821620e+00 
3.4716952e+04 2.1512811e+00 
3.4766976e+04 2.1329756e+00 
3.4817000e+04 2.1272006e+00 
3.4867025e+04 2.1358643e+00 
3.4917049e+04 2.1517632e+00 
3.4967074e+04 2.1831279e+00 
3.5017098e+04 2.2290490e+00 
3.5067123e+04 2.2808208e+00 
3.5117147e+04 2.3475618e+00 
3.5167171e+04 2.4223535e+00 
3.5217196e+04 2.5069609e+00 
3.5267220e+04 2.6032381e+00 
3.5317245e+04 2.7038789e+00 
3.5367269e+04 2.8148928e+00 
3.5417294e+04 2.9349723e+00 
3.5467318e+04 3.0565794e+00 
3.5517342e+04 3.1841741e+00 
3.5567367e+04 3.3176796e+00 
3.5617391e+04 3.4488826e+00 
3.5667416e+04 3.5843072e+00 
3.5717440e+04 3.7221847e+00 
3.5767465e+04 3.8536756e+00 
3.5817489e+04 3.9892497e+00 
3.5867513e+04 4.1177540e+00 
3.5917538e+04 4.2394900e+00 
3.5967562e+04 4.3623919e+00 
3.6017587e+04 4.4759965e+00 
3.6067611e+04 4.5819635e+00 
3.6117636e+04 4.6815915e+00 
3.6167660e+04 4.7709394e+00 
3.6217684e+04 4.8475966e+00 
3.6267709e+04 4.9202676e+00 
3.6317733e+04 4.9736037e+00 
3.6367758e+04 5.0191984e+00 
3.6417782e+04 5.0551624e+00 
3.6467807e+04 5.0748119e+00 
3.6517831e+04 5.0853534e+00 
3.6567855e+04 5.0834370e+00 
3.6617880e+04 5.0661864e+00 
3.6667904e+04 5.0388622e+00 
3.6717929e+04 5.0014462e+00 
3.6767953e+04 4.9481454e+00 
3.6817978e+04 4.8861141e+00 
3.6868002e+04 4.8133831e+00 
3.6918026e+04 4.7299056e+00 
3.6968051e+04 4.6385617e+00 
3.7018075e+04 4.5335755e+00 
3.7068100e+04 4.4223113e+00 
3.7118124e+04 4.3073831e+00 
3.7168149e+04 4.1818719e+00 
3.7218173e+04 4.0586705e+00 
3.7268197e+04 3.9291537e+00 
3.7318222e+04 3.7892630e+00 
3.7368246e+04 3.6556597e+00 
3.7418271e+04 3.5214722e+00 
3.7468295e+04 3.3847945e+00 
3.7518319e+04 3.2523999e+00 
3.7568344e+04 3.1193609e+00 
3.7618368e+04 2.9925301e+00 
3.7668393e+04 2.8762779e+00 
3.7718417e+04 2.7598357e+00 
3.7768442e+04 2.6525455e+00 
3.7818466e+04 2.5548911e+00 
3.7868490e+04 2.4637396e+00 
3.7918515e+04 2.3852284e+00 
3.7968539e+04 2.3229079e+00 
3.8018564e+04 2.2696915e+00 
3.8068588e+04 2.2285652e+00 
3.8118613e+04 2.1976211e+00 
3.8168637e+04 2.1696100e+00 
3.8218661e+04 2.1522453e+00 
3.8268686e+04 2.1416435e+00 
3.8318710e+04 2.1300876e+00 
3.8368735e+04 2.1276817e+00 
3.8418759e+04 2.1262383e+00 
3.8468784e+04 2.1233521e+00 
3.8518808e+04 2.1286440e+00 
3.8568832e+04 2.1286440e+00 
3.8618857e+04 2.1320131e+00 
3.8668881e+04 2.1377904e+00 
3.8718906e+04 2.1382720e+00 
3.8768930e+04 2.1401985e+00 
3.8818955e+04 2.1454978e+00 
3.8868979e+04 2.1450160e+00 
3.8919003e+04 2.1469436e+00 
3.8969028e+04 2.1479073e+00 
3.9019052e+04 2.1450160e+00 
3.9069077e+04 2.1450160e+00 
3.9119101e+04 2.1421254e+00 
3.9169126e+04 2.1392353e+00 
3.9219150e+04 2.1397169e+00 
3.9269174e+04 2.1339386e+00 
3.9319199e+04 2.1315317e+00 
3.9369223e+04 2.1305690e+00 
3.9419248e+04 2.1267195e+00 
3.9469272e+04 2.1243141e+00 
3.9519297e+04 2.1252761e+00 
3.9569321e+04 2.1247952e+00 
3.9619345e+04 2.1281629e+00 
3.9669370e+04 2.1305690e+00 
3.9719394e+04 2.1339386e+00 
3.9769419e+04 2.1435704e+00 
3.9819443e+04 2.1517632e+00 
3.9869468e+04 2.1638198e+00 
3.9919492e+04 2.1821620e+00 
3.9969516e+04 2.1976211e+00 
4.0019541e+04 2.2193758e+00 
4.0069565e+04 2.2459812e+00 
4.0119590e+04 2.2745304e+00 
4.0169614e+04 2.3079147e+00 
4.0219638e+04 2.3451457e+00 
4.0269663e+04 2.3837807e+00 
4.0319687e+04 2.4319859e+00 
4.0369712e+04 2.4795978e+00 
4.0419736e+04 2.5323744e+00 
4.0469761e+04 2.5931883e+00 
4.0519785e+04 2.6511085e+00 
4.0569809e+04 2.7173483e+00 
4.0619834e+04 2.7904465e+00 
4.0669858e+04 2.8615420e+00 
4.0719883e+04 2.9383228e+00 
4.0769907e+04 3.0218780e+00 
4.0819932e+04 3.1038949e+00 
4.0869956e+04 3.1938515e+00 
4.0919980e+04 3.2867410e+00 
4.0970005e+04 3.3799706e+00 
4.1020029e+04 3.4801524e+00 
4.1070054e+04 3.5737629e+00 
4.1120078e+04 3.6695385e+00 
4.1170103e+04 3.7719996e+00 
4.1220127e+04 3.8695891e+00 
4.1270151e+04 3.9671898e+00 
4.1320176e+04 4.0681820e+00 
4.1370200e+04 4.1617484e+00 
4.1420225e+04 4.2596946e+00 
4.1470249e+04 4.3512869e+00 
4.1520274e+04 4.4392347e+00 
4.1570298e+04 4.5277691e+00 
4.1620322e+04 4.6109915e+00 
4.1670347e+04 4.6854582e+00 
4.1720371e+04 4.7603221e+00 
4.1770396e+04 4.8254337e+00 
4.1820420e+04 4.8856330e+00 
4.1870445e+04 4.9394956e+00 
4.1920469e+04 4.9788857e+00 
4.1970493e+04 5.0191984e+00 
4.2020518e+04 5.0498896e+00 
4.2070542e+04 5.0685830e+00 
4.2120567e+04 5.0829577e+00 
4.2170591e+04 5.0863109e+00 
4.2220616e+04 5.0800829e+00 
4.2270640e+04 5.0695410e+00 
4.2320664e+04 5.0441360e+00 
4.2370689e+04 5.0110435e+00 
4.2420713e+04 4.9726434e+00 
4.2470738e+04 4.9193053e+00 
4.2520762e+04 4.8639717e+00 
4.2570787e+04 4.7950602e+00 
4.2620811e+04 4.7163820e+00 
4.2670835e+04 4.6371112e+00 
4.2720860e+04 4.5447054e+00 
4.2770884e+04 4.4498749e+00 
4.2820909e+04 4.3493562e+00 
4.2870933e+04 4.2394900e+00 
4.2920957e+04 4.1301742e+00 
4.2970982e+04 4.0159607e+00 
4.3021006e+04 3.8918147e+00 
4.3071031e+04 3.7734380e+00 
4.3121055e+04 3.6489587e+00 
4.3171080e+04 3.5253131e+00 
4.3221104e+04 3.4060121e+00 
4.3271128e+04 3.2819052e+00 
4.3321153e+04 3.1624017e+00 
4.3371177e+04 3.0450058e+00 
4.3421202e+04 2.9287531e+00 
4.3471226e+04 2.8217657e+00 
4.3521251e+04 2.7173483e+00 
4.3571275e+04 2.6195099e+00 
4.3621299e+04 2.5342913e+00 
4.3671324e+04 2.4497933e+00 
4.3721348e+04 2.3736446e+00 
4.3771373e+04 2.3122680e+00 
4.3821397e+04 2.2537229e+00 
4.3871422e+04 2.2077713e+00 
4.3921446e+04 2.1715405e+00 
4.3971470e+04 2.1440523e+00 
4.4021495e+04 2.1320131e+00 
4.4071519e+04 2.1276817e+00 
4.4121544e+04 2.1339386e+00 
4.4171568e+04 2.1541739e+00 
4.4221593e+04 2.1821620e+00 
4.4271617e+04 2.2246957e+00 
4.4321641e+04 2.2774336e+00 
4.4371666e+04 2.3330615e+00 
4.4421690e+04 2.4078968e+00 
4.4471715e+04 2.4877622e+00 
4.4521739e+04 2.5740428e+00 
4.4571764e+04 2.6736333e+00 
4.4621788e+04 2.7768180e+00 
4.4671812e+04 2.8877029e+00 
4.4721837e+04 3.0040708e+00 
4.4771861e+04 3.1198442e+00 
4.4821886e+04 3.2475622e+00 
4.4871910e+04 3.3751457e+00 
4.4921935e+04 3.5032218e+00 
4.4971959e+04 3.6365125e+00 
4.5021983e+04 3.7657692e+00 
4.5072008e+04 3.8908470e+00 
4.5122032e+04 4.0235419e+00 
4.5172057e+04 4.1440396e+00 
4.5222081e+04 4.2635446e+00 
4.5272106e+04 4.3802633e+00 
4.5322130e+04 4.4876075e+00 
4.5372154e+04 4.5916405e+00 
4.5422179e+04 4.6849747e+00 
4.5472203e+04 4.7690086e+00 
4.5522228e+04 4.8480787e+00 
4.5572252e+04 4.9135346e+00 
4.5622277e+04 4.9692822e+00 
4.5672301e+04 5.0167994e+00 
4.5722325e+04 5.0494099e+00 
4.5772350e+04 5.0748119e+00 
4.5822374e+04 5.0848737e+00 
4.5872399e+04 5.0819993e+00 
4.5922423e+04 5.0738535e+00 
4.5972447e+04 5.0470128e+00 
4.6022472e+04 5.0110435e+00 
4.6072496e+04 4.9707227e+00 
4.6122521e+04 4.9111304e+00 
4.6172545e+04 4.8442249e+00 
4.6222570e+04 4.7665958e+00 
4.6272594e+04 4.6801410e+00 
4.6322618e+04 4.5877705e+00 
4.6372643e+04 4.4813180e+00 
4.6422667e+04 4.3725343e+00 
4.6472692e+04 4.2568069e+00 
4.6522716e+04 4.1330419e+00 
4.6572741e+04 4.0116987e+00 
4.6622765e+04 3.8802114e+00 
4.6672789e+04 3.7446890e+00 
4.6722814e+04 3.6164031e+00 
4.6772838e+04 3.4811139e+00 
4.6822863e+04 3.3500454e+00 
4.6872887e+04 3.2228854e+00 
4.6922912e+04 3.0942326e+00 
4.6972936e+04 2.9728363e+00 
4.7022960e+04 2.8572690e+00 
4.7072985e+04 2.7448380e+00 
4.7123009e+04 2.6439247e+00 
4.7173034e+04 2.5443532e+00 
4.7223058e+04 2.4565270e+00 
4.7273083e+04 2.3804026e+00 
4.7323107e+04 2.3083982e+00 
4.7373131e+04 2.2513037e+00 
4.7423156e+04 2.2043874e+00 
4.7473180e+04 2.1652670e+00 
4.7523205e+04 2.1435704e+00 
4.7573229e+04 2.1291254e+00 
4.7623254e+04 2.1291254e+00 
4.7673278e+04 2.1416435e+00 
4.7723302e+04 2.1623724e+00 
4.7773327e+04 2.1985877e+00 
4.7823351e+04 2.2435620e+00 
4.7873376e+04 2.2987232e+00 
4.7923400e+04 2.3692992e+00 
4.7973425e+04 2.4464254e+00 
4.8023449e+04 2.5328536e+00 
4.8073473e+04 2.6286042e+00 
4.8123498e+04 2.7313216e+00 
4.8173522e+04 2.8468318e+00 
4.8223547e+04 2.9618008e+00 
4.8273571e+04 3.0816758e+00 
4.8323596e+04 3.2127233e+00 
4.8373620e+04 3.3403866e+00 
4.8423644e+04 3.4734199e+00 
4.8473669e+04 3.6073034e+00 
4.8523693e+04 3.7389424e+00 
4.8573718e+04 3.8734503e+00 
4.8623742e+04 4.0055451e+00 
4.8673766e+04 4.1292186e+00 
4.8723791e+04 4.2544012e+00 
4.8773815e+04 4.3691530e+00 
4.8823840e+04 4.4808345e+00 
4.8873864e+04 4.5863185e+00 
4.8923889e+04 4.6772413e+00 
4.8973913e+04 4.7699742e+00 
4.9023937e+04 4.8466334e+00 
4.9073962e+04 4.9130540e+00 
4.9123986e+04 4.9736037e+00 
4.9174011e+04 5.0163198e+00 
4.9224035e+04 5.0522866e+00 
4.9274060e+04 5.0743327e+00 
4.9324084e+04 5.0829577e+00 
4.9374108e+04 5.0834370e+00 
4.9424133e+04 5.0676236e+00 
4.9474157e+04 5.0422182e+00 
4.9524182e+04 5.0052848e+00 
4.9574206e+04 4.9539108e+00 
4.9624231e+04 4.8971810e+00 
4.9674255e+04 4.8278427e+00 
4.9724279e+04 4.7448750e+00 
4.9774304e+04 4.6569371e+00 
4.9824328e+04 4.5572867e+00 
4.9874353e+04 4.4484239e+00 
4.9924377e+04 4.3363247e+00 
4.9974402e+04 4.2159424e+00 
5.0024426e+04 4.0934219e+00 
5.0074450e+04 3.9652328e+00 
5.0124475e+04 3.8324931e+00 
5.0174499e+04 3.7016029e+00 
5.0224524e+04 3.5651331e+00 
5.0274548e+04 3.4339571e+00 
5.0324573e+04 3.3041465e+00 
5.0374597e+04 3.1720779e+00 
5.0424621e+04 3.0469341e+00 
5.0474646e+04 2.9230156e+00 
5.0524670e+04 2.8090115e+00 
5.0574695e+04 2.6985922e+00 
5.0624719e+04 2.5941453e+00 
5.0674744e+04 2.5036023e+00 
5.0724768e+04 2.4209082e+00 
5.0774792e+04 2.3456287e+00 
5.0824817e+04 2.2837241e+00 
5.0874841e+04 2.2246957e+00 
5.0924866e+04 2.1850595e+00 
5.0974890e+04 2.1536918e+00 
5.1024915e+04 2.1329756e+00 
5.1074939e+04 2.1296065e+00 
5.1124963e+04 2.1320131e+00 
5.1174988e+04 2.1483893e+00 
5.1225012e+04 2.1802304e+00 
5.1275037e+04 2.2193758e+00 
5.1325061e+04 2.2735627e+00 
5.1375085e+04 2.3340282e+00 
5.1425110e+04 2.4074147e+00 
5.1475134e+04 2.4954436e+00 
5.1525159e+04 2.5850520e+00 
5.1575183e+04 2.6880267e+00 
5.1625208e+04 2.7967885e+00 
5.1675232e+04 2.9120266e+00 
5.1725256e+04 3.0372937e+00 
5.1775281e+04 3.1619179e+00 
5.1825305e+04 3.2925434e+00 
5.1875330e+04 3.4252872e+00 
5.1925354e+04 3.5536239e+00 
5.1975379e+04 3.6896386e+00 
5.2025403e+04 3.8209534e+00 
5.2075427e+04 3.9535079e+00 
5.2125452e+04 4.0853209e+00 
5.2175476e+04 4.2082591e+00 
5.2225501e+04 4.3295693e+00 
5.2275525e+04 4.4426198e+00 
5.2325550e+04 4.5490608e+00 
5.2375574e+04 4.6516185e+00 
5.2425598e+04 4.7390809e+00 
5.2475623e+04 4.8196497e+00 
5.2525647e+04 4.8923697e+00 
5.2575672e+04 4.9505482e+00 
5.2625696e+04 5.0048056e+00 
5.2675721e+04 5.0388622e+00 
5.2725745e+04 5.0642691e+00 
5.2775769e+04 5.0829577e+00 
5.2825794e+04 5.0805621e+00 
5.2875818e+04 5.0719371e+00 
5.2925843e+04 5.0532451e+00 
5.2975867e+04 5.0191984e+00 
5.3025892e+04 4.9760046e+00 
5.3075916e+04 4.9188247e+00 
5.3125940e+04 4.8514504e+00 
5.3175965e+04 4.7767296e+00 
5.3225989e+04 4.6864247e+00 
5.3276014e+04 4.5940599e+00 
5.3326038e+04 4.4885755e+00 
5.3376063e+04 4.3768821e+00 
5.3426087e+04 4.2616196e+00 
5.3476111e+04 4.1359100e+00 
5.3526136e+04 4.0126457e+00 
5.3576160e+04 3.8792455e+00 
5.3626185e+04 3.7456472e+00 
5.3676209e+04 3.6164031e+00 
5.3726234e+04 3.4806335e+00 
5.3776258e+04 3.3490796e+00 
5.3826282e+04 3.2180464e+00 
5.3876307e+04 3.0884364e+00 
5.3926331e+04 2.9651585e+00 
5.3976356e+04 2.8473060e+00 
5.4026380e+04 2.7356629e+00 
5.4076404e+04 2.6309977e+00 
5.4126429e+04 2.5347707e+00 
5.4176453e+04 2.4459443e+00 
5.4226478e+04 2.3697820e+00 
5.4276502e+04 2.2977557e+00 
5.4326527e+04 2.2411430e+00 
5.4376551e+04 2.1971378e+00 
5.4426575e+04 2.1609254e+00 
5.4476600e+04 2.1411619e+00 
5.4526624e+04 2.1276817e+00 
5.4576649e+04 2.1291254e+00 
5.4626673e+04 2.1464615e+00 
5.4676698e+04 2.1676798e+00 
5.4726722e+04 2.2058377e+00 
5.4776746e+04 2.2527552e+00 
5.4826771e+04 2.3122680e+00 
5.4876795e+04 2.3861933e+00 
5.4926820e+04 2.4637396e+00 
5.4976844e+04 2.5539334e+00 
5.5026869e+04 2.6511085e+00 
5.5076893e+04 2.7540259e+00 
5.5126917e+04 2.8691444e+00 
5.5176942e+04 2.9848418e+00 
5.5226966e+04 3.1106603e+00 
5.5276991e+04 3.2427235e+00 
5.5327015e+04 3.3712852e+00 
5.5377040e+04 3.5075452e+00 
5.5427064e+04 3.6403422e+00 
5.5477088e+04 3.7700820e+00 
5.5527113e+04 3.9048865e+00 
5.5577137e+04 4.0320773e+00 
5.5627162e+04 4.1583967e+00 
5.5677186e+04 4.2837691e+00 
5.5727211e+04 4.3947587e+00 
5.5777235e+04 4.5079293e+00 
5.5827259e+04 4.6119595e+00 
5.5877284e+04 4.7052703e+00 
5.5927308e+04 4.7926483e+00 
5.5977333e+04 4.8649344e+00 
5.6027357e+04 4.9303632e+00 
5.6077382e+04 4.9846468e+00 
5.6127406e+04 5.0254345e+00 
5.6177430e+04 5.0580382e+00 
5.6227455e+04 5.0786457e+00 
5.6277479e+04 5.0824785e+00 
5.6327504e+04 5.0815201e+00 
5.6377528e+04 5.0618730e+00 
5.6427553e+04 5.0331078e+00 
5.6477577e+04 4.9932871e+00 
5.6527601e+04 4.9375730e+00 
5.6577626e+04 4.8769698e+00 
5.6627650e+04 4.8051872e+00 
5.6677675e+04 4.7178311e+00 
5.6727699e+04 4.6259871e+00 
5.6777723e+04 4.5209947e+00 
5.6827748e+04 4.4121585e+00 
5.6877772e+04 4.2982240e+00 
5.6927797e+04 4.1742029e+00 
5.6977821e+04 4.0524921e+00 
5.7027846e+04 3.9223504e+00 
5.7077870e+04 3.7863851e+00 
5.7127894e+04 3.6547019e+00 
5.7177919e+04 3.5209923e+00 
5.7227943e+04 3.3862419e+00 
5.7277968e+04 3.2557859e+00 
5.7327992e+04 3.1227446e+00 
5.7378017e+04 2.9997420e+00 
5.7428041e+04 2.8819885e+00 
5.7478065e+04 2.7646823e+00 
5.7528090e+04 2.6616490e+00 
5.7578114e+04 2.5582435e+00 
5.7628139e+04 2.4685464e+00 
5.7678163e+04 2.3895710e+00 
5.7728188e+04 2.3161373e+00 
5.7778212e+04 2.2566261e+00 
5.7828236e+04 2.2068045e+00 
5.7878261e+04 2.1700926e+00 
5.7928285e+04 2.1445341e+00 
5.7978310e+04 2.1291254e+00 
5.8028334e+04 2.1276817e+00 
5.8078359e+04 2.1397169e+00 
5.8128383e+04 2.1594784e+00 
5.8178407e+04 2.1961713e+00 
5.8228432e+04 2.2406592e+00 
5.8278456e+04 2.2953365e+00 
5.8328481e+04 2.3649530e+00 
5.8378505e+04 2.4425759e+00 
5.8428530e+04 2.5275812e+00 
5.8478554e+04 2.6262107e+00 
5.8528578e+04 2.7279465e+00 
5.8578603e+04 2.8411448e+00 
5.8628627e+04 2.9589238e+00 
5.8678652e+04 3.0773304e+00 
5.8728676e+04 3.2059488e+00 
5.8778701e+04 3.3355567e+00 
5.8828725e+04 3.4686105e+00 
5.8878749e+04 3.6039503e+00 
5.8928774e+04 3.7341542e+00 
5.8978798e+04 3.8662112e+00 
5.9028823e+04 4.0031791e+00 
5.9078847e+04 4.1268291e+00 
5.9128872e+04 4.2495899e+00 
5.9178896e+04 4.3672214e+00 
5.9228920e+04 4.4774480e+00 
5.9278945e+04 4.5863185e+00 
5.9328969e+04 4.6815915e+00 
5.9378994e+04 4.7680440e+00 
5.9429018e+04 4.8495240e+00 
5.9479043e+04 4.9135346e+00 
5.9529067e+04 4.9716825e+00 
5.9579091e+04 5.0187187e+00 
5.9629116e+04 5.0513272e+00 
5.9679140e+04 5.0748119e+00 
5.9729165e+04 5.0829577e+00 
5.9779189e+04 5.0805621e+00 
5.9829213e+04 5.0681038e+00 
5.9879238e+04 5.0388622e+00 
5.9929262e+04 5.0009656e+00 
5.9979287e+04 4.9529495e+00 
6.0029311e+04 4.8904448e+00 
6.0079336e+04 4.8225417e+00 
6.0129360e+04 4.7395639e+00 
6.0179384e+04 4.6467824e+00 
6.0229409e+04 4.5505123e+00 
6.0279433e+04 4.4440713e+00 
6.0329458e+04 4.3286042e+00 
6.0379482e+04 4.2101798e+00 
6.0429507e+04 4.0843682e+00 
6.0479531e+04 3.9554605e+00 
6.0529555e+04 3.8252795e+00 
6.0579580e+04 3.6886811e+00 
6.0629604e+04 3.5579402e+00 
6.0679629e+04 3.4214332e+00 
6.0729653e+04 3.2862575e+00 
6.0779678e+04 3.1575639e+00 
6.0829702e+04 3.0305479e+00 
6.0879726e+04 2.9077299e+00 
6.0929751e+04 2.7958121e+00 
6.0979775e+04 2.6851468e+00 
6.1029800e+04 2.5864880e+00 
6.1079824e+04 2.4954436e+00 
6.1129849e+04 2.4088609e+00 
6.1179873e+04 2.3364453e+00 
6.1229897e+04 2.2716269e+00 
6.1279922e+04 2.2188921e+00 
6.1329946e+04 2.1811962e+00 
6.1379971e+04 2.1498351e+00 
6.1429995e+04 2.1296065e+00 
6.1480020e+04 2.1286440e+00 
6.1530044e+04 2.1344199e+00 
6.1580068e+04 2.1532097e+00 
6.1630093e+04 2.1845767e+00 
6.1680117e+04 2.2266304e+00 
6.1730142e+04 2.2856598e+00 
6.1780166e+04 2.3499777e+00 
6.1830191e+04 2.4223535e+00 
6.1880215e+04 2.5093596e+00 
6.1930239e+04 2.6027596e+00 
6.1980264e+04 2.7033980e+00 
6.2030288e+04 2.8153832e+00 
6.2080313e+04 2.9292312e+00 
6.2130337e+04 3.0512743e+00 
6.2180362e+04 3.1788514e+00 
6.2230386e+04 3.3065636e+00 
6.2280410e+04 3.4406989e+00 
6.2330435e+04 3.5728037e+00 
6.2380459e+04 3.7054319e+00 
6.2430484e+04 3.8406725e+00 
6.2480508e+04 3.9696362e+00 
6.2530532e+04 4.0972362e+00 
6.2580557e+04 4.2250695e+00 
6.2630581e+04 4.3392200e+00 
6.2680606e+04 4.4542279e+00 
6.2730630e+04 4.5606737e+00 
6.2780655e+04 4.6559691e+00 
6.2830679e+04 4.7492199e+00 
6.2880703e+04 4.8302526e+00 
6.2930728e+04 4.8981433e+00 
6.2980752e+04 4.9596758e+00 
6.3030777e+04 5.0076842e+00 
6.3080801e+04 5.0436573e+00 
6.3130826e+04 5.0695410e+00 
6.3180850e+04 5.0805621e+00 
6.3230874e+04 5.0819993e+00 
6.3280899e+04 5.0714583e+00 
6.3330923e+04 5.0470128e+00 
6.3380948e+04 5.0134420e+00 
6.3430972e+04 4.9664001e+00 
6.3480997e+04 4.9063210e+00 
6.3531021e+04 4.8398895e+00 
6.3581045e+04 4.7608047e+00 
6.3631070e+04 4.6709571e+00 
6.3681094e+04 4.5771260e+00 
6.3731119e+04 4.4697075e+00 
6.3781143e+04 4.3551493e+00 
6.3831168e+04 4.2366056e+00 
6.3881192e+04 4.1125026e+00 
6.3931216e+04 3.9897408e+00 
6.3981241e+04 3.8575311e+00 
6.4031265e+04 3.7240999e+00 
6.4081290e+04 3.5943694e+00 
6.4131314e+04 3.4618762e+00 
6.4181339e+04 3.3268609e+00 
6.4231363e+04 3.1967552e+00 
6.4281387e+04 3.0667117e+00 
6.4331412e+04 2.9445472e+00 
6.4381436e+04 2.8326218e+00 
6.4431461e+04 2.7197559e+00 
6.4481485e+04 2.6152027e+00 
6.4531510e+04 2.5218287e+00 
6.4581534e+04 2.4343932e+00 
6.4631558e+04 2.3577080e+00 
6.4681583e+04 2.2904983e+00 
6.4731607e+04 2.2329187e+00 
6.4781632e+04 2.1898901e+00 
6.4831656e+04 2.1570668e+00 
6.4881681e+04 2.1334572e+00 
6.4931705e+04 2.1286440e+00 
6.4981729e+04 2.1320131e+00 
6.5031754e+04 2.1479073e+00 
6.5081778e+04 2.1773331e+00 
6.5131803e+04 2.2150238e+00 
6.5181827e+04 2.2672720e+00 
6.5231851e+04 2.3311276e+00 
6.5281876e+04 2.4025934e+00 
6.5331900e+04 2.4872823e+00 
6.5381925e+04 2.5802658e+00 
6.5431949e+04 2.6774702e+00 
6.5481974e+04 2.7865484e+00 
6.5531998e+04 2.9010496e+00 
6.5582022e+04 3.0189891e+00 
6.5632047e+04 3.1469228e+00 
6.5682071e+04 3.2785203e+00 
6.5732096e+04 3.4084218e+00 
6.5782120e+04 3.5445094e+00 
6.5832145e+04 3.6762388e+00 
6.5882169e+04 3.8108635e+00 
6.5932193e+04 3.9476542e+00 
6.5982218e+04 4.0734167e+00 
6.6032242e+04 4.1957808e+00 
6.6082267e+04 4.3184743e+00 
6.6132291e+04 4.4305310e+00 
6.6182316e+04 4.5384145e+00 
6.6232340e+04 4.6419473e+00 
6.6282364e+04 4.7308717e+00 
6.6332389e+04 4.8157935e+00 
6.6382413e+04 4.8875580e+00 
6.6432438e+04 4.9471846e+00 
6.6482462e+04 5.0009656e+00 
6.6532487e+04 5.0388622e+00 
6.6582511e+04 5.0657072e+00 
6.6632535e+04 5.0824785e+00 
6.6682560e+04 5.0829577e+00 
6.6732584e+04 5.0724158e+00 
6.6782609e+04 5.0527658e+00 
6.6832633e+04 5.0172796e+00 
6.6882658e+04 4.9702425e+00 
6.6932682e+04 4.9149776e+00 
6.6982706e+04 4.8442249e+00 
6.7032731e+04 4.7670789e+00 
6.7082755e+04 4.6806245e+00 
6.7132780e+04 4.5800290e+00 
6.7182804e+04 4.4769635e+00 
6.7232829e+04 4.3643236e+00 
6.7282853e+04 4.2438178e+00 
6.7332877e+04 4.1253958e+00 
6.7382902e+04 3.9966249e+00 
6.7432926e+04 3.8604238e+00 
6.7482951e+04 3.7308025e+00 
6.7532975e+04 3.5962858e+00 
6.7583000e+04 3.4628379e+00 
6.7633024e+04 3.3302424e+00 
6.7683048e+04 3.1991744e+00 
6.7733073e+04 3.0705724e+00 
6.7783097e+04 2.9483790e+00 
6.7833122e+04 2.8307288e+00 
6.7883146e+04 2.7187927e+00 
6.7933170e+04 2.6142452e+00 
6.7983195e+04 2.5203900e+00 
6.8033219e+04 2.4353559e+00 
6.8083244e+04 2.3596404e+00 
6.8133268e+04 2.2890465e+00 
6.8183293e+04 2.2353375e+00 
6.8233317e+04 2.1898901e+00 
6.8283341e+04 2.1551383e+00 
6.8333366e+04 2.1363459e+00 
6.8383390e+04 2.1286440e+00 
6.8433415e+04 2.1300876e+00 
6.8483439e+04 2.1469436e+00 
6.8533464e+04 2.1734712e+00 
6.8583488e+04 2.2116389e+00 
6.8633512e+04 2.2663040e+00 
6.8683537e+04 2.3262928e+00 
6.8733561e+04 2.3992178e+00 
6.8783586e+04 2.4829600e+00 
6.8833610e+04 2.5711708e+00 
6.8883635e+04 2.6726742e+00 
6.8933659e+04 2.7811942e+00 
6.8983683e+04 2.8915145e+00 
6.9033708e+04 3.0146565e+00 
6.9083732e+04 3.1411190e+00 
6.9133757e+04 3.2664282e+00 
6.9183781e+04 3.4011912e+00 
6.9233806e+04 3.5349128e+00 
6.9283830e+04 3.6637955e+00 
6.9333854e+04 3.8007801e+00 
6.9383879e+04 3.9320710e+00 
6.9433903e+04 4.0581951e+00 
6.9483928e+04 4.1847491e+00 
6.9533952e+04 4.3025627e+00 
6.9583977e+04 4.4189267e+00 
6.9634001e+04 4.5311565e+00 
6.9684025e+04 4.6293726e+00 
6.9734050e+04 4.7216954e+00 
6.9784074e+04 4.8066335e+00 
6.9834099e+04 4.8750443e+00 
6.9884123e+04 4.9404569e+00 
6.9934148e+04 4.9923272e+00 
6.9984172e+04 5.0292711e+00 
7.0034196e+04 5.0594764e+00 
7.0084221e+04 5.0786457e+00 
7.0134245e+04 5.0829577e+00 
7.0184270e+04 5.0776873e+00 
7.0234294e+04 5.0575595e+00 
7.0284319e+04 5.0254345e+00 
7.0334343e+04 4.9851270e+00 
7.0384367e+04 4.9308443e+00 
7.0434392e+04 4.8630085e+00 
7.0484416e+04 4.7892723e+00 
7.0534441e+04 4.7023711e+00 
7.0584465e+04 4.6080890e+00 
7.0634489e+04 4.5069618e+00 
7.0684514e+04 4.3942752e+00 
7.0734538e+04 4.2770257e+00 
7.0784563e+04 4.1593542e+00 
7.0834587e+04 4.0316029e+00 
7.0884612e+04 3.9019802e+00 
7.0934636e+04 3.7691240e+00 
7.0984660e+04 3.6355550e+00 
7.1034685e+04 3.5027416e+00 
7.1084709e+04 3.3688722e+00 
7.1134734e+04 3.2374015e+00 
7.1184758e+04 3.1111436e+00 
7.1234783e+04 2.9872439e+00 
7.1284807e+04 2.8653424e+00 
7.1334831e+04 2.7554777e+00 
7.1384856e+04 2.6477559e+00 
7.1434880e+04 2.5491436e+00 
7.1484905e+04 2.4632590e+00 
7.1534929e+04 2.3818502e+00 
7.1584954e+04 2.3127518e+00 
7.1634978e+04 2.2527552e+00 
7.1685002e+04 2.2024541e+00 
7.1735027e+04 2.1643021e+00 
7.1785051e+04 2.1435704e+00 
7.1835076e+04 2.1291254e+00 
7.1885100e+04 2.1276817e+00 
7.1935125e+04 2.1411619e+00 
7.1985149e+04 2.1614077e+00 
7.2035173e+04 2.1990707e+00 
7.2085198e+04 2.2469490e+00 
7.2135222e+04 2.3025935e+00 
7.2185247e+04 2.3736446e+00 
7.2235271e+04 2.4555655e+00 
7.2285296e+04 2.5405207e+00 
7.2335320e+04 2.6386576e+00 
7.2385344e+04 2.7462878e+00 
7.2435369e+04 2.8567939e+00 
7.2485393e+04 2.9761970e+00 
7.2535418e+04 3.0990632e+00 
7.2585442e+04 3.2262723e+00 
7.2635467e+04 3.3616321e+00 
7.2685491e+04 3.4926505e+00 
7.2735515e+04 3.6240647e+00 
7.2785540e+04 3.7595394e+00 
7.2835564e+04 3.8913307e+00 
7.2885589e+04 4.0216460e+00 
7.2935613e+04 4.1483455e+00 
7.2985638e+04 4.2688398e+00 
7.3035662e+04 4.3850946e+00 
7.3085686e+04 4.4958329e+00 
7.3135711e+04 4.5979300e+00 
7.3185735e+04 4.6936736e+00 
7.3235760e+04 4.7825189e+00 
7.3285784e+04 4.8553033e+00 
7.3335809e+04 4.9226713e+00 
7.3385833e+04 4.9793653e+00 
7.3435857e+04 5.0201573e+00 
7.3485882e+04 5.0546837e+00 
7.3535906e+04 5.0752912e+00 
7.3585931e+04 5.0819993e+00 
7.3635955e+04 5.0791245e+00 
7.3685979e+04 5.0628319e+00 
7.3736004e+04 5.0331078e+00 
7.3786028e+04 4.9952073e+00 
7.3836053e+04 4.9447818e+00 
7.3886077e+04 4.8803387e+00 
7.3936102e+04 4.8095264e+00 
7.3986126e+04 4.7245936e+00 
7.4036150e+04 4.6313071e+00 
7.4086175e+04 4.5330920e+00 
7.4136199e+04 4.4227943e+00 
7.4186224e+04 4.3083477e+00 
7.4236248e+04 4.1895447e+00 
7.4286273e+04 4.0629501e+00 
7.4336297e+04 3.9345036e+00 
7.4386321e+04 3.8031802e+00 
7.4436346e+04 3.6676240e+00 
7.4486370e+04 3.5339527e+00 
7.4536395e+04 3.4040833e+00 
7.4586419e+04 3.2717490e+00 
7.4636444e+04 3.1411190e+00 
7.4686468e+04 3.0185075e+00 
7.4736492e+04 2.8934205e+00 
7.4786517e+04 2.7807078e+00 
7.4836541e+04 2.6731539e+00 
7.4886566e+04 2.5711708e+00 
7.4936590e+04 2.4819994e+00 
7.4986615e+04 2.3987358e+00 
7.5036639e+04 2.3258092e+00 
7.5086663e+04 2.2663040e+00 
7.5136688e+04 2.2150238e+00 
7.5186712e+04 2.1729884e+00 
7.5236737e+04 2.1469436e+00 
7.5286761e+04 2.1315317e+00 
7.5336786e+04 2.1257570e+00 
7.5386810e+04 2.1358643e+00 
7.5436834e+04 2.1551383e+00 
7.5486859e+04 2.1869917e+00 
7.5536883e+04 2.2338862e+00 
7.5586908e+04 2.2885628e+00 
7.5636932e+04 2.3538432e+00 
7.5686957e+04 2.4315042e+00 
7.5736981e+04 2.5170333e+00 
7.5787005e+04 2.6108954e+00 
7.5837030e+04 2.7159045e+00 
7.5887054e+04 2.8266833e+00 
7.5937079e+04 2.9407163e+00 
7.5987103e+04 3.0642986e+00 
7.6037128e+04 3.1909480e+00 
7.6087152e+04 3.3200960e+00 
7.6137176e+04 3.4551399e+00 
7.6187201e+04 3.5867031e+00 
7.6237225e+04 3.7178767e+00 
7.6287250e+04 3.8527122e+00 
7.6337274e+04 3.9843395e+00 
7.6387298e+04 4.1125026e+00 
7.6437323e+04 4.2390094e+00 
7.6487347e+04 4.3537011e+00 
7.6537372e+04 4.4653535e+00 
7.6587396e+04 4.5756745e+00 
7.6637421e+04 4.6699896e+00 
7.6687445e+04 4.7588739e+00 
7.6737469e+04 4.8408527e+00 
7.6787494e+04 4.9063210e+00 
7.6837518e+04 4.9659204e+00 
7.6887543e+04 5.0129619e+00 
7.6937567e+04 5.0431776e+00 
7.6987592e+04 5.0685830e+00 
7.7037616e+04 5.0839157e+00 
7.7087640e+04 5.0810409e+00 
7.7137665e+04 5.0690618e+00 
7.7187689e+04 5.0450950e+00 
7.7237714e+04 5.0067244e+00 
7.7287738e+04 4.9582343e+00 
7.7337763e+04 4.9019918e+00 
7.7387787e+04 4.8297701e+00 
7.7437811e+04 4.7501850e+00 
7.7487836e+04 4.6627388e+00 
7.7537860e+04 4.5621257e+00 
7.7587885e+04 4.4561629e+00 
7.7637909e+04 4.3440466e+00 
7.7687934e+04 4.2202659e+00 
7.7737958e+04 4.0977130e+00 
7.7787982e+04 3.9715943e+00 
7.7838007e+04 3.8382664e+00 
7.7888031e+04 3.7068677e+00 
7.7938056e+04 3.5752008e+00 
7.7988080e+04 3.4382913e+00 
7.8038105e+04 3.3060803e+00 
7.8088129e+04 3.1749804e+00 
7.8138153e+04 3.0450058e+00 
7.8188178e+04 2.9234936e+00 
7.8238202e+04 2.8109710e+00 
7.8288227e+04 2.6961901e+00 
7.8338251e+04 2.5970170e+00 
7.8388276e+04 2.5050418e+00 
7.8438300e+04 2.4199448e+00 
7.8488324e+04 2.3465953e+00 
7.8538349e+04 2.2803369e+00 
7.8588373e+04 2.2237282e+00 
7.8638398e+04 2.1836107e+00 
7.8688422e+04 2.1522453e+00 
7.8738447e+04 2.1329756e+00 
7.8788471e+04 2.1262383e+00 
7.8838495e+04 2.1344199e+00 
7.8888520e+04 2.1507990e+00 
7.8938544e+04 2.1807132e+00 
7.8988569e+04 2.2227609e+00 
7.9038593e+04 2.2754982e+00 
7.9088617e+04 2.3407958e+00 
7.9138642e+04 2.4175358e+00 
7.9188666e+04 2.5002432e+00 
7.9238691e+04 2.5931883e+00 
7.9288715e+04 2.6937885e+00 
7.9338740e+04 2.8006957e+00 
7.9388764e+04 2.9206257e+00 
7.9438788e+04 3.0450058e+00 
7.9488813e+04 3.1725616e+00 
7.9538837e+04 3.3065636e+00 
7.9588862e+04 3.4378097e+00 
7.9638886e+04 3.5699275e+00 
7.9688911e+04 3.7039959e+00 
7.9738935e+04 3.8373041e+00 
7.9788959e+04 3.9662113e+00 
7.9838984e+04 4.0962825e+00 
7.9889008e+04 4.2221875e+00 
7.9939033e+04 4.3377724e+00 
7.9989057e+04 4.4522934e+00 
8.0039082e+04 4.5587382e+00 
8.0089106e+04 4.6554861e+00 
8.0139130e+04 4.7453575e+00 
8.0189155e+04 4.8278427e+00 
8.0239179e+04 4.8962188e+00 
8.0289204e+04 4.9563131e+00 
8.0339228e+04 5.0076842e+00 
8.0389253e+04 5.0431776e+00 
8.0439277e+04 5.0676236e+00 
8.0489301e+04 5.0829577e+00 
8.0539326e+04 5.0800829e+00 
8.0589350e+04 5.0695410e+00 
8.0639375e+04 5.0479722e+00 
8.0689399e+04 5.0076842e+00 
8.0739424e+04 4.9644790e+00 
8.0789448e+04 4.9068017e+00 
8.0839472e+04 4.8374801e+00 
8.0889497e+04 4.7588739e+00 
8.0939521e+04 4.6709571e+00 
8.0989546e+04 4.5722871e+00 
8.1039570e+04 4.4648695e+00 
8.1089595e+04 4.3517699e+00 
8.1139619e+04 4.2337208e+00 
8.1189643e+04 4.1096387e+00 
8.1239668e+04 3.9838486e+00 
8.1289692e+04 3.8498213e+00 
8.1339717e+04 3.7169194e+00 
8.1389741e+04 3.5857449e+00 
8.1439766e+04 3.4512894e+00 
8.1489790e+04 3.3196127e+00 
8.1539814e+04 3.1909480e+00 
8.1589839e+04 3.0594738e+00 
8.1639863e+04 2.9392800e+00 
8.1689888e+04 2.8247154e+00 
8.1739912e+04 2.7096491e+00 
8.1789936e+04 2.6070666e+00 
8.1839961e+04 2.5151153e+00 
8.1889985e+04 2.4271700e+00 
8.1940010e+04 2.3485281e+00 
8.1990034e+04 2.2846920e+00 
8.2040059e+04 2.2285652e+00 
8.2090083e+04 2.1840937e+00 
8.2140107e+04 2.1527274e+00 
8.2190132e+04 2.1339386e+00 
8.2240156e+04 2.1252761e+00 
8.2290181e+04 2.1320131e+00 
8.2340205e+04 2.1498351e+00 
8.2390230e+04 2.1768506e+00 
8.2440254e+04 2.2193758e+00 
8.2490278e+04 2.2711432e+00 
8.2540303e+04 2.3330615e+00 
8.2590327e+04 2.4103069e+00 
8.2640352e+04 2.4935236e+00 
8.2690376e+04 2.5845735e+00 
8.2740401e+04 2.6861067e+00 
8.2790425e+04 2.7992299e+00 
8.2840449e+04 2.9120266e+00 
8.2890474e+04 3.0363297e+00 
8.2940498e+04 3.1638532e+00 
8.2990523e+04 3.2935107e+00 
8.3040547e+04 3.4257691e+00 
8.3090572e+04 3.5622561e+00 
8.3140596e+04 3.6953814e+00 
8.3190620e+04 3.8281639e+00 
8.3240645e+04 3.9608331e+00 
8.3290669e+04 4.0881796e+00 
8.3340694e+04 4.2116203e+00 
8.3390718e+04 4.3339114e+00 
8.3440743e+04 4.4464898e+00 
8.3490767e+04 4.5543833e+00 
8.3540791e+04 4.6554861e+00 
8.3590816e+04 4.7443919e+00 
8.3640840e+04 4.8259153e+00 
8.3690865e+04 4.8986239e+00 
8.3740889e+04 4.9563131e+00 
8.3790914e+04 5.0033660e+00 
8.3840938e+04 5.0422182e+00 
8.3890962e+04 5.0676236e+00 
8.3940987e+04 5.0791245e+00 
8.3991011e+04 5.0805621e+00 
8.4041036e+04 5.0704999e+00 
8.4091060e+04 5.0441360e+00 
8.4141085e+04 5.0120020e+00 
8.4191109e+04 4.9654398e+00 
8.4241133e+04 4.9082446e+00 
8.4291158e+04 4.8408527e+00 
8.4341182e+04 4.7622528e+00 
8.4391207e+04 4.6719241e+00 
8.4441231e+04 4.5747061e+00 
8.4491255e+04 4.4697075e+00 
8.4541280e+04 4.3541832e+00 
8.4591304e+04 4.2370858e+00 
8.4641329e+04 4.1153669e+00 
8.4691353e+04 3.9853213e+00 
8.4741378e+04 3.8546393e+00 
8.4791402e+04 3.7231421e+00 
8.4841426e+04 3.5862236e+00 
8.4891451e+04 3.4527330e+00 
8.4941475e+04 3.3234785e+00 
8.4991500e+04 3.1909480e+00 
8.5041524e+04 3.0614035e+00 
8.5091549e+04 2.9397588e+00 
8.5141573e+04 2.8242235e+00 
8.5191597e+04 2.7106113e+00 
8.5241622e+04 2.6094596e+00 
8.5291646e+04 2.5160742e+00 
8.5341671e+04 2.4286149e+00 
8.5391695e+04 2.3538432e+00 
8.5441720e+04 2.2861435e+00 
8.5491744e+04 2.2290490e+00 
8.5541768e+04 2.1884410e+00 
8.5591793e+04 2.1551383e+00 
8.5641817e+04 2.1320131e+00 
8.5691842e+04 2.1267195e+00 
8.5741866e+04 2.1334572e+00 
8.5791891e+04 2.1483893e+00 
8.5841915e+04 2.1773331e+00 
8.5891939e+04 2.2188921e+00 
8.5941964e+04 2.2687235e+00 
8.5991988e+04 2.3325779e+00 
8.6042013e+04 2.4093430e+00 
8.6092037e+04 2.4911234e+00 
8.6142062e+04 2.5821805e+00 
8.6192086e+04 2.6827476e+00 
8.6242110e+04 2.7923968e+00 
8.6292135e+04 2.9067755e+00 
8.6342159e+04 3.0295842e+00 
8.6392184e+04 3.1556292e+00 
8.6442208e+04 3.2857740e+00 
8.6492233e+04 3.4185426e+00 
8.6542257e+04 3.5507455e+00 
8.6592281e+04 3.6848528e+00 
8.6642306e+04 3.8175893e+00 
8.6692330e+04 3.9525318e+00 
8.6742355e+04 4.0781770e+00 
8.6792379e+04 4.2044191e+00 
8.6842404e+04 4.3281221e+00 
8.6892428e+04 4.4402022e+00 
8.6942452e+04 4.5471249e+00 
8.6992477e+04 4.6477494e+00 
8.7042501e+04 4.7385983e+00 
8.7092526e+04 4.8172398e+00 
8.7142550e+04 4.8914070e+00 
8.7192574e+04 4.9524698e+00 
8.7242599e+04 5.0000062e+00 
8.7292623e+04 5.0383825e+00 
8.7342648e+04 5.0652285e+00 
8.7392672e+04 5.0772076e+00 
8.7442697e+04 5.0791245e+00 
8.7492721e+04 5.0714583e+00 
8.7542745e+04 5.0465336e+00 
8.7592770e+04 5.0124822e+00 
8.7642794e+04 4.9683213e+00 
8.7692819e+04 4.9087257e+00 
8.7742843e+04 4.8413343e+00 
8.7792868e+04 4.7656312e+00 
8.7842892e+04 4.6748242e+00 
8.7892916e+04 4.5771260e+00 
8.7942941e+04 4.4750285e+00 
8.7992965e+04 4.3638411e+00 
8.8042990e+04 4.2423759e+00 
8.8093014e+04 4.1182313e+00 
8.8143039e+04 3.9921987e+00 
8.8193063e+04 3.8560855e+00 
8.8243087e+04 3.7260151e+00 
8.8293112e+04 3.5924528e+00 
8.8343136e+04 3.4585078e+00 
8.8393161e+04 3.3258944e+00 
8.8443185e+04 3.1953032e+00 
8.8493210e+04 3.0667117e+00 
8.8543234e+04 2.9411950e+00 
8.8593258e+04 2.8276675e+00 
8.8643283e+04 2.7168670e+00 
8.8693307e+04 2.6118524e+00 
8.8743332e+04 2.5194311e+00 
8.8793356e+04 2.4315042e+00 
8.8843381e+04 2.3552926e+00 
8.8893405e+04 2.2904983e+00 
8.8943429e+04 2.2338862e+00 
8.8993454e+04 2.1879578e+00 
8.9043478e+04 2.1580312e+00 
8.9093503e+04 2.1377904e+00 
8.9143527e+04 2.1262383e+00 
8.9193552e+04 2.1310503e+00 
8.9243576e+04 2.1474252e+00 
8.9293600e+04 2.1734712e+00 
8.9343625e+04 2.2135730e+00 
8.9393649e+04 2.2692075e+00 
8.9443674e+04 2.3291938e+00 
8.9493698e+04 2.4016292e+00 
8.9543723e+04 2.4858415e+00 
8.9593747e+04 2.5788298e+00 
8.9643771e+04 2.6779497e+00 
8.9693796e+04 2.7880099e+00 
8.9743820e+04 2.9043891e+00 
8.9793845e+04 3.0238044e+00 
8.9843869e+04 3.1493409e+00 
8.9893894e+04 3.2780366e+00 
8.9943918e+04 3.4117956e+00 
8.9993942e+04 3.5483472e+00 
9.0043967e+04 3.6829386e+00 
9.0093991e+04 3.8137455e+00 
9.0144016e+04 3.9481418e+00 
9.0194040e+04 4.0796056e+00 
9.0244064e+04 4.2010589e+00 
9.0294089e+04 4.3228149e+00 
9.0344113e+04 4.4382682e+00 
9.0394138e+04 4.5447054e+00 
9.0444162e+04 4.6462989e+00 
9.0494187e+04 4.7419777e+00 
9.0544211e+04 4.8210959e+00 
9.0594235e+04 4.8909259e+00 
9.0644260e+04 4.9548717e+00 
9.0694284e+04 5.0033660e+00 
9.0744309e+04 5.0388622e+00 
9.0794333e+04 5.0652285e+00 
9.0844358e+04 5.0791245e+00 
9.0894382e+04 5.0791245e+00 
9.0944406e+04 5.0700202e+00 
9.0994431e+04 5.0474930e+00 
9.1044455e+04 5.0096035e+00 
9.1094480e+04 4.9644790e+00 
9.1144504e+04 4.9101686e+00 
9.1194529e+04 4.8389258e+00 
9.1244553e+04 4.7598400e+00 
9.1294577e+04 4.6733747e+00 
9.1344602e+04 4.5722871e+00 
9.1394626e+04 4.4663205e+00 
9.1444651e+04 4.3565979e+00 
9.1494675e+04 4.2380476e+00 
9.1544700e+04 4.1125026e+00 
9.1594724e+04 3.9872854e+00 
9.1644748e+04 3.8517482e+00 
9.1694773e+04 3.7159622e+00 
9.1744797e+04 3.5852654e+00 
9.1794822e+04 3.4527330e+00 
9.1844846e+04 3.3162301e+00 
9.1894871e+04 3.1875610e+00 
9.1944895e+04 3.0589912e+00 
9.1994919e+04 2.9321015e+00 
9.2044944e+04 2.8153832e+00 
9.2094968e+04 2.7062826e+00 
9.2144993e+04 2.5994096e+00 
9.2195017e+04 2.5045619e+00 
9.2245042e+04 2.4223535e+00 
9.2295066e+04 2.3432124e+00 
9.2345090e+04 2.2803369e+00 
9.2395115e+04 2.2280815e+00 
9.2445139e+04 2.1821620e+00 
9.2495164e+04 2.1507990e+00 
9.2545188e+04 2.1339386e+00 
9.2595213e+04 2.1257570e+00 
9.2645237e+04 2.1324942e+00 
9.2695261e+04 2.1522453e+00 
9.2745286e+04 2.1811962e+00 
9.2795310e+04 2.2232447e+00 
9.2845335e+04 2.2784014e+00 
9.2895359e+04 2.3417625e+00 
9.2945383e+04 2.4160900e+00 
9.2995408e+04 2.5036023e+00 
9.3045432e+04 2.5960598e+00 
9.3095457e+04 2.6971509e+00 
9.3145481e+04 2.8095012e+00 
9.3195506e+04 2.9263620e+00 
9.3245530e+04 3.0445237e+00 
9.3295554e+04 3.1759484e+00 
9.3345579e+04 3.3065636e+00 
9.3395603e+04 3.4368467e+00 
9.3445628e+04 3.5713658e+00 
9.3495652e+04 3.7063892e+00 
9.3545677e+04 3.8425980e+00 
9.3595701e+04 3.9774728e+00 
9.3645725e+04 4.1058211e+00 
9.3695750e+04 4.2265115e+00 
9.3745774e+04 4.3469424e+00 
9.3795799e+04 4.4610000e+00 
9.3845823e+04 4.5645447e+00 
9.3895848e+04 4.6651559e+00 
9.3945872e+04 4.7564602e+00 
9.3995896e+04 4.8350711e+00 
9.4045921e+04 4.9024730e+00 
9.4095945e+04 4.9639988e+00 
9.4145970e+04 5.0100832e+00 
9.4195994e+04 5.0446153e+00 
9.4246019e+04 5.0681038e+00 
9.4296043e+04 5.0791245e+00 
9.4346067e+04 5.0776873e+00 
9.4396092e+04 5.0671444e+00 
9.4446116e+04 5.0403004e+00 
9.4496141e+04 4.9985666e+00 
9.4546165e+04 4.9534311e+00 
9.4596190e+04 4.8938131e+00 
9.4646214e+04 4.8215775e+00 
9.4696238e+04 4.7400465e+00 
9.4746263e+04 4.6487164e+00 
9.4796287e+04 4.5456729e+00 
9.4846312e+04 4.4406862e+00 
9.4896336e+04 4.3276396e+00 
9.4946361e+04 4.2039390e+00 
9.4996385e+04 4.0781770e+00 
9.5046409e+04 3.9515560e+00 
9.5096434e+04 3.8171089e+00 
9.5146458e+04 3.6824598e+00 
9.5196483e+04 3.5502660e+00 
9.5246507e+04 3.4122779e+00 
9.5296532e+04 3.2790041e+00 
9.5346556e+04 3.1503084e+00 
9.5396580e+04 3.0213966e+00 
9.5446605e+04 2.9005725e+00 
9.5496629e+04 2.7870355e+00 
9.5546654e+04 2.6745925e+00 
9.5596678e+04 2.5769150e+00 
9.5646702e+04 2.4863219e+00 
9.5696727e+04 2.3992178e+00 
9.5746751e+04 2.3287101e+00 
9.5796776e+04 2.2672720e+00 
9.5846800e+04 2.2126060e+00 
9.5896825e+04 2.1744366e+00 
9.5946849e+04 2.1454978e+00 
9.5996873e+04 2.1296065e+00 
9.6046898e+04 2.1257570e+00 
9.6096922e+04 2.1397169e+00 
9.6146947e+04 2.1594784e+00 
9.6196971e+04 2.1932721e+00 
9.6246996e+04 2.2396915e+00 
9.6297020e+04 2.2963042e+00 
9.6347044e+04 2.3668847e+00 
9.6397069e+04 2.4469066e+00 
9.6447093e+04 2.5309367e+00 
9.6497118e+04 2.6266894e+00 
9.6547142e+04 2.7337332e+00 
9.6597167e+04 2.8458836e+00 
9.6647191e+04 2.9646788e+00 
9.6697215e+04 3.0918171e+00 
9.6747240e+04 3.2194982e+00 
9.6797264e+04 3.3519771e+00 
9.6847289e+04 3.4902475e+00 
9.6897313e+04 3.6221492e+00 
9.6947338e+04 3.7547479e+00 
9.6997362e+04 3.8903637e+00 
9.7047386e+04 4.0178556e+00 
9.7097411e+04 4.1445179e+00 
9.7147435e+04 4.2683578e+00 
9.7197460e+04 4.3855772e+00 
9.7247484e+04 4.4982524e+00 
9.7297509e+04 4.6022840e+00 
9.7347533e+04 4.6970563e+00 
9.7397557e+04 4.7825189e+00 
9.7447582e+04 4.8615637e+00 
9.7497606e+04 4.9260364e+00 
9.7547631e+04 4.9798460e+00 
9.7597655e+04 5.0244751e+00 
9.7647680e+04 5.0527658e+00 
9.7697704e+04 5.0728955e+00 
9.7747728e+04 5.0819993e+00 
9.7797753e+04 5.0743327e+00 
9.7847777e+04 5.0556417e+00 
9.7897802e+04 5.0268726e+00 
9.7947826e+04 4.9827261e+00 
9.7997851e+04 4.9294014e+00 
9.8047875e+04 4.8668599e+00 
9.8097899e+04 4.7897544e+00 
9.8147924e+04 4.7043047e+00 
9.8197948e+04 4.6080890e+00 
9.8247973e+04 4.5001874e+00 
9.8297997e+04 4.3894434e+00 
9.8348021e+04 4.2712469e+00 
9.8398046e+04 4.1445179e+00 
9.8448070e+04 4.0206985e+00 
9.8498095e+04 3.8918147e+00 
9.8548119e+04 3.7581017e+00 
9.8598144e+04 3.6211920e+00 
9.8648168e+04 3.4859216e+00 
9.8698192e+04 3.3500454e+00 
9.8748217e+04 3.2190144e+00 
9.8798241e+04 3.0889194e+00 
9.8848266e+04 2.9632399e+00 
9.8898290e+04 2.8454096e+00 
9.8948315e+04 2.7327685e+00 
9.8998339e+04 2.6262107e+00 
9.9048363e+04 2.5294986e+00 
9.9098388e+04 2.4411323e+00 
9.9148412e+04 2.3620553e+00 
9.9198437e+04 2.2958202e+00 
9.9248461e+04 2.2377565e+00 
9.9298486e+04 2.1913395e+00 
9.9348510e+04 2.1585138e+00 
9.9398534e+04 2.1349015e+00 
9.9448559e+04 2.1262383e+00 
9.9498583e+04 2.1320131e+00 
9.9548608e+04 2.1479073e+00 
9.9598632e+04 2.1749194e+00 
9.9648657e+04 2.2184086e+00 
9.9698681e+04 2.2701752e+00 
9.9748705e+04 2.3306441e+00 
9.9798730e+04 2.4083786e+00 
9.9848754e+04 2.4959238e+00 
9.9898779e+04 2.5869668e+00 
9.9948803e+04 2.6913874e+00 
9.9998828e+04 2.8021619e+00 
1.0004885e+05 2.9163253e+00 
1.0009888e+05 3.0416312e+00 
1.0014890e+05 3.1657882e+00 
1.0019893e+05 3.2968953e+00 
1.0024895e+05 3.4344392e+00 
1.0029897e+05 3.5684893e+00 
1.0034900e+05 3.7025602e+00 
1.0039902e+05 3.8411543e+00 
1.0044905e+05 3.9755125e+00 
1.0049907e+05 4.1034355e+00 
1.0054910e+05 4.2313175e+00 
1.0059912e+05 4.3498387e+00 
1.0064915e+05 4.4634185e+00 
1.0069917e+05 4.5718031e+00 
1.0074919e+05 4.6695070e+00 
1.0079922e+05 4.7588739e+00 
1.0084924e+05 4.8422985e+00 
1.0089927e+05 4.9072828e+00 
1.0094929e+05 4.9639988e+00 
1.0099932e+05 5.0124822e+00 
1.0104934e+05 5.0479722e+00 
1.0109936e+05 5.0695410e+00 
1.0114939e+05 5.0815201e+00 
1.0119941e+05 5.0786457e+00 
1.0124944e+05 5.0623527e+00 
1.0129946e+05 5.0369444e+00 
1.0134949e+05 4.9942470e+00 
1.0139951e+05 4.9457426e+00 
1.0144954e+05 4.8846703e+00 
1.0149956e+05 4.8100085e+00 
1.0154958e+05 4.7274914e+00 
1.0159961e+05 4.6342092e+00 
1.0164963e+05 4.5287375e+00 
1.0169966e+05 4.4208603e+00 
1.0174968e+05 4.3054547e+00 
1.0179971e+05 4.1823511e+00 
1.0184973e+05 4.0577197e+00 
1.0189976e+05 3.9257510e+00 
1.0194978e+05 3.7902226e+00 
1.0199980e+05 3.6570947e+00 
1.0204983e+05 3.5205119e+00 
1.0209985e+05 3.3828650e+00 
1.0214988e+05 3.2523999e+00 
1.0219990e+05 3.1232281e+00 
1.0224993e+05 2.9930110e+00 
1.0229995e+05 2.8710461e+00 
1.0234998e+05 2.7564459e+00 
1.0240000e+05 2.6477559e+00 
