0.0000000e+00 2.6528220e+00 
2.5012213e+01 2.4715643e+00 
5.0024426e+01 2.3322692e+00 
7.5036639e+01 2.2348027e+00 
1.0004885e+02 2.1862571e+00 
1.2506106e+02 2.1867020e+00 
1.5007328e+02 2.2391078e+00 
1.7508549e+02 2.3403845e+00 
2.0009770e+02 2.4853339e+00 
2.2510992e+02 2.6714160e+00 
2.5012213e+02 2.8914094e+00 
2.7513434e+02 3.1345942e+00 
3.0014656e+02 3.4004235e+00 
3.2515877e+02 3.6739907e+00 
3.5017098e+02 3.9512143e+00 
3.7518319e+02 4.2190585e+00 
4.0019541e+02 4.4722548e+00 
4.2520762e+02 4.6988297e+00 
4.5021983e+02 4.8936296e+00 
4.7523205e+02 5.0480642e+00 
5.0024426e+02 5.1588359e+00 
5.2525647e+02 5.2194343e+00 
5.5026869e+02 5.2314100e+00 
5.7528090e+02 5.1917500e+00 
6.0029311e+02 5.1038208e+00 
6.2530532e+02 4.9700575e+00 
6.5031754e+02 4.7962093e+00 
6.7532975e+02 4.5833917e+00 
7.0034196e+02 4.3408480e+00 
7.2535418e+02 4.0814013e+00 
7.5036639e+02 3.8091917e+00 
7.7537860e+02 3.5336599e+00 
8.0039082e+02 3.2585499e+00 
8.2540303e+02 3.0004833e+00 
8.5041524e+02 2.7701018e+00 
8.7542745e+02 2.5660992e+00 
9.0043967e+02 2.4020433e+00 
9.2545188e+02 2.2797470e+00 
9.5046409e+02 2.2058263e+00 
9.7547631e+02 2.1819975e+00 
1.0004885e+03 2.2065349e+00 
1.0255007e+03 2.2830465e+00 
1.0505129e+03 2.4042175e+00 
1.0755252e+03 2.5684817e+00 
1.1005374e+03 2.7699347e+00 
1.1255496e+03 2.9998565e+00 
1.1505618e+03 3.2569137e+00 
1.1755740e+03 3.5321999e+00 
1.2005862e+03 3.8067214e+00 
1.2255984e+03 4.0804148e+00 
1.2506106e+03 4.3423781e+00 
1.2756229e+03 4.5844622e+00 
1.3006351e+03 4.7943711e+00 
1.3256473e+03 4.9722509e+00 
1.3506595e+03 5.1060743e+00 
1.3756717e+03 5.1929708e+00 
1.4006839e+03 5.2317920e+00 
1.4256961e+03 5.2203331e+00 
1.4507084e+03 5.1600757e+00 
1.4757206e+03 5.0500131e+00 
1.5007328e+03 4.8979602e+00 
1.5257450e+03 4.7054663e+00 
1.5507572e+03 4.4805026e+00 
1.5757694e+03 4.2301250e+00 
1.6007816e+03 3.9590614e+00 
1.6257938e+03 3.6848817e+00 
1.6508061e+03 3.4101043e+00 
1.6758183e+03 3.1436353e+00 
1.7008305e+03 2.8977156e+00 
1.7258427e+03 2.6772051e+00 
1.7508549e+03 2.4928031e+00 
1.7758671e+03 2.3473406e+00 
1.8008793e+03 2.2430725e+00 
1.8258915e+03 2.1890113e+00 
1.8509038e+03 2.1861949e+00 
1.8759160e+03 2.2328587e+00 
1.9009282e+03 2.3286140e+00 
1.9259404e+03 2.4705572e+00 
1.9509526e+03 2.6528089e+00 
1.9759648e+03 2.8685942e+00 
2.0009770e+03 3.1142821e+00 
2.0259893e+03 3.3808153e+00 
2.0510015e+03 3.6563702e+00 
2.0760137e+03 3.9328585e+00 
2.1010259e+03 4.1998768e+00 
2.1260381e+03 4.4558210e+00 
2.1510503e+03 4.6863251e+00 
2.1760625e+03 4.8827915e+00 
2.2010747e+03 5.0404048e+00 
2.2260870e+03 5.1521616e+00 
2.2510992e+03 5.2168922e+00 
2.2761114e+03 5.2321281e+00 
2.3011236e+03 5.1968002e+00 
2.3261358e+03 5.1128750e+00 
2.3511480e+03 4.9820714e+00 
2.3761602e+03 4.8074160e+00 
2.4011724e+03 4.5976501e+00 
2.4261847e+03 4.3576927e+00 
2.4511969e+03 4.0973511e+00 
2.4762091e+03 3.8229702e+00 
2.5012213e+03 3.5482144e+00 
2.5262335e+03 3.2791989e+00 
2.5512457e+03 3.0177391e+00 
2.5762579e+03 2.7815661e+00 
2.6012702e+03 2.5793808e+00 
2.6262824e+03 2.4099357e+00 
2.6512946e+03 2.2850008e+00 
2.6763068e+03 2.2090859e+00 
2.7013190e+03 2.1817961e+00 
2.7263312e+03 2.2047853e+00 
2.7513434e+03 2.2757556e+00 
2.7763556e+03 2.3946364e+00 
2.8013679e+03 2.5565898e+00 
2.8263801e+03 2.7574055e+00 
2.8513923e+03 2.9886916e+00 
2.8764045e+03 3.2454357e+00 
2.9014167e+03 3.5191169e+00 
2.9264289e+03 3.7961419e+00 
2.9514411e+03 4.0729599e+00 
2.9764533e+03 4.3347225e+00 
3.0014656e+03 4.5779815e+00 
3.0264778e+03 4.7938128e+00 
3.0514900e+03 4.9686389e+00 
3.0765022e+03 5.1041512e+00 
3.1015144e+03 5.1926479e+00 
3.1265266e+03 5.2314301e+00 
3.1515388e+03 5.2220359e+00 
3.1765511e+03 5.1597366e+00 
3.2015633e+03 5.0530744e+00 
3.2265755e+03 4.9012036e+00 
3.2515877e+03 4.7083654e+00 
3.2765999e+03 4.4815097e+00 
3.3016121e+03 4.2281446e+00 
3.3266243e+03 3.9608896e+00 
3.3516365e+03 3.6873381e+00 
3.3766488e+03 3.4140415e+00 
3.4016610e+03 3.1458559e+00 
3.4266732e+03 2.8987801e+00 
3.4516854e+03 2.6754756e+00 
3.4766976e+03 2.4904249e+00 
3.5017098e+03 2.3440394e+00 
3.5267220e+03 2.2438481e+00 
3.5517342e+03 2.1899490e+00 
3.5767465e+03 2.1863620e+00 
3.6017587e+03 2.2360480e+00 
3.6267709e+03 2.3341553e+00 
3.6517831e+03 2.4777122e+00 
3.6767953e+03 2.6627700e+00 
3.7018075e+03 2.8829362e+00 
3.7268197e+03 3.1279767e+00 
3.7518319e+03 3.3992705e+00 
3.7768442e+03 3.6726062e+00 
3.8018564e+03 3.9471927e+00 
3.8268686e+03 4.2129579e+00 
3.8518808e+03 4.4689646e+00 
3.8768930e+03 4.6997614e+00 
3.9019052e+03 4.8938136e+00 
3.9269174e+03 5.0491877e+00 
3.9519297e+03 5.1583476e+00 
3.9769419e+03 5.2183566e+00 
4.0019541e+03 5.2311621e+00 
4.0269663e+03 5.1941314e+00 
4.0519785e+03 5.1045346e+00 
4.0769907e+03 4.9691319e+00 
4.1020029e+03 4.7902756e+00 
4.1270151e+03 4.5771999e+00 
4.1520274e+03 4.3319941e+00 
4.1770396e+03 4.0693326e+00 
4.2020518e+03 3.7934117e+00 
4.2270640e+03 3.5143950e+00 
4.2520762e+03 3.2389445e+00 
4.2770884e+03 2.9802704e+00 
4.3021006e+03 2.7474308e+00 
4.3271128e+03 2.5470381e+00 
4.3521251e+03 2.3866627e+00 
4.3771373e+03 2.2697735e+00 
4.4021495e+03 2.1999958e+00 
4.4271617e+03 2.1831107e+00 
4.4521739e+03 2.2157826e+00 
4.4771861e+03 2.2983313e+00 
4.5021983e+03 2.4274678e+00 
4.5272106e+03 2.6008008e+00 
4.5522228e+03 2.8101211e+00 
4.5772350e+03 3.0491292e+00 
4.6022472e+03 3.3116791e+00 
4.6272594e+03 3.5868473e+00 
4.6522716e+03 3.8671420e+00 
4.6772838e+03 4.1397595e+00 
4.7022960e+03 4.4000826e+00 
4.7273083e+03 4.6378899e+00 
4.7523205e+03 4.8457112e+00 
4.7773327e+03 5.0120640e+00 
4.8023449e+03 5.1348939e+00 
4.8273571e+03 5.2097430e+00 
4.8523693e+03 5.2348518e+00 
4.8773815e+03 5.2093596e+00 
4.9023937e+03 5.1334376e+00 
4.9274060e+03 5.0097752e+00 
4.9524182e+03 4.8415966e+00 
4.9774304e+03 4.6373587e+00 
5.0024426e+03 4.3984523e+00 
5.0274548e+03 4.1389995e+00 
5.0524670e+03 3.8641641e+00 
5.0774792e+03 3.5862577e+00 
5.1024915e+03 3.3124619e+00 
5.1275037e+03 3.0502777e+00 
5.1525159e+03 2.8118527e+00 
5.1775281e+03 2.5994077e+00 
5.2025403e+03 2.4308438e+00 
5.2275525e+03 2.3000426e+00 
5.2525647e+03 2.2161086e+00 
5.2775769e+03 2.1825156e+00 
5.3025892e+03 2.2017343e+00 
5.3276014e+03 2.2662849e+00 
5.3526136e+03 2.3833466e+00 
5.3776258e+03 2.5452456e+00 
5.4026380e+03 2.7417936e+00 
5.4276502e+03 2.9730468e+00 
5.4526624e+03 3.2305791e+00 
5.4776746e+03 3.5048029e+00 
5.5026869e+03 3.7825146e+00 
5.5276991e+03 4.0590930e+00 
5.5527113e+03 4.3186355e+00 
5.5777235e+03 4.5649505e+00 
5.6027357e+03 4.7810578e+00 
5.6277479e+03 4.9589844e+00 
5.6527601e+03 5.0970969e+00 
5.6777723e+03 5.1878905e+00 
5.7027846e+03 5.2311287e+00 
5.7277968e+03 5.2231398e+00 
5.7528090e+03 5.1653576e+00 
5.7778212e+03 5.0572066e+00 
5.8028334e+03 4.9050713e+00 
5.8278456e+03 4.7119718e+00 
5.8528578e+03 4.4862432e+00 
5.8778701e+03 4.2351236e+00 
5.9028823e+03 3.9656312e+00 
5.9278945e+03 3.6858082e+00 
5.9529067e+03 3.4084346e+00 
5.9779189e+03 3.1404884e+00 
6.0029311e+03 2.8922310e+00 
6.0279433e+03 2.6717641e+00 
6.0529555e+03 2.4866433e+00 
6.0779678e+03 2.3401291e+00 
6.1029800e+03 2.2390816e+00 
6.1279922e+03 2.1878779e+00 
6.1530044e+03 2.1889582e+00 
6.1780166e+03 2.2393241e+00 
6.2030288e+03 2.3424470e+00 
6.2280410e+03 2.4878118e+00 
6.2530532e+03 2.6747501e+00 
6.2780655e+03 2.8979309e+00 
6.3030777e+03 3.1496446e+00 
6.3280899e+03 3.4186919e+00 
6.3531021e+03 3.6980841e+00 
6.3781143e+03 3.9784725e+00 
6.4031265e+03 4.2465158e+00 
6.4281387e+03 4.5001073e+00 
6.4531510e+03 4.7266016e+00 
6.4781632e+03 4.9173388e+00 
6.5031754e+03 5.0665021e+00 
6.5281876e+03 5.1705885e+00 
6.5531998e+03 5.2261691e+00 
6.5782120e+03 5.2303214e+00 
6.6032242e+03 5.1849742e+00 
6.6282364e+03 5.0890398e+00 
6.6532487e+03 4.9474878e+00 
6.6782609e+03 4.7653236e+00 
6.7032731e+03 4.5449963e+00 
6.7282853e+03 4.2966232e+00 
6.7532975e+03 4.0295582e+00 
6.7783097e+03 3.7494028e+00 
6.8033219e+03 3.4716313e+00 
6.8283341e+03 3.1994886e+00 
6.8533464e+03 2.9449747e+00 
6.8783586e+03 2.7177770e+00 
6.9033708e+03 2.5218191e+00 
6.9283830e+03 2.3665144e+00 
6.9533952e+03 2.2549224e+00 
6.9784074e+03 2.1938162e+00 
7.0034196e+03 2.1842196e+00 
7.0284319e+03 2.2275534e+00 
7.0534441e+03 2.3205914e+00 
7.0784563e+03 2.4593303e+00 
7.1034685e+03 2.6400120e+00 
7.1284807e+03 2.8555510e+00 
7.1534929e+03 3.0756390e+00 
7.1785051e+03 3.2809999e+00 
7.2035173e+03 3.4633822e+00 
7.2285296e+03 3.6191559e+00 
7.2535418e+03 3.7496457e+00 
7.2785540e+03 3.8547738e+00 
7.3035662e+03 3.9383783e+00 
7.3285784e+03 3.9993432e+00 
7.3535906e+03 4.0360522e+00 
7.3786028e+03 4.0570574e+00 
7.4036150e+03 4.0595927e+00 
7.4286273e+03 4.0443497e+00 
7.4536395e+03 4.0136380e+00 
7.4786517e+03 3.9675860e+00 
7.5036639e+03 3.9065101e+00 
7.5286761e+03 3.8318245e+00 
7.5536883e+03 3.7481840e+00 
7.5787005e+03 3.6504290e+00 
7.6037128e+03 3.5429969e+00 
7.6287250e+03 3.4239905e+00 
7.6537372e+03 3.2974219e+00 
7.6787494e+03 3.1676145e+00 
7.7037616e+03 3.0342267e+00 
7.7287738e+03 2.8999121e+00 
7.7537860e+03 2.7682421e+00 
7.7787982e+03 2.6399848e+00 
7.8038105e+03 2.5233040e+00 
7.8288227e+03 2.4161761e+00 
7.8538349e+03 2.3270588e+00 
7.8788471e+03 2.2574272e+00 
7.9038593e+03 2.2067111e+00 
7.9288715e+03 2.1830683e+00 
7.9538837e+03 2.1861682e+00 
7.9788959e+03 2.2174625e+00 
8.0039082e+03 2.2780213e+00 
8.0289204e+03 2.3679492e+00 
8.0539326e+03 2.4888039e+00 
8.0789448e+03 2.6350725e+00 
8.1039570e+03 2.8086135e+00 
8.1289692e+03 3.0012102e+00 
8.1539814e+03 3.2167735e+00 
8.1789936e+03 3.4433873e+00 
8.2040059e+03 3.6790965e+00 
8.2290181e+03 3.9182925e+00 
8.2540303e+03 4.1537628e+00 
8.2790425e+03 4.3809633e+00 
8.3040547e+03 4.5936875e+00 
8.3290669e+03 4.7831244e+00 
8.3540791e+03 4.9431686e+00 
8.3790914e+03 5.0743608e+00 
8.4041036e+03 5.1672668e+00 
8.4291158e+03 5.2207608e+00 
8.4541280e+03 5.2347260e+00 
8.4791402e+03 5.2057991e+00 
8.5041524e+03 5.1351886e+00 
8.5291646e+03 5.0225830e+00 
8.5541768e+03 4.8741775e+00 
8.5791891e+03 4.6869893e+00 
8.6042013e+03 4.4721255e+00 
8.6292135e+03 4.2358522e+00 
8.6542257e+03 3.9839125e+00 
8.6792379e+03 3.7239108e+00 
8.7042501e+03 3.4625940e+00 
8.7292623e+03 3.2059991e+00 
8.7542745e+03 2.9644942e+00 
8.7792868e+03 2.7472248e+00 
8.8042990e+03 2.5567355e+00 
8.8293112e+03 2.3974907e+00 
8.8543234e+03 2.2792625e+00 
8.8793356e+03 2.2089152e+00 
8.9043478e+03 2.1827343e+00 
8.9293600e+03 2.2030101e+00 
8.9543723e+03 2.2711427e+00 
8.9793845e+03 2.3846750e+00 
9.0043967e+03 2.5358808e+00 
9.0294089e+03 2.7242379e+00 
9.0544211e+03 2.9474728e+00 
9.0794333e+03 3.1925929e+00 
9.1044455e+03 3.4568241e+00 
9.1294577e+03 3.7282233e+00 
9.1544700e+03 4.0013108e+00 
9.1794822e+03 4.2598686e+00 
9.2044944e+03 4.5029120e+00 
9.2295066e+03 4.7230959e+00 
9.2545188e+03 4.9107132e+00 
9.2795310e+03 5.0580835e+00 
9.3045432e+03 5.1620173e+00 
9.3295554e+03 5.2204132e+00 
9.3545677e+03 5.2324252e+00 
9.3795799e+03 5.1968546e+00 
9.4045921e+03 5.1109734e+00 
9.4296043e+03 4.9831066e+00 
9.4546165e+03 4.8100762e+00 
9.4796287e+03 4.6034646e+00 
9.5046409e+03 4.3682628e+00 
9.5296532e+03 4.1129584e+00 
9.5546654e+03 3.8426797e+00 
9.5796776e+03 3.5691156e+00 
9.6046898e+03 3.3015170e+00 
9.6297020e+03 3.0436215e+00 
9.6547142e+03 2.8082850e+00 
9.6797264e+03 2.6024048e+00 
9.7047386e+03 2.4332662e+00 
9.7297509e+03 2.3027327e+00 
9.7547631e+03 2.2186463e+00 
9.7797753e+03 2.1832573e+00 
9.8047875e+03 2.1967807e+00 
9.8297997e+03 2.2591414e+00 
9.8548119e+03 2.3701930e+00 
9.8798241e+03 2.5232260e+00 
9.9048363e+03 2.7134509e+00 
9.9298486e+03 2.9362893e+00 
9.9548608e+03 3.1854272e+00 
9.9798730e+03 3.4552612e+00 
1.0004885e+04 3.7298958e+00 
1.0029897e+04 4.0039682e+00 
1.0054910e+04 4.2673759e+00 
1.0079922e+04 4.5133319e+00 
1.0104934e+04 4.7349439e+00 
1.0129946e+04 4.9224076e+00 
1.0154958e+04 5.0684152e+00 
1.0179971e+04 5.1697650e+00 
1.0204983e+04 5.2245502e+00 
1.0229995e+04 5.2306423e+00 
1.0255007e+04 5.1860757e+00 
1.0280020e+04 5.0951643e+00 
1.0305032e+04 4.9567308e+00 
1.0330044e+04 4.7781305e+00 
1.0355056e+04 4.5622897e+00 
1.0380068e+04 4.3197923e+00 
1.0405081e+04 4.0598226e+00 
1.0430093e+04 3.7833509e+00 
1.0455105e+04 3.5083604e+00 
1.0480117e+04 3.2377810e+00 
1.0505129e+04 2.9801891e+00 
1.0530142e+04 2.7488339e+00 
1.0555154e+04 2.5510583e+00 
1.0580166e+04 2.3908844e+00 
1.0605178e+04 2.2729995e+00 
1.0630191e+04 2.2037761e+00 
1.0655203e+04 2.1833386e+00 
1.0680215e+04 2.2103329e+00 
1.0705227e+04 2.2886367e+00 
1.0730239e+04 2.4134490e+00 
1.0755252e+04 2.5791252e+00 
1.0780264e+04 2.7804956e+00 
1.0805276e+04 3.0134435e+00 
1.0830288e+04 3.2706304e+00 
1.0855300e+04 3.5401766e+00 
1.0880313e+04 3.8153112e+00 
1.0905325e+04 4.0868888e+00 
1.0930337e+04 4.3435383e+00 
1.0955349e+04 4.5836339e+00 
1.0980362e+04 4.7972627e+00 
1.1005374e+04 4.9728489e+00 
1.1030386e+04 5.1046267e+00 
1.1055398e+04 5.1920638e+00 
1.1080410e+04 5.2313294e+00 
1.1105423e+04 5.2198811e+00 
1.1130435e+04 5.1613827e+00 
1.1155447e+04 5.0545621e+00 
1.1180459e+04 4.9026370e+00 
1.1205471e+04 4.7118926e+00 
1.1230484e+04 4.4858198e+00 
1.1255496e+04 4.2373667e+00 
1.1280508e+04 3.9734969e+00 
1.1305520e+04 3.6965246e+00 
1.1330532e+04 3.4214036e+00 
1.1355545e+04 3.1515365e+00 
1.1380557e+04 2.9036605e+00 
1.1405569e+04 2.6819780e+00 
1.1430581e+04 2.4961126e+00 
1.1455594e+04 2.3475931e+00 
1.1480606e+04 2.2448559e+00 
1.1505618e+04 2.1899750e+00 
1.1530630e+04 2.1852641e+00 
1.1555642e+04 2.2293062e+00 
1.1580655e+04 2.3241370e+00 
1.1605667e+04 2.4617577e+00 
1.1630679e+04 2.6410930e+00 
1.1655691e+04 2.8561928e+00 
1.1680703e+04 3.0986195e+00 
1.1705716e+04 3.3610322e+00 
1.1730728e+04 3.6336076e+00 
1.1755740e+04 3.9076679e+00 
1.1780752e+04 4.1792798e+00 
1.1805765e+04 4.4355149e+00 
1.1830777e+04 4.6673737e+00 
1.1855789e+04 4.8664002e+00 
1.1880801e+04 5.0252976e+00 
1.1905813e+04 5.1429200e+00 
1.1930826e+04 5.2126899e+00 
1.1955838e+04 5.2335448e+00 
1.1980850e+04 5.2051148e+00 
1.2005862e+04 5.1293311e+00 
1.2030874e+04 5.0046158e+00 
1.2055887e+04 4.8398156e+00 
1.2080899e+04 4.6351714e+00 
1.2105911e+04 4.4007497e+00 
1.2130923e+04 4.1438365e+00 
1.2155936e+04 3.8751752e+00 
1.2180948e+04 3.6001382e+00 
1.2205960e+04 3.3281555e+00 
1.2230972e+04 3.0681477e+00 
1.2255984e+04 2.8312945e+00 
1.2280997e+04 2.6201553e+00 
1.2306009e+04 2.4453247e+00 
1.2331021e+04 2.3125215e+00 
1.2356033e+04 2.2233007e+00 
1.2381045e+04 2.1827259e+00 
1.2406058e+04 2.1946459e+00 
1.2431070e+04 2.2540047e+00 
1.2456082e+04 2.3610635e+00 
1.2481094e+04 2.5133533e+00 
1.2506106e+04 2.7013299e+00 
1.2531119e+04 2.9238951e+00 
1.2556131e+04 3.1759305e+00 
1.2581143e+04 3.4410691e+00 
1.2606155e+04 3.7156157e+00 
1.2631168e+04 3.9921110e+00 
1.2656180e+04 4.2549672e+00 
1.2681192e+04 4.5044999e+00 
1.2706204e+04 4.7278395e+00 
1.2731216e+04 4.9154077e+00 
1.2756229e+04 5.0637345e+00 
1.2781241e+04 5.1661944e+00 
1.2806253e+04 5.2225666e+00 
1.2831265e+04 5.2305298e+00 
1.2856277e+04 5.1883917e+00 
1.2881290e+04 5.0972438e+00 
1.2906302e+04 4.9620967e+00 
1.2931314e+04 4.7827320e+00 
1.2956326e+04 4.5698152e+00 
1.2981339e+04 4.3266201e+00 
1.3006351e+04 4.0685139e+00 
1.3031363e+04 3.7928298e+00 
1.3056375e+04 3.5193536e+00 
1.3081387e+04 3.2502673e+00 
1.3106400e+04 2.9943571e+00 
1.3131412e+04 2.7624810e+00 
1.3156424e+04 2.5619090e+00 
1.3181436e+04 2.3991408e+00 
1.3206448e+04 2.2799692e+00 
1.3231461e+04 2.2062602e+00 
1.3256473e+04 2.1816626e+00 
1.3281485e+04 2.2072444e+00 
1.3306497e+04 2.2839494e+00 
1.3331510e+04 2.4069889e+00 
1.3356522e+04 2.5720229e+00 
1.3381534e+04 2.7709672e+00 
1.3406546e+04 3.0051060e+00 
1.3431558e+04 3.2638574e+00 
1.3456571e+04 3.5319235e+00 
1.3481583e+04 3.8080001e+00 
1.3506595e+04 4.0816717e+00 
1.3531607e+04 4.3415275e+00 
1.3556619e+04 4.5838327e+00 
1.3581632e+04 4.7951050e+00 
1.3606644e+04 4.9711514e+00 
1.3631656e+04 5.1051307e+00 
1.3656668e+04 5.1925092e+00 
1.3681681e+04 5.2308412e+00 
1.3706693e+04 5.2191072e+00 
1.3731705e+04 5.1596217e+00 
1.3756717e+04 5.0524073e+00 
1.3781729e+04 4.8977923e+00 
1.3806742e+04 4.7042046e+00 
1.3831754e+04 4.4777541e+00 
1.3856766e+04 4.2264814e+00 
1.3881778e+04 3.9609973e+00 
1.3906790e+04 3.6830058e+00 
1.3931803e+04 3.4102511e+00 
1.3956815e+04 3.1427279e+00 
1.3981827e+04 2.8943610e+00 
1.4006839e+04 2.6765711e+00 
1.4031851e+04 2.4905276e+00 
1.4056864e+04 2.3451455e+00 
1.4081876e+04 2.2428322e+00 
1.4106888e+04 2.1888666e+00 
1.4131900e+04 2.1859834e+00 
1.4156913e+04 2.2350757e+00 
1.4181925e+04 2.3305430e+00 
1.4206937e+04 2.4725094e+00 
1.4231949e+04 2.6562481e+00 
1.4256961e+04 2.8747191e+00 
1.4281974e+04 3.1215234e+00 
1.4306986e+04 3.3862963e+00 
1.4331998e+04 3.6599429e+00 
1.4357010e+04 3.9354188e+00 
1.4382022e+04 4.2058449e+00 
1.4407035e+04 4.4586802e+00 
1.4432047e+04 4.6850753e+00 
1.4457059e+04 4.8822527e+00 
1.4482071e+04 5.0392966e+00 
1.4507084e+04 5.1500554e+00 
1.4532096e+04 5.2166810e+00 
1.4557108e+04 5.2318306e+00 
1.4582120e+04 5.1968017e+00 
1.4607132e+04 5.1144190e+00 
1.4632145e+04 4.9845252e+00 
1.4657157e+04 4.8136711e+00 
1.4682169e+04 4.6047149e+00 
1.4707181e+04 4.3645191e+00 
1.4732193e+04 4.1077337e+00 
1.4757206e+04 3.8371813e+00 
1.4782218e+04 3.5601623e+00 
1.4807230e+04 3.2871642e+00 
1.4832242e+04 3.0284534e+00 
1.4857255e+04 2.7927954e+00 
1.4882267e+04 2.5859396e+00 
1.4907279e+04 2.4184854e+00 
1.4932291e+04 2.2915044e+00 
1.4957303e+04 2.2123995e+00 
1.4982316e+04 2.1821780e+00 
1.5007328e+04 2.2009614e+00 
1.5032340e+04 2.2707767e+00 
1.5057352e+04 2.3878760e+00 
1.5082364e+04 2.5495973e+00 
1.5107377e+04 2.7481182e+00 
1.5132389e+04 2.9779718e+00 
1.5157401e+04 3.2347398e+00 
1.5182413e+04 3.5043254e+00 
1.5207426e+04 3.7820323e+00 
1.5232438e+04 4.0617871e+00 
1.5257450e+04 4.3239961e+00 
1.5282462e+04 4.5684576e+00 
1.5307474e+04 4.7832041e+00 
1.5332487e+04 4.9625282e+00 
1.5357499e+04 5.0970883e+00 
1.5382511e+04 5.1875525e+00 
1.5407523e+04 5.2310238e+00 
1.5432535e+04 5.2215161e+00 
1.5457548e+04 5.1639519e+00 
1.5482560e+04 5.0563154e+00 
1.5507572e+04 4.9043775e+00 
1.5532584e+04 4.7162881e+00 
1.5557596e+04 4.4915338e+00 
1.5582609e+04 4.2387881e+00 
1.5607621e+04 3.9714673e+00 
1.5632633e+04 3.6970046e+00 
1.5657645e+04 3.4217079e+00 
1.5682658e+04 3.1556790e+00 
1.5707670e+04 2.9062340e+00 
1.5732682e+04 2.6851003e+00 
1.5757694e+04 2.4980364e+00 
1.5782706e+04 2.3506727e+00 
1.5807719e+04 2.2453027e+00 
1.5832731e+04 2.1892974e+00 
1.5857743e+04 2.1844568e+00 
1.5882755e+04 2.2282751e+00 
1.5907767e+04 2.3235025e+00 
1.5932780e+04 2.4623837e+00 
1.5957792e+04 2.6418552e+00 
1.5982804e+04 2.8576140e+00 
1.6007816e+04 3.1008058e+00 
1.6032829e+04 3.3631120e+00 
1.6057841e+04 3.6361678e+00 
1.6082853e+04 3.9136043e+00 
1.6107865e+04 4.1829538e+00 
1.6132877e+04 4.4365878e+00 
1.6157890e+04 4.6683927e+00 
1.6182902e+04 4.8684034e+00 
1.6207914e+04 5.0277529e+00 
1.6232926e+04 5.1420307e+00 
1.6257938e+04 5.2126088e+00 
1.6282951e+04 5.2316790e+00 
1.6307963e+04 5.2023578e+00 
1.6332975e+04 5.1233802e+00 
1.6357987e+04 4.9974623e+00 
1.6383000e+04 4.8279915e+00 
1.6408012e+04 4.6198320e+00 
1.6433024e+04 4.3814406e+00 
1.6458036e+04 4.1225920e+00 
1.6483048e+04 3.8516800e+00 
1.6508061e+04 3.5755601e+00 
1.6533073e+04 3.3016267e+00 
1.6558085e+04 3.0404818e+00 
1.6583097e+04 2.8047905e+00 
1.6608109e+04 2.5980804e+00 
1.6633122e+04 2.4274621e+00 
1.6658134e+04 2.2976732e+00 
1.6683146e+04 2.2146287e+00 
1.6708158e+04 2.1794424e+00 
1.6733170e+04 2.1988623e+00 
1.6758183e+04 2.2674854e+00 
1.6783195e+04 2.3830919e+00 
1.6808207e+04 2.5422482e+00 
1.6833219e+04 2.7374396e+00 
1.6858232e+04 2.9671688e+00 
1.6883244e+04 3.2210817e+00 
1.6908256e+04 3.4933336e+00 
1.6933268e+04 3.7665915e+00 
1.6958280e+04 4.0444293e+00 
1.6983293e+04 4.3085232e+00 
1.7008305e+04 4.5523076e+00 
1.7033317e+04 4.7686954e+00 
1.7058329e+04 4.9487567e+00 
1.7083341e+04 5.0871844e+00 
1.7108354e+04 5.1827722e+00 
1.7133366e+04 5.2288013e+00 
1.7158378e+04 5.2231746e+00 
1.7183390e+04 5.1696005e+00 
1.7208403e+04 5.0665464e+00 
1.7233415e+04 4.9186378e+00 
1.7258427e+04 4.7275696e+00 
1.7283439e+04 4.5062585e+00 
1.7308451e+04 4.2579179e+00 
1.7333464e+04 3.9918020e+00 
1.7358476e+04 3.7156863e+00 
1.7383488e+04 3.4405162e+00 
1.7408500e+04 3.1736801e+00 
1.7433512e+04 2.9241266e+00 
1.7458525e+04 2.6996303e+00 
1.7483537e+04 2.5082467e+00 
1.7508549e+04 2.3570666e+00 
1.7533561e+04 2.2511206e+00 
1.7558574e+04 2.1908569e+00 
1.7583586e+04 2.1836233e+00 
1.7608598e+04 2.2263131e+00 
1.7633610e+04 2.3177671e+00 
1.7658622e+04 2.4573262e+00 
1.7683635e+04 2.6349108e+00 
1.7708647e+04 2.8483615e+00 
1.7733659e+04 3.0922444e+00 
1.7758671e+04 3.3570399e+00 
1.7783683e+04 3.6317594e+00 
1.7808696e+04 3.9069052e+00 
1.7833708e+04 4.1748295e+00 
1.7858720e+04 4.4326601e+00 
1.7883732e+04 4.6635723e+00 
1.7908745e+04 4.8635931e+00 
1.7933757e+04 5.0247641e+00 
1.7958769e+04 5.1408777e+00 
1.7983781e+04 5.2117319e+00 
1.8008793e+04 5.2308636e+00 
1.8033806e+04 5.2017398e+00 
1.8058818e+04 5.1218047e+00 
1.8083830e+04 4.9959402e+00 
1.8108842e+04 4.8264279e+00 
1.8133854e+04 4.6188259e+00 
1.8158867e+04 4.3816013e+00 
1.8183879e+04 4.1229191e+00 
1.8208891e+04 3.8490052e+00 
1.8233903e+04 3.5735099e+00 
1.8258915e+04 3.3012116e+00 
1.8283928e+04 3.0397236e+00 
1.8308940e+04 2.8027883e+00 
1.8333952e+04 2.5951946e+00 
1.8358964e+04 2.4261281e+00 
1.8383977e+04 2.2952926e+00 
1.8408989e+04 2.2130046e+00 
1.8434001e+04 2.1814713e+00 
1.8459013e+04 2.1993048e+00 
1.8484025e+04 2.2664564e+00 
1.8509038e+04 2.3848169e+00 
1.8534050e+04 2.5455573e+00 
1.8559062e+04 2.7433410e+00 
1.8584074e+04 2.9766018e+00 
1.8609086e+04 3.2299709e+00 
1.8634099e+04 3.5025699e+00 
1.8659111e+04 3.7789612e+00 
1.8684123e+04 4.0554180e+00 
1.8709135e+04 4.3166928e+00 
1.8734148e+04 4.5583096e+00 
1.8759160e+04 4.7741141e+00 
1.8784172e+04 4.9541578e+00 
1.8809184e+04 5.0920892e+00 
1.8834196e+04 5.1838036e+00 
1.8859209e+04 5.2274623e+00 
1.8884221e+04 5.2198343e+00 
1.8909233e+04 5.1634245e+00 
1.8934245e+04 5.0591254e+00 
1.8959257e+04 4.9074192e+00 
1.8984270e+04 4.7185392e+00 
1.9009282e+04 4.4935212e+00 
1.9034294e+04 4.2406521e+00 
1.9059306e+04 3.9728169e+00 
1.9084319e+04 3.6968904e+00 
1.9109331e+04 3.4218662e+00 
1.9134343e+04 3.1540642e+00 
1.9159355e+04 2.9063966e+00 
1.9184367e+04 2.6833591e+00 
1.9209380e+04 2.4967835e+00 
1.9234392e+04 2.3471491e+00 
1.9259404e+04 2.2453327e+00 
1.9284416e+04 2.1903052e+00 
1.9309428e+04 2.1850603e+00 
1.9334441e+04 2.2306826e+00 
1.9359453e+04 2.3261828e+00 
1.9384465e+04 2.4660611e+00 
1.9409477e+04 2.6493418e+00 
1.9434489e+04 2.8656857e+00 
1.9459502e+04 3.1110802e+00 
1.9484514e+04 3.3750730e+00 
1.9509526e+04 3.6492393e+00 
1.9534538e+04 3.9247742e+00 
1.9559551e+04 4.1946206e+00 
1.9584563e+04 4.4485259e+00 
1.9609575e+04 4.6788497e+00 
1.9634587e+04 4.8769274e+00 
1.9659599e+04 5.0344858e+00 
1.9684612e+04 5.1481051e+00 
1.9709624e+04 5.2147508e+00 
1.9734636e+04 5.2293057e+00 
1.9759648e+04 5.1967788e+00 
1.9784660e+04 5.1118655e+00 
1.9809673e+04 4.9821568e+00 
1.9834685e+04 4.8088593e+00 
1.9859697e+04 4.5980325e+00 
1.9884709e+04 4.3592486e+00 
1.9909722e+04 4.0991707e+00 
1.9934734e+04 3.8257620e+00 
1.9959746e+04 3.5493438e+00 
1.9984758e+04 3.2723162e+00 
2.0009770e+04 3.0129471e+00 
2.0034783e+04 2.7779357e+00 
2.0059795e+04 2.5728650e+00 
2.0084807e+04 2.4054356e+00 
2.0109819e+04 2.2823327e+00 
2.0134831e+04 2.2070897e+00 
2.0159844e+04 2.1791880e+00 
2.0184856e+04 2.2051134e+00 
2.0209868e+04 2.2805531e+00 
2.0234880e+04 2.4016335e+00 
2.0259893e+04 2.5662732e+00 
2.0284905e+04 2.7689371e+00 
2.0309917e+04 3.0040014e+00 
2.0334929e+04 3.2636204e+00 
2.0359941e+04 3.5359735e+00 
2.0384954e+04 3.8138139e+00 
2.0409966e+04 4.0887337e+00 
2.0434978e+04 4.3500996e+00 
2.0459990e+04 4.5907049e+00 
2.0485002e+04 4.8036051e+00 
2.0510015e+04 4.9792027e+00 
2.0535027e+04 5.1107068e+00 
2.0560039e+04 5.1949768e+00 
2.0585051e+04 5.2308393e+00 
2.0610064e+04 5.2146187e+00 
2.0635076e+04 5.1498251e+00 
2.0660088e+04 5.0348825e+00 
2.0685100e+04 4.8770237e+00 
2.0710112e+04 4.6783218e+00 
2.0735125e+04 4.4451509e+00 
2.0760137e+04 4.1898799e+00 
2.0785149e+04 3.9182904e+00 
2.0810161e+04 3.6396239e+00 
2.0835173e+04 3.3645108e+00 
2.0860186e+04 3.1009135e+00 
2.0885198e+04 2.8552816e+00 
2.0910210e+04 2.6377180e+00 
2.0935222e+04 2.4589951e+00 
2.0960234e+04 2.3187280e+00 
2.0985247e+04 2.2259109e+00 
2.1010259e+04 2.1825738e+00 
2.1035271e+04 2.1919279e+00 
2.1060283e+04 2.2491961e+00 
2.1085296e+04 2.3567646e+00 
2.1110308e+04 2.5135324e+00 
2.1135320e+04 2.7045665e+00 
2.1160332e+04 2.9308677e+00 
2.1185344e+04 3.1851444e+00 
2.1210357e+04 3.4542019e+00 
2.1235369e+04 3.7319000e+00 
2.1260381e+04 4.0097966e+00 
2.1285393e+04 4.2750697e+00 
2.1310405e+04 4.5260491e+00 
2.1335418e+04 4.7451558e+00 
2.1360430e+04 4.9318399e+00 
2.1385442e+04 5.0751176e+00 
2.1410454e+04 5.1758537e+00 
2.1435467e+04 5.2241359e+00 
2.1460479e+04 5.2233067e+00 
2.1485491e+04 5.1705995e+00 
2.1510503e+04 5.0702972e+00 
2.1535515e+04 4.9245920e+00 
2.1560528e+04 4.7343388e+00 
2.1585540e+04 4.5125093e+00 
2.1610552e+04 4.2632484e+00 
2.1635564e+04 3.9997098e+00 
2.1660576e+04 3.7176888e+00 
2.1685589e+04 3.4411221e+00 
2.1710601e+04 3.1724632e+00 
2.1735613e+04 2.9203553e+00 
2.1760625e+04 2.6950345e+00 
2.1785638e+04 2.5039513e+00 
2.1810650e+04 2.3529761e+00 
2.1835662e+04 2.2475817e+00 
2.1860674e+04 2.1901422e+00 
2.1885686e+04 2.1832976e+00 
2.1910699e+04 2.2267830e+00 
2.1935711e+04 2.3227909e+00 
2.1960723e+04 2.4638379e+00 
2.1985735e+04 2.6430268e+00 
2.2010747e+04 2.8607099e+00 
2.2035760e+04 3.1053245e+00 
2.2060772e+04 3.3707392e+00 
2.2085784e+04 3.6500192e+00 
2.2110796e+04 3.9293144e+00 
2.2135809e+04 4.2010961e+00 
2.2160821e+04 4.4560761e+00 
2.2185833e+04 4.6851530e+00 
2.2210845e+04 4.8850698e+00 
2.2235857e+04 5.0409784e+00 
2.2260870e+04 5.1520233e+00 
2.2285882e+04 5.2158637e+00 
2.2310894e+04 5.2278242e+00 
2.2335906e+04 5.1908641e+00 
2.2360918e+04 5.1041346e+00 
2.2385931e+04 4.9674306e+00 
2.2410943e+04 4.7896385e+00 
2.2435955e+04 4.5773363e+00 
2.2460967e+04 4.3333368e+00 
2.2485979e+04 4.0715585e+00 
2.2510992e+04 3.7957880e+00 
2.2536004e+04 3.5170007e+00 
2.2561016e+04 3.2408459e+00 
2.2586028e+04 2.9819036e+00 
2.2611041e+04 2.7508271e+00 
2.2636053e+04 2.5517654e+00 
2.2661065e+04 2.3879547e+00 
2.2686077e+04 2.2687008e+00 
2.2711089e+04 2.1986587e+00 
2.2736102e+04 2.1799977e+00 
2.2761114e+04 2.2136068e+00 
2.2786126e+04 2.2975633e+00 
2.2811138e+04 2.4268572e+00 
2.2836150e+04 2.5994790e+00 
2.2861163e+04 2.8108747e+00 
2.2886175e+04 3.0503321e+00 
2.2911187e+04 3.3157117e+00 
2.2936199e+04 3.5920880e+00 
2.2961212e+04 3.8724113e+00 
2.2986224e+04 4.1479731e+00 
2.3011236e+04 4.4077325e+00 
2.3036248e+04 4.6437855e+00 
2.3061260e+04 4.8495798e+00 
2.3086273e+04 5.0134931e+00 
2.3111285e+04 5.1339059e+00 
2.3136297e+04 5.2077694e+00 
2.3161309e+04 5.2291160e+00 
2.3186321e+04 5.2014475e+00 
2.3211334e+04 5.1232576e+00 
2.3236346e+04 4.9990401e+00 
2.3261358e+04 4.8293638e+00 
2.3286370e+04 4.6223469e+00 
2.3311383e+04 4.3822489e+00 
2.3336395e+04 4.1224289e+00 
2.3361407e+04 3.8464625e+00 
2.3386419e+04 3.5680058e+00 
2.3411431e+04 3.2923672e+00 
2.3436444e+04 3.0309076e+00 
2.3461456e+04 2.7919471e+00 
2.3486468e+04 2.5837398e+00 
2.3511480e+04 2.4158561e+00 
2.3536492e+04 2.2938464e+00 
2.3561505e+04 2.2213509e+00 
2.3586517e+04 2.1860607e+00 
2.3611529e+04 2.1784990e+00 
2.3636541e+04 2.1829996e+00 
2.3661553e+04 2.1990206e+00 
2.3686566e+04 2.2184043e+00 
2.3711578e+04 2.2351387e+00 
2.3736590e+04 2.2480199e+00 
2.3761602e+04 2.2561431e+00 
2.3786615e+04 2.2591808e+00 
2.3811627e+04 2.2553446e+00 
2.3836639e+04 2.2478752e+00 
2.3861651e+04 2.2347417e+00 
2.3886663e+04 2.2202384e+00 
2.3911676e+04 2.2056811e+00 
2.3936688e+04 2.1931703e+00 
2.3961700e+04 2.1837378e+00 
2.3986712e+04 2.1774089e+00 
2.4011724e+04 2.1783903e+00 
2.4036737e+04 2.1917834e+00 
2.4061749e+04 2.2163320e+00 
2.4086761e+04 2.2537606e+00 
2.4111773e+04 2.3092895e+00 
2.4136786e+04 2.3779233e+00 
2.4161798e+04 2.4682391e+00 
2.4186810e+04 2.5772064e+00 
2.4211822e+04 2.7050140e+00 
2.4236834e+04 2.8538902e+00 
2.4261847e+04 3.0164700e+00 
2.4286859e+04 3.1968863e+00 
2.4311871e+04 3.3903923e+00 
2.4336883e+04 3.5898297e+00 
2.4361895e+04 3.7938120e+00 
2.4386908e+04 4.0077763e+00 
2.4411920e+04 4.2111182e+00 
2.4436932e+04 4.4139366e+00 
2.4461944e+04 4.6054754e+00 
2.4486957e+04 4.7783022e+00 
2.4511969e+04 4.9282694e+00 
2.4536981e+04 5.0523062e+00 
2.4561993e+04 5.1463857e+00 
2.4587005e+04 5.2060542e+00 
2.4612018e+04 5.2307034e+00 
2.4637030e+04 5.2170863e+00 
2.4662042e+04 5.1682305e+00 
2.4687054e+04 5.0807962e+00 
2.4712066e+04 4.9540081e+00 
2.4737079e+04 4.7957869e+00 
2.4762091e+04 4.6036558e+00 
2.4787103e+04 4.3897657e+00 
2.4812115e+04 4.1555252e+00 
2.4837128e+04 3.9056051e+00 
2.4862140e+04 3.6522546e+00 
2.4887152e+04 3.3978684e+00 
2.4912164e+04 3.1488457e+00 
2.4937176e+04 2.9179544e+00 
2.4962189e+04 2.7078965e+00 
2.4987201e+04 2.5282612e+00 
2.5012213e+04 2.3790007e+00 
2.5037225e+04 2.2686143e+00 
2.5062237e+04 2.2021000e+00 
2.5087250e+04 2.1806257e+00 
2.5112262e+04 2.2035842e+00 
2.5137274e+04 2.2710767e+00 
2.5162286e+04 2.3829336e+00 
2.5187298e+04 2.5347967e+00 
2.5212311e+04 2.7219174e+00 
2.5237323e+04 2.9403701e+00 
2.5262335e+04 3.1839375e+00 
2.5287347e+04 3.4474030e+00 
2.5312360e+04 3.7144442e+00 
2.5337372e+04 3.9825442e+00 
2.5362384e+04 4.2423873e+00 
2.5387396e+04 4.4852405e+00 
2.5412408e+04 4.7054043e+00 
2.5437421e+04 4.8967705e+00 
2.5462433e+04 5.0455494e+00 
2.5487445e+04 5.1519032e+00 
2.5512457e+04 5.2156558e+00 
2.5537469e+04 5.2302217e+00 
2.5562482e+04 5.1959715e+00 
2.5587494e+04 5.1143289e+00 
2.5612506e+04 4.9891982e+00 
2.5637518e+04 4.8196740e+00 
2.5662531e+04 4.6172996e+00 
2.5687543e+04 4.3839874e+00 
2.5712555e+04 4.1302299e+00 
2.5737567e+04 3.8604822e+00 
2.5762579e+04 3.5885437e+00 
2.5787592e+04 3.3196290e+00 
2.5812604e+04 3.0614445e+00 
2.5837616e+04 2.8262980e+00 
2.5862628e+04 2.6160617e+00 
2.5887640e+04 2.4445031e+00 
2.5912653e+04 2.3115678e+00 
2.5937665e+04 2.2226946e+00 
2.5962677e+04 2.1809988e+00 
2.5987689e+04 2.1921496e+00 
2.6012702e+04 2.2485328e+00 
2.6037714e+04 2.3555903e+00 
2.6062726e+04 2.5041671e+00 
2.6087738e+04 2.6901534e+00 
2.6112750e+04 2.9138448e+00 
2.6137763e+04 3.1612861e+00 
2.6162775e+04 3.4258773e+00 
2.6187787e+04 3.6997380e+00 
2.6212799e+04 3.9737163e+00 
2.6237811e+04 4.2363334e+00 
2.6262824e+04 4.4879351e+00 
2.6287836e+04 4.7117229e+00 
2.6312848e+04 4.8996539e+00 
2.6337860e+04 5.0506539e+00 
2.6362872e+04 5.1575842e+00 
2.6387885e+04 5.2176542e+00 
2.6412897e+04 5.2275248e+00 
2.6437909e+04 5.1889591e+00 
2.6462921e+04 5.1007276e+00 
2.6487934e+04 4.9695663e+00 
2.6512946e+04 4.7958031e+00 
2.6537958e+04 4.5833611e+00 
2.6562970e+04 4.3450117e+00 
2.6587982e+04 4.0852361e+00 
2.6612995e+04 3.8118303e+00 
2.6638007e+04 3.5361142e+00 
2.6663019e+04 3.2635963e+00 
2.6688031e+04 3.0072641e+00 
2.6713043e+04 2.7751508e+00 
2.6738056e+04 2.5698838e+00 
2.6763068e+04 2.4067121e+00 
2.6788080e+04 2.2837303e+00 
2.6813092e+04 2.2069907e+00 
2.6838105e+04 2.1808531e+00 
2.6863117e+04 2.2041118e+00 
2.6888129e+04 2.2775784e+00 
2.6913141e+04 2.3950791e+00 
2.6938153e+04 2.5573301e+00 
2.6963166e+04 2.7568133e+00 
2.6988178e+04 2.9877026e+00 
2.7013190e+04 3.2411819e+00 
2.7038202e+04 3.5092826e+00 
2.7063214e+04 3.7852523e+00 
2.7088227e+04 4.0581703e+00 
2.7113239e+04 4.3187966e+00 
2.7138251e+04 4.5606570e+00 
2.7163263e+04 4.7764645e+00 
2.7188276e+04 4.9549146e+00 
2.7213288e+04 5.0915594e+00 
2.7238300e+04 5.1832070e+00 
2.7263312e+04 5.2276940e+00 
2.7288324e+04 5.2222729e+00 
2.7313337e+04 5.1663160e+00 
2.7338349e+04 5.0638986e+00 
2.7363361e+04 4.9150662e+00 
2.7388373e+04 4.7293611e+00 
2.7413385e+04 4.5062237e+00 
2.7438398e+04 4.2565379e+00 
2.7463410e+04 3.9926190e+00 
2.7488422e+04 3.7174735e+00 
2.7513434e+04 3.4414504e+00 
2.7538447e+04 3.1718898e+00 
2.7563459e+04 2.9226801e+00 
2.7588471e+04 2.6972990e+00 
2.7613483e+04 2.5094931e+00 
2.7638495e+04 2.3584709e+00 
2.7663508e+04 2.2510421e+00 
2.7688520e+04 2.1912875e+00 
2.7713532e+04 2.1820056e+00 
2.7738544e+04 2.2238040e+00 
2.7763556e+04 2.3132384e+00 
2.7788569e+04 2.4499149e+00 
2.7813581e+04 2.6238968e+00 
2.7838593e+04 2.8374867e+00 
2.7863605e+04 3.0779152e+00 
2.7888617e+04 3.3389070e+00 
2.7913630e+04 3.6111736e+00 
2.7938642e+04 3.8845840e+00 
2.7963654e+04 4.1549482e+00 
2.7988666e+04 4.4115791e+00 
2.8013679e+04 4.6444559e+00 
2.8038691e+04 4.8486247e+00 
2.8063703e+04 5.0115528e+00 
2.8088715e+04 5.1313081e+00 
2.8113727e+04 5.2057943e+00 
2.8138740e+04 5.2314868e+00 
2.8163752e+04 5.2047868e+00 
2.8188764e+04 5.1296077e+00 
2.8213776e+04 5.0091681e+00 
2.8238788e+04 4.8430109e+00 
2.8263801e+04 4.6393671e+00 
2.8288813e+04 4.4066563e+00 
2.8313825e+04 4.1473298e+00 
2.8338837e+04 3.8764970e+00 
2.8363850e+04 3.6002681e+00 
2.8388862e+04 3.3274131e+00 
2.8413874e+04 3.0650640e+00 
2.8438886e+04 2.8257468e+00 
2.8463898e+04 2.6157310e+00 
2.8488911e+04 2.4421537e+00 
2.8513923e+04 2.3083961e+00 
2.8538935e+04 2.2207334e+00 
2.8563947e+04 2.1818688e+00 
2.8588959e+04 2.1924491e+00 
2.8613972e+04 2.2558990e+00 
2.8638984e+04 2.3663604e+00 
2.8663996e+04 2.5191269e+00 
2.8689008e+04 2.7116225e+00 
2.8714021e+04 2.9348955e+00 
2.8739033e+04 3.1843882e+00 
2.8764045e+04 3.4517865e+00 
2.8789057e+04 3.7259495e+00 
2.8814069e+04 4.0022287e+00 
2.8839082e+04 4.2651787e+00 
2.8864094e+04 4.5126457e+00 
2.8889106e+04 4.7363863e+00 
2.8914118e+04 4.9246230e+00 
2.8939130e+04 5.0692687e+00 
2.8964143e+04 5.1712651e+00 
2.8989155e+04 5.2244191e+00 
2.9014167e+04 5.2262917e+00 
2.9039179e+04 5.1794939e+00 
2.9064191e+04 5.0843287e+00 
2.9089204e+04 4.9431543e+00 
2.9114216e+04 4.7607837e+00 
2.9139228e+04 4.5419707e+00 
2.9164240e+04 4.2969542e+00 
2.9189253e+04 4.0347199e+00 
2.9214265e+04 3.7594724e+00 
2.9239277e+04 3.4843786e+00 
2.9264289e+04 3.2140944e+00 
2.9289301e+04 2.9602723e+00 
2.9314314e+04 2.7321599e+00 
2.9339326e+04 2.5370610e+00 
2.9364338e+04 2.3786473e+00 
2.9389350e+04 2.2654760e+00 
2.9414362e+04 2.1974862e+00 
2.9439375e+04 2.1814129e+00 
2.9464387e+04 2.2148361e+00 
2.9489399e+04 2.2964022e+00 
2.9514411e+04 2.4242597e+00 
2.9539424e+04 2.5938709e+00 
2.9564436e+04 2.8024375e+00 
2.9589448e+04 3.0398176e+00 
2.9614460e+04 3.2991893e+00 
2.9639472e+04 3.5710030e+00 
2.9664485e+04 3.8485682e+00 
2.9689497e+04 4.1219659e+00 
2.9714509e+04 4.3817716e+00 
2.9739521e+04 4.6173687e+00 
2.9764533e+04 4.8239846e+00 
2.9789546e+04 4.9931092e+00 
2.9814558e+04 5.1203175e+00 
2.9839570e+04 5.2013297e+00 
2.9864582e+04 5.2326722e+00 
2.9889595e+04 5.2124052e+00 
2.9914607e+04 5.1436324e+00 
2.9939619e+04 5.0269966e+00 
2.9964631e+04 4.8688946e+00 
2.9989643e+04 4.6671753e+00 
3.0014656e+04 4.4343643e+00 
3.0039668e+04 4.1813474e+00 
3.0064680e+04 3.9111638e+00 
3.0089692e+04 3.6354692e+00 
3.0114704e+04 3.3622878e+00 
3.0139717e+04 3.0990329e+00 
3.0164729e+04 2.8561871e+00 
3.0189741e+04 2.6400700e+00 
3.0214753e+04 2.4627078e+00 
3.0239766e+04 2.3230364e+00 
3.0264778e+04 2.2287669e+00 
3.0289790e+04 2.1845577e+00 
3.0314802e+04 2.1910398e+00 
3.0339814e+04 2.2454517e+00 
3.0364827e+04 2.3479693e+00 
3.0389839e+04 2.4956577e+00 
3.0414851e+04 2.6813767e+00 
3.0439863e+04 2.9015610e+00 
3.0464875e+04 3.1459844e+00 
3.0489888e+04 3.4133089e+00 
3.0514900e+04 3.6875846e+00 
3.0539912e+04 3.9629781e+00 
3.0564924e+04 4.2274818e+00 
3.0589936e+04 4.4775357e+00 
3.0614949e+04 4.7049961e+00 
3.0639961e+04 4.8973465e+00 
3.0664973e+04 5.0499582e+00 
3.0689985e+04 5.1577654e+00 
3.0714998e+04 5.2185364e+00 
3.0740010e+04 5.2300949e+00 
3.0765022e+04 5.1911373e+00 
3.0790034e+04 5.1045647e+00 
3.0815046e+04 4.9707451e+00 
3.0840059e+04 4.7954702e+00 
3.0865071e+04 4.5810003e+00 
3.0890083e+04 4.3413749e+00 
3.0915095e+04 4.0808897e+00 
3.0940107e+04 3.8057513e+00 
3.0965120e+04 3.5319211e+00 
3.0990132e+04 3.2576602e+00 
3.1015144e+04 3.0002851e+00 
3.1040156e+04 2.7678068e+00 
3.1065169e+04 2.5685043e+00 
3.1090181e+04 2.4049933e+00 
3.1115193e+04 2.2801721e+00 
3.1140205e+04 2.2058077e+00 
3.1165217e+04 2.1798437e+00 
3.1190230e+04 2.2050722e+00 
3.1215242e+04 2.2796478e+00 
3.1240254e+04 2.4028826e+00 
3.1265266e+04 2.5650182e+00 
3.1290278e+04 2.7672839e+00 
3.1315291e+04 2.9986749e+00 
3.1340303e+04 3.2553468e+00 
3.1365315e+04 3.5262926e+00 
3.1390327e+04 3.8028800e+00 
3.1415340e+04 4.0771160e+00 
3.1440352e+04 4.3372426e+00 
3.1465364e+04 4.5790138e+00 
3.1490376e+04 4.7926159e+00 
3.1515388e+04 4.9679937e+00 
3.1540401e+04 5.1027565e+00 
3.1565413e+04 5.1902361e+00 
3.1590425e+04 5.2293506e+00 
3.1615437e+04 5.2196040e+00 
3.1640449e+04 5.1597314e+00 
3.1665462e+04 5.0530038e+00 
3.1690474e+04 4.8994374e+00 
3.1715486e+04 4.7065191e+00 
3.1740498e+04 4.4793568e+00 
3.1765511e+04 4.2270336e+00 
3.1790523e+04 3.9597857e+00 
3.1815535e+04 3.6830084e+00 
3.1840547e+04 3.4090500e+00 
3.1865559e+04 3.1407661e+00 
3.1890572e+04 2.8928847e+00 
3.1915584e+04 2.6711051e+00 
3.1940596e+04 2.4852386e+00 
3.1965608e+04 2.3410099e+00 
3.1990620e+04 2.2390902e+00 
3.2015633e+04 2.1877244e+00 
3.2040645e+04 2.1858854e+00 
3.2065657e+04 2.2341058e+00 
3.2090669e+04 2.3327060e+00 
3.2115681e+04 2.4745724e+00 
3.2140694e+04 2.6580079e+00 
3.2165706e+04 2.8760114e+00 
3.2190718e+04 3.1194506e+00 
3.2215730e+04 3.3839073e+00 
3.2240743e+04 3.6581531e+00 
3.2265755e+04 3.9310772e+00 
3.2290767e+04 4.2000103e+00 
3.2315779e+04 4.4545422e+00 
3.2340791e+04 4.6819777e+00 
3.2365804e+04 4.8783183e+00 
3.2390816e+04 5.0358109e+00 
3.2415828e+04 5.1485934e+00 
3.2440840e+04 5.2145338e+00 
3.2465852e+04 5.2313495e+00 
3.2490865e+04 5.1983647e+00 
3.2515877e+04 5.1154194e+00 
3.2540889e+04 4.9871297e+00 
3.2565901e+04 4.8159347e+00 
3.2590914e+04 4.6067948e+00 
3.2615926e+04 4.3675294e+00 
3.2640938e+04 4.1053028e+00 
3.2665950e+04 3.8345666e+00 
3.2690962e+04 3.5591462e+00 
3.2715975e+04 3.2830172e+00 
3.2740987e+04 3.0250602e+00 
3.2765999e+04 2.7901523e+00 
3.2791011e+04 2.5850294e+00 
3.2816023e+04 2.4176238e+00 
3.2841036e+04 2.2908840e+00 
3.2866048e+04 2.2102411e+00 
3.2891060e+04 2.1803031e+00 
3.2916072e+04 2.2010250e+00 
3.2941085e+04 2.2715929e+00 
3.2966097e+04 2.3913667e+00 
3.2991109e+04 2.5532711e+00 
3.3016121e+04 2.7517917e+00 
3.3041133e+04 2.9844382e+00 
3.3066146e+04 3.2393460e+00 
3.3091158e+04 3.5099757e+00 
3.3116170e+04 3.7862053e+00 
3.3141182e+04 4.0616164e+00 
3.3166194e+04 4.3222561e+00 
3.3191207e+04 4.5660233e+00 
3.3216219e+04 4.7810121e+00 
3.3241231e+04 4.9605007e+00 
3.3266243e+04 5.0969429e+00 
3.3291255e+04 5.1876745e+00 
3.3316268e+04 5.2307596e+00 
3.3341280e+04 5.2203784e+00 
3.3366292e+04 5.1609116e+00 
3.3391304e+04 5.0545306e+00 
3.3416317e+04 4.9031463e+00 
3.3441329e+04 4.7090368e+00 
3.3466341e+04 4.4844809e+00 
3.3491353e+04 4.2341237e+00 
3.3516365e+04 3.9632845e+00 
3.3541378e+04 3.6874986e+00 
3.3566390e+04 3.4114206e+00 
3.3591402e+04 3.1436682e+00 
3.3616414e+04 2.8959320e+00 
3.3641426e+04 2.6733124e+00 
3.3666439e+04 2.4868693e+00 
3.3691451e+04 2.3405361e+00 
3.3716463e+04 2.2406251e+00 
3.3741475e+04 2.1887412e+00 
3.3766488e+04 2.1866102e+00 
3.3791500e+04 2.2343941e+00 
3.3816512e+04 2.3334990e+00 
3.3841524e+04 2.4763343e+00 
3.3866536e+04 2.6608877e+00 
3.3891549e+04 2.8786802e+00 
3.3916561e+04 3.1263182e+00 
3.3941573e+04 3.3905039e+00 
3.3966585e+04 3.6685977e+00 
3.3991597e+04 3.9483099e+00 
3.4016610e+04 4.2148676e+00 
3.4041622e+04 4.4672232e+00 
3.4066634e+04 4.6937208e+00 
3.4091646e+04 4.8897414e+00 
3.4116659e+04 5.0436301e+00 
3.4141671e+04 5.1551824e+00 
3.4166683e+04 5.2185760e+00 
3.4191695e+04 5.2315536e+00 
3.4216707e+04 5.1952834e+00 
3.4241720e+04 5.1094584e+00 
3.4266732e+04 4.9774723e+00 
3.4291744e+04 4.8038411e+00 
3.4316756e+04 4.5954204e+00 
3.4341768e+04 4.3512850e+00 
3.4366781e+04 4.0908308e+00 
3.4391793e+04 3.8184879e+00 
3.4416805e+04 3.5432570e+00 
3.4441817e+04 3.2691250e+00 
3.4466830e+04 3.0095999e+00 
3.4491842e+04 2.7774386e+00 
3.4516854e+04 2.5736160e+00 
3.4541866e+04 2.4070139e+00 
3.4566878e+04 2.2841039e+00 
3.4591891e+04 2.2082856e+00 
3.4616903e+04 2.1797585e+00 
3.4641915e+04 2.2046747e+00 
3.4666927e+04 2.2788808e+00 
3.4691939e+04 2.4010813e+00 
3.4716952e+04 2.5657115e+00 
3.4741964e+04 2.7674251e+00 
3.4766976e+04 3.0012708e+00 
3.4791988e+04 3.2582719e+00 
3.4817000e+04 3.5297692e+00 
3.4842013e+04 3.8053167e+00 
3.4867025e+04 4.0808158e+00 
3.4892037e+04 4.3429890e+00 
3.4917049e+04 4.5848413e+00 
3.4942062e+04 4.7982087e+00 
3.4967074e+04 4.9740200e+00 
3.4992086e+04 5.1073685e+00 
3.5017098e+04 5.1929908e+00 
3.5042110e+04 5.2312536e+00 
3.5067123e+04 5.2180648e+00 
3.5092135e+04 5.1588006e+00 
3.5117147e+04 5.0488305e+00 
3.5142159e+04 4.8950372e+00 
3.5167171e+04 4.7012639e+00 
3.5192184e+04 4.4715834e+00 
3.5217196e+04 4.2211938e+00 
3.5242208e+04 3.9533281e+00 
3.5267220e+04 3.6776805e+00 
3.5292233e+04 3.4010947e+00 
3.5317245e+04 3.1328533e+00 
3.5342257e+04 2.8846097e+00 
3.5367269e+04 2.6631541e+00 
3.5392281e+04 2.4800549e+00 
3.5417294e+04 2.3350909e+00 
3.5442306e+04 2.2354510e+00 
3.5467318e+04 2.1865301e+00 
3.5492330e+04 2.1865225e+00 
3.5517342e+04 2.2403212e+00 
3.5542355e+04 2.3404145e+00 
3.5567367e+04 2.4871268e+00 
3.5592379e+04 2.6725371e+00 
3.5617391e+04 2.8954492e+00 
3.5642404e+04 3.1443801e+00 
3.5667416e+04 3.4117432e+00 
3.5692428e+04 3.6844285e+00 
3.5717440e+04 3.9657943e+00 
3.5742452e+04 4.2355223e+00 
3.5767465e+04 4.4894876e+00 
3.5792477e+04 4.7159629e+00 
3.5817489e+04 4.9081993e+00 
3.5842501e+04 5.0595360e+00 
3.5867513e+04 5.1645422e+00 
3.5892526e+04 5.2217755e+00 
3.5917538e+04 5.2321806e+00 
3.5942550e+04 5.1884418e+00 
3.5967562e+04 5.0969467e+00 
3.5992574e+04 4.9623108e+00 
3.6017587e+04 4.7829618e+00 
3.6042599e+04 4.5671244e+00 
3.6067611e+04 4.3238921e+00 
3.6092623e+04 4.0620408e+00 
3.6117636e+04 3.7871766e+00 
3.6142648e+04 3.5099595e+00 
3.6167660e+04 3.2362838e+00 
3.6192672e+04 2.9808054e+00 
3.6217684e+04 2.7500610e+00 
3.6242697e+04 2.5513785e+00 
3.6267709e+04 2.3890252e+00 
3.6292721e+04 2.2693479e+00 
3.6317733e+04 2.2013233e+00 
3.6342745e+04 2.1823380e+00 
3.6367758e+04 2.2146168e+00 
3.6392770e+04 2.2976277e+00 
3.6417782e+04 2.4253488e+00 
3.6442794e+04 2.5956917e+00 
3.6467807e+04 2.8014977e+00 
3.6492819e+04 3.0423732e+00 
3.6517831e+04 3.3037474e+00 
3.6542843e+04 3.5775189e+00 
3.6567855e+04 3.8554916e+00 
3.6592868e+04 4.1280732e+00 
3.6617880e+04 4.3882890e+00 
3.6642892e+04 4.6278043e+00 
3.6667904e+04 4.8356791e+00 
3.6692916e+04 5.0042119e+00 
3.6717929e+04 5.1284833e+00 
3.6742941e+04 5.2060442e+00 
3.6767953e+04 5.2337976e+00 
3.6792965e+04 5.2116122e+00 
3.6817978e+04 5.1385078e+00 
3.6842990e+04 5.0212274e+00 
3.6868002e+04 4.8588982e+00 
3.6893014e+04 4.6555648e+00 
3.6918026e+04 4.4203496e+00 
3.6943039e+04 4.1646504e+00 
3.6968051e+04 3.8929904e+00 
3.6993063e+04 3.6145904e+00 
3.7018075e+04 3.3381150e+00 
3.7043087e+04 3.0752852e+00 
3.7068100e+04 2.8318033e+00 
3.7093112e+04 2.6182868e+00 
3.7118124e+04 2.4429641e+00 
3.7143136e+04 2.3083236e+00 
3.7168149e+04 2.2218060e+00 
3.7193161e+04 2.1830809e+00 
3.7218173e+04 2.1957495e+00 
3.7243185e+04 2.2607408e+00 
3.7268197e+04 2.3733816e+00 
3.7293210e+04 2.5307500e+00 
3.7318222e+04 2.7278175e+00 
3.7343234e+04 2.9587419e+00 
3.7368246e+04 3.2145386e+00 
3.7393258e+04 3.4874434e+00 
3.7418271e+04 3.7658794e+00 
3.7443283e+04 4.0428114e+00 
3.7468295e+04 4.3087320e+00 
3.7493307e+04 4.5554242e+00 
3.7518319e+04 4.7749419e+00 
3.7543332e+04 4.9574451e+00 
3.7568344e+04 5.0957227e+00 
3.7593356e+04 5.1883225e+00 
3.7618368e+04 5.2298193e+00 
3.7643381e+04 5.2216945e+00 
3.7668393e+04 5.1643162e+00 
3.7693405e+04 5.0568061e+00 
3.7718417e+04 4.9045458e+00 
3.7743429e+04 4.7087064e+00 
3.7768442e+04 4.4834533e+00 
3.7793454e+04 4.2304049e+00 
3.7818466e+04 3.9613295e+00 
3.7843478e+04 3.6833985e+00 
3.7868490e+04 3.4076657e+00 
3.7893503e+04 3.1413507e+00 
3.7918515e+04 2.8937123e+00 
3.7943527e+04 2.6708925e+00 
3.7968539e+04 2.4858422e+00 
3.7993552e+04 2.3412092e+00 
3.8018564e+04 2.2405274e+00 
3.8043576e+04 2.1878884e+00 
3.8068588e+04 2.1886942e+00 
3.8093600e+04 2.2385519e+00 
3.8118613e+04 2.3377738e+00 
3.8143625e+04 2.4844601e+00 
3.8168637e+04 2.6722417e+00 
3.8193649e+04 2.8946662e+00 
3.8218661e+04 3.1436656e+00 
3.8243674e+04 3.4113321e+00 
3.8268686e+04 3.6877730e+00 
3.8293698e+04 3.9663432e+00 
3.8318710e+04 4.2367811e+00 
3.8343723e+04 4.4890079e+00 
3.8368735e+04 4.7138834e+00 
3.8393747e+04 4.9051623e+00 
3.8418759e+04 5.0583563e+00 
3.8443771e+04 5.1647129e+00 
3.8468784e+04 5.2226391e+00 
3.8493796e+04 5.2314525e+00 
3.8518808e+04 5.1892066e+00 
3.8543820e+04 5.0963149e+00 
3.8568832e+04 4.9572673e+00 
3.8593845e+04 4.7755828e+00 
3.8618857e+04 4.5581636e+00 
3.8643869e+04 4.3115783e+00 
3.8668881e+04 4.0477524e+00 
3.8693894e+04 3.7731543e+00 
3.8718906e+04 3.4973240e+00 
3.8743918e+04 3.2262862e+00 
3.8768930e+04 2.9693296e+00 
3.8793942e+04 2.7382724e+00 
3.8818955e+04 2.5400860e+00 
3.8843967e+04 2.3827741e+00 
3.8868979e+04 2.2659647e+00 
3.8893991e+04 2.1990771e+00 
3.8919003e+04 2.1828613e+00 
3.8944016e+04 2.2175896e+00 
3.8969028e+04 2.2998612e+00 
3.8994040e+04 2.4324911e+00 
3.9019052e+04 2.6051109e+00 
3.9044064e+04 2.8151648e+00 
3.9069077e+04 3.0555806e+00 
3.9094089e+04 3.3171451e+00 
3.9119101e+04 3.5957952e+00 
3.9144113e+04 3.8744717e+00 
3.9169126e+04 4.1465936e+00 
3.9194138e+04 4.4073634e+00 
3.9219150e+04 4.6442041e+00 
3.9244162e+04 4.8478589e+00 
3.9269174e+04 5.0144067e+00 
3.9294187e+04 5.1367154e+00 
3.9319199e+04 5.2100840e+00 
3.9344211e+04 5.2348108e+00 
3.9369223e+04 5.2065434e+00 
3.9394235e+04 5.1306419e+00 
3.9419248e+04 5.0032821e+00 
3.9444260e+04 4.8336296e+00 
3.9469272e+04 4.6246300e+00 
3.9494284e+04 4.3884583e+00 
3.9519297e+04 4.1270585e+00 
3.9544309e+04 3.8501258e+00 
3.9569321e+04 3.5702348e+00 
3.9594333e+04 3.2934234e+00 
3.9619345e+04 3.0322249e+00 
3.9644358e+04 2.7926435e+00 
3.9669370e+04 2.5853081e+00 
3.9694382e+04 2.4163446e+00 
3.9719394e+04 2.2884510e+00 
3.9744406e+04 2.2103608e+00 
3.9769419e+04 2.1824236e+00 
3.9794431e+04 2.2058294e+00 
3.9819443e+04 2.2808716e+00 
3.9844455e+04 2.4035285e+00 
3.9869468e+04 2.5684042e+00 
3.9894480e+04 2.7730522e+00 
3.9919492e+04 3.0012012e+00 
3.9944504e+04 3.2243164e+00 
3.9969516e+04 3.4261189e+00 
3.9994529e+04 3.6017559e+00 
4.0019541e+04 3.7511346e+00 
4.0044553e+04 3.8743415e+00 
4.0069565e+04 3.9723182e+00 
4.0094577e+04 4.0463624e+00 
4.0119590e+04 4.0996947e+00 
4.0144602e+04 4.1309156e+00 
4.0169614e+04 4.1465883e+00 
4.0194626e+04 4.1441622e+00 
4.0219638e+04 4.1248050e+00 
4.0244651e+04 4.0904608e+00 
4.0269663e+04 4.0440702e+00 
4.0294675e+04 3.9811687e+00 
4.0319687e+04 3.9040735e+00 
4.0344700e+04 3.8168485e+00 
4.0369712e+04 3.7157586e+00 
4.0394724e+04 3.6057463e+00 
4.0419736e+04 3.4867418e+00 
4.0444748e+04 3.3584054e+00 
4.0469761e+04 3.2231491e+00 
4.0494773e+04 3.0860679e+00 
4.0519785e+04 2.9496639e+00 
4.0544797e+04 2.8125670e+00 
4.0569809e+04 2.6826890e+00 
4.0594822e+04 2.5612845e+00 
4.0619834e+04 2.4482517e+00 
4.0644846e+04 2.3506317e+00 
4.0669858e+04 2.2751389e+00 
4.0694871e+04 2.2182267e+00 
4.0719883e+04 2.1869533e+00 
4.0744895e+04 2.1820967e+00 
4.0769907e+04 2.2069275e+00 
4.0794919e+04 2.2619224e+00 
4.0819932e+04 2.3461185e+00 
4.0844944e+04 2.4627006e+00 
4.0869956e+04 2.6052413e+00 
4.0894968e+04 2.7738843e+00 
4.0919980e+04 2.9657838e+00 
4.0944993e+04 3.1802399e+00 
4.0970005e+04 3.4069166e+00 
4.0995017e+04 3.6422312e+00 
4.1020029e+04 3.8812387e+00 
4.1045042e+04 4.1185503e+00 
4.1070054e+04 4.3481617e+00 
4.1095066e+04 4.5644584e+00 
4.1120078e+04 4.7593246e+00 
4.1145090e+04 4.9252372e+00 
4.1170103e+04 5.0610452e+00 
4.1195115e+04 5.1597743e+00 
4.1220127e+04 5.2179179e+00 
4.1245139e+04 5.2350564e+00 
4.1270151e+04 5.2079725e+00 
4.1295164e+04 5.1413913e+00 
4.1320176e+04 5.0323439e+00 
4.1345188e+04 4.8861132e+00 
4.1370200e+04 4.7039475e+00 
4.1395213e+04 4.4895139e+00 
4.1420225e+04 4.2540879e+00 
4.1445237e+04 4.0035787e+00 
4.1470249e+04 3.7393715e+00 
4.1495261e+04 3.4800491e+00 
4.1520274e+04 3.2246242e+00 
4.1545286e+04 2.9797873e+00 
4.1570298e+04 2.7595110e+00 
4.1595310e+04 2.5675704e+00 
4.1620322e+04 2.4081485e+00 
4.1645335e+04 2.2883053e+00 
4.1670347e+04 2.2114391e+00 
4.1695359e+04 2.1823161e+00 
4.1720371e+04 2.1997564e+00 
4.1745383e+04 2.2656589e+00 
4.1770396e+04 2.3755116e+00 
4.1795408e+04 2.5280581e+00 
4.1820420e+04 2.7150421e+00 
4.1845432e+04 2.9343729e+00 
4.1870445e+04 3.1814959e+00 
4.1895457e+04 3.4448195e+00 
4.1920469e+04 3.7133803e+00 
4.1945481e+04 3.9855268e+00 
4.1970493e+04 4.2455482e+00 
4.1995506e+04 4.4884162e+00 
4.2020518e+04 4.7077246e+00 
4.2045530e+04 4.8976240e+00 
4.2070542e+04 5.0490150e+00 
4.2095554e+04 5.1571722e+00 
4.2120567e+04 5.2180495e+00 
4.2145579e+04 5.2328348e+00 
4.2170591e+04 5.1986103e+00 
4.2195603e+04 5.1160169e+00 
4.2220616e+04 4.9908128e+00 
4.2245628e+04 4.8238354e+00 
4.2270640e+04 4.6179209e+00 
4.2295652e+04 4.3842402e+00 
4.2320664e+04 4.1285419e+00 
4.2345677e+04 3.8580732e+00 
4.2370689e+04 3.5848236e+00 
4.2395701e+04 3.3154287e+00 
4.2420713e+04 3.0563016e+00 
4.2445725e+04 2.8191147e+00 
4.2470738e+04 2.6113462e+00 
4.2495750e+04 2.4398963e+00 
4.2520762e+04 2.3089380e+00 
4.2545774e+04 2.2211034e+00 
4.2570787e+04 2.1830080e+00 
4.2595799e+04 2.1956365e+00 
4.2620811e+04 2.2549639e+00 
4.2645823e+04 2.3631670e+00 
4.2670835e+04 2.5152783e+00 
4.2695848e+04 2.7058451e+00 
4.2720860e+04 2.9329998e+00 
4.2745872e+04 3.1803865e+00 
4.2770884e+04 3.4453580e+00 
4.2795896e+04 3.7224503e+00 
4.2820909e+04 3.9967291e+00 
4.2845921e+04 4.2603788e+00 
4.2870933e+04 4.5055904e+00 
4.2895945e+04 4.7276316e+00 
4.2920957e+04 4.9166183e+00 
4.2945970e+04 5.0645385e+00 
4.2970982e+04 5.1674485e+00 
4.2995994e+04 5.2232146e+00 
4.3021006e+04 5.2312665e+00 
4.3046019e+04 5.1876221e+00 
4.3071031e+04 5.0966969e+00 
4.3096043e+04 4.9617076e+00 
4.3121055e+04 4.7828503e+00 
4.3146067e+04 4.5696821e+00 
4.3171080e+04 4.3278689e+00 
4.3196092e+04 4.0686088e+00 
4.3221104e+04 3.7961631e+00 
4.3246116e+04 3.5230114e+00 
4.3271128e+04 3.2527239e+00 
4.3296141e+04 2.9982100e+00 
4.3321153e+04 2.7674229e+00 
4.3346165e+04 2.5684206e+00 
4.3371177e+04 2.4033334e+00 
4.3396190e+04 2.2819490e+00 
4.3421202e+04 2.2062747e+00 
4.3446214e+04 2.1812565e+00 
4.3471226e+04 2.2062492e+00 
4.3496238e+04 2.2816024e+00 
4.3521251e+04 2.4035828e+00 
4.3546263e+04 2.5648062e+00 
4.3571275e+04 2.7655361e+00 
4.3596287e+04 2.9987354e+00 
4.3621299e+04 3.2556043e+00 
4.3646312e+04 3.5257897e+00 
4.3671324e+04 3.7983921e+00 
4.3696336e+04 4.0723763e+00 
4.3721348e+04 4.3328166e+00 
4.3746361e+04 4.5752664e+00 
4.3771373e+04 4.7863212e+00 
4.3796385e+04 4.9645691e+00 
4.3821397e+04 5.0998359e+00 
4.3846409e+04 5.1899843e+00 
4.3871422e+04 5.2313666e+00 
4.3896434e+04 5.2241068e+00 
4.3921446e+04 5.1656637e+00 
4.3946458e+04 5.0613680e+00 
4.3971470e+04 4.9107590e+00 
4.3996483e+04 4.7184830e+00 
4.4021495e+04 4.4952660e+00 
4.4046507e+04 4.2456183e+00 
4.4071519e+04 3.9826102e+00 
4.4096532e+04 3.7074142e+00 
4.4121544e+04 3.4323277e+00 
4.4146556e+04 3.1635518e+00 
4.4171568e+04 2.9166493e+00 
4.4196580e+04 2.6970928e+00 
4.4221593e+04 2.5081420e+00 
4.4246605e+04 2.3575778e+00 
4.4271617e+04 2.2508111e+00 
4.4296629e+04 2.1924772e+00 
4.4321641e+04 2.1844442e+00 
4.4346654e+04 2.2265623e+00 
4.4371666e+04 2.3187451e+00 
4.4396678e+04 2.4572480e+00 
4.4421690e+04 2.6348009e+00 
4.4446702e+04 2.8487685e+00 
4.4471715e+04 3.0917664e+00 
4.4496727e+04 3.3553319e+00 
4.4521739e+04 3.6295862e+00 
4.4546751e+04 3.9058828e+00 
4.4571764e+04 4.1743550e+00 
4.4596776e+04 4.4266396e+00 
4.4621788e+04 4.6600661e+00 
4.4646800e+04 4.8589783e+00 
4.4671812e+04 5.0186443e+00 
4.4696825e+04 5.1379519e+00 
4.4721837e+04 5.2109075e+00 
4.4746849e+04 5.2322731e+00 
4.4771861e+04 5.2054276e+00 
4.4796873e+04 5.1304603e+00 
4.4821886e+04 5.0062203e+00 
4.4846898e+04 4.8412094e+00 
4.4871910e+04 4.6385007e+00 
4.4896922e+04 4.4044762e+00 
4.4921935e+04 4.1472716e+00 
4.4946947e+04 3.8765152e+00 
4.4971959e+04 3.6022754e+00 
4.4996971e+04 3.3281538e+00 
4.5021983e+04 3.0661671e+00 
4.5046996e+04 2.8260319e+00 
4.5072008e+04 2.6170261e+00 
4.5097020e+04 2.4418709e+00 
4.5122032e+04 2.3091304e+00 
4.5147044e+04 2.2212360e+00 
4.5172057e+04 2.1828609e+00 
4.5197069e+04 2.1947749e+00 
4.5222081e+04 2.2563396e+00 
4.5247093e+04 2.3684011e+00 
4.5272106e+04 2.5203907e+00 
4.5297118e+04 2.7123389e+00 
4.5322130e+04 2.9378788e+00 
4.5347142e+04 3.1876349e+00 
4.5372154e+04 3.4545105e+00 
4.5397167e+04 3.7283118e+00 
4.5422179e+04 4.0073628e+00 
4.5447191e+04 4.2671413e+00 
4.5472203e+04 4.5151186e+00 
4.5497215e+04 4.7385664e+00 
4.5522228e+04 4.9244585e+00 
4.5547240e+04 5.0704923e+00 
4.5572252e+04 5.1714263e+00 
4.5597264e+04 5.2258039e+00 
4.5622277e+04 5.2278872e+00 
4.5647289e+04 5.1809444e+00 
4.5672301e+04 5.0894027e+00 
4.5697313e+04 4.9500980e+00 
4.5722325e+04 4.7698598e+00 
4.5747338e+04 4.5553050e+00 
4.5772350e+04 4.3102880e+00 
4.5797362e+04 4.0506477e+00 
4.5822374e+04 3.7745268e+00 
4.5847386e+04 3.4987311e+00 
4.5872399e+04 3.2292976e+00 
4.5897411e+04 2.9745679e+00 
4.5922423e+04 2.7447124e+00 
4.5947435e+04 2.5465658e+00 
4.5972447e+04 2.3886769e+00 
4.5997460e+04 2.2702920e+00 
4.6022472e+04 2.2018812e+00 
4.6047484e+04 2.1809916e+00 
4.6072496e+04 2.2115800e+00 
4.6097509e+04 2.2898288e+00 
4.6122521e+04 2.4149492e+00 
4.6147533e+04 2.5845399e+00 
4.6172545e+04 2.7895708e+00 
4.6197557e+04 3.0246463e+00 
4.6222570e+04 3.2836800e+00 
4.6247582e+04 3.5532298e+00 
4.6272594e+04 3.8252900e+00 
4.6297606e+04 4.0969887e+00 
4.6322618e+04 4.3534098e+00 
4.6347631e+04 4.5928278e+00 
4.6372643e+04 4.8036799e+00 
4.6397655e+04 4.9760981e+00 
4.6422667e+04 5.1068263e+00 
4.6447680e+04 5.1919785e+00 
4.6472692e+04 5.2305288e+00 
4.6497704e+04 5.2186389e+00 
4.6522716e+04 5.1590843e+00 
4.6547728e+04 5.0507421e+00 
4.6572741e+04 4.8979611e+00 
4.6597753e+04 4.7023783e+00 
4.6622765e+04 4.4765201e+00 
4.6647777e+04 4.2257080e+00 
4.6672789e+04 3.9579823e+00 
4.6697802e+04 3.6844947e+00 
4.6722814e+04 3.4109406e+00 
4.6747826e+04 3.1445372e+00 
4.6772838e+04 2.8980443e+00 
4.6797851e+04 2.6784804e+00 
4.6822863e+04 2.4932394e+00 
4.6847875e+04 2.3457880e+00 
4.6872887e+04 2.2440326e+00 
4.6897899e+04 2.1901104e+00 
4.6922912e+04 2.1862924e+00 
4.6947924e+04 2.2319324e+00 
4.6972936e+04 2.3279004e+00 
4.6997948e+04 2.4696236e+00 
4.7022960e+04 2.6504896e+00 
4.7047973e+04 2.8667891e+00 
4.7072985e+04 3.1095717e+00 
4.7097997e+04 3.3729532e+00 
4.7123009e+04 3.6461649e+00 
4.7148021e+04 3.9204619e+00 
4.7173034e+04 4.1900196e+00 
4.7198046e+04 4.4453607e+00 
4.7223058e+04 4.6768556e+00 
4.7248070e+04 4.8748498e+00 
4.7273083e+04 5.0336328e+00 
4.7298095e+04 5.1459322e+00 
4.7323107e+04 5.2138262e+00 
4.7348119e+04 5.2315722e+00 
4.7373131e+04 5.2014585e+00 
4.7398144e+04 5.1201134e+00 
4.7423156e+04 4.9938102e+00 
4.7448168e+04 4.8231897e+00 
4.7473180e+04 4.6190286e+00 
4.7498192e+04 4.3821588e+00 
4.7523205e+04 4.1242671e+00 
4.7548217e+04 3.8511693e+00 
4.7573229e+04 3.5744870e+00 
4.7598241e+04 3.3009510e+00 
4.7623254e+04 3.0388231e+00 
4.7648266e+04 2.8022575e+00 
4.7673278e+04 2.5955489e+00 
4.7698290e+04 2.4259117e+00 
4.7723302e+04 2.2982986e+00 
4.7748315e+04 2.2144961e+00 
4.7773327e+04 2.1797650e+00 
4.7798339e+04 2.1986780e+00 
4.7823351e+04 2.2662156e+00 
4.7848363e+04 2.3794026e+00 
4.7873376e+04 2.5403779e+00 
4.7898388e+04 2.7370310e+00 
4.7923400e+04 2.9652603e+00 
4.7948412e+04 3.2178645e+00 
4.7973425e+04 3.4853902e+00 
4.7998437e+04 3.7612538e+00 
4.8023449e+04 4.0377555e+00 
4.8048461e+04 4.3000741e+00 
4.8073473e+04 4.5436916e+00 
4.8098486e+04 4.7623711e+00 
4.8123498e+04 4.9443297e+00 
4.8148510e+04 5.0859962e+00 
4.8173522e+04 5.1783538e+00 
4.8198534e+04 5.2261624e+00 
4.8223547e+04 5.2262559e+00 
4.8248559e+04 5.1747441e+00 
4.8273571e+04 5.0754018e+00 
4.8298583e+04 4.9304171e+00 
4.8323596e+04 4.7439790e+00 
4.8348608e+04 4.5237560e+00 
4.8373620e+04 4.2783794e+00 
4.8398632e+04 4.0163684e+00 
4.8423644e+04 3.7425039e+00 
4.8448657e+04 3.4685090e+00 
4.8473669e+04 3.1989584e+00 
4.8498681e+04 2.9468410e+00 
4.8523693e+04 2.7215877e+00 
4.8548705e+04 2.5301549e+00 
4.8573718e+04 2.3739321e+00 
4.8598730e+04 2.2617290e+00 
4.8623742e+04 2.1974108e+00 
4.8648754e+04 2.1809719e+00 
4.8673766e+04 2.2147789e+00 
4.8698779e+04 2.2988491e+00 
4.8723791e+04 2.4315474e+00 
4.8748803e+04 2.6021166e+00 
4.8773815e+04 2.8121090e+00 
4.8798828e+04 3.0479872e+00 
4.8823840e+04 3.3089504e+00 
4.8848852e+04 3.5787807e+00 
4.8873864e+04 3.8552403e+00 
4.8898876e+04 4.1269798e+00 
4.8923889e+04 4.3855634e+00 
4.8948901e+04 4.6210332e+00 
4.8973913e+04 4.8284087e+00 
4.8998925e+04 4.9948363e+00 
4.9023937e+04 5.1206346e+00 
4.9048950e+04 5.2027693e+00 
4.9073962e+04 5.2311206e+00 
4.9098974e+04 5.2118549e+00 
4.9123986e+04 5.1461024e+00 
4.9148999e+04 5.0304642e+00 
4.9174011e+04 4.8713303e+00 
4.9199023e+04 4.6743746e+00 
4.9224035e+04 4.4456325e+00 
4.9249047e+04 4.1920748e+00 
4.9274060e+04 3.9230449e+00 
4.9299072e+04 3.6472263e+00 
4.9324084e+04 3.3746336e+00 
4.9349096e+04 3.1087844e+00 
4.9374108e+04 2.8669720e+00 
4.9399121e+04 2.6510038e+00 
4.9424133e+04 2.4695621e+00 
4.9449145e+04 2.3280895e+00 
4.9474157e+04 2.2325423e+00 
4.9499170e+04 2.1858406e+00 
4.9524182e+04 2.1888461e+00 
4.9549194e+04 2.2418098e+00 
4.9574206e+04 2.3436835e+00 
4.9599218e+04 2.4894004e+00 
4.9624231e+04 2.6761379e+00 
4.9649243e+04 2.8932252e+00 
4.9674255e+04 3.1361349e+00 
4.9699267e+04 3.4034045e+00 
4.9724279e+04 3.6799843e+00 
4.9749292e+04 3.9576738e+00 
4.9774304e+04 4.2231493e+00 
4.9799316e+04 4.4764042e+00 
4.9824328e+04 4.7025666e+00 
4.9849340e+04 4.8936434e+00 
4.9874353e+04 5.0468125e+00 
4.9899365e+04 5.1569953e+00 
4.9924377e+04 5.2195873e+00 
4.9949389e+04 5.2299657e+00 
4.9974402e+04 5.1927691e+00 
4.9999414e+04 5.1046009e+00 
5.0024426e+04 4.9731426e+00 
5.0049438e+04 4.8003402e+00 
5.0074450e+04 4.5886197e+00 
5.0099463e+04 4.3481722e+00 
5.0124475e+04 4.0897384e+00 
5.0149487e+04 3.8167808e+00 
5.0174499e+04 3.5403624e+00 
5.0199511e+04 3.2662122e+00 
5.0224524e+04 3.0089245e+00 
5.0249536e+04 2.7737405e+00 
5.0274548e+04 2.5711179e+00 
5.0299560e+04 2.4077206e+00 
5.0324573e+04 2.2828557e+00 
5.0349585e+04 2.2057104e+00 
5.0374597e+04 2.1801014e+00 
5.0399609e+04 2.2048578e+00 
5.0424621e+04 2.2804260e+00 
5.0449634e+04 2.4023192e+00 
5.0474646e+04 2.5661464e+00 
5.0499658e+04 2.7711029e+00 
5.0524670e+04 3.0047848e+00 
5.0549682e+04 3.2625380e+00 
5.0574695e+04 3.5371840e+00 
5.0599707e+04 3.8129578e+00 
5.0624719e+04 4.0893297e+00 
5.0649731e+04 4.3500853e+00 
5.0674744e+04 4.5899687e+00 
5.0699756e+04 4.8026481e+00 
5.0724768e+04 4.9782000e+00 
5.0749780e+04 5.1091127e+00 
5.0774792e+04 5.1927257e+00 
5.0799805e+04 5.2301183e+00 
5.0824817e+04 5.2174768e+00 
5.0849829e+04 5.1545200e+00 
5.0874841e+04 5.0453382e+00 
5.0899853e+04 4.8889523e+00 
5.0924866e+04 4.6954870e+00 
5.0949878e+04 4.4683976e+00 
5.0974890e+04 4.2155428e+00 
5.0999902e+04 3.9468551e+00 
5.1024915e+04 3.6701841e+00 
5.1049927e+04 3.3960342e+00 
5.1074939e+04 3.1305475e+00 
5.1099951e+04 2.8865914e+00 
5.1124963e+04 2.6660042e+00 
5.1149976e+04 2.4806039e+00 
5.1174988e+04 2.3352885e+00 
5.1200000e+04 2.2373040e+00 
