0.0000000e+00 3.6332564e+00 
2.5012213e+01 3.6331418e+00 
5.0024426e+01 3.6322958e+00 
7.5036639e+01 3.6327834e+00 
1.0004885e+02 3.6320295e+00 
1.2506106e+02 3.6317320e+00 
1.5007328e+02 3.6339598e+00 
1.7508549e+02 3.6323988e+00 
2.0009770e+02 3.6327159e+00 
2.2510992e+02 3.6328530e+00 
2.5012213e+02 3.6308479e+00 
2.7513434e+02 3.6339407e+00 
3.0014656e+02 3.6334031e+00 
3.2515877e+02 3.6335607e+00 
3.5017098e+02 3.6329823e+00 
3.7518319e+02 3.6337781e+00 
4.0019541e+02 3.6326511e+00 
4.2520762e+02 3.6307945e+00 
4.5021983e+02 3.6301398e+00 
4.7523205e+02 3.6304581e+00 
5.0024426e+02 3.6279643e+00 
5.2525647e+02 3.6280155e+00 
5.5026869e+02 3.6292825e+00 
5.7528090e+02 3.6288786e+00 
6.0029311e+02 3.6296880e+00 
6.2530532e+02 3.6293547e+00 
6.5031754e+02 3.6267285e+00 
6.7532975e+02 3.6274743e+00 
7.0034196e+02 3.6278558e+00 
7.2535418e+02 3.6281495e+00 
7.5036639e+02 3.6287460e+00 
7.7537860e+02 3.6285567e+00 
8.0039082e+02 3.6260641e+00 
8.2540303e+02 3.6264863e+00 
8.5041524e+02 3.6256759e+00 
8.7542745e+02 3.6230297e+00 
9.0043967e+02 3.6228919e+00 
9.2545188e+02 3.6215994e+00 
9.5046409e+02 3.6221213e+00 
9.7547631e+02 3.6219206e+00 
1.0004885e+03 3.6201787e+00 
1.0255007e+03 3.6213951e+00 
1.0505129e+03 3.6244631e+00 
1.0755252e+03 3.6222811e+00 
1.1005374e+03 3.6197717e+00 
1.1255496e+03 3.6212699e+00 
1.1505618e+03 3.6235957e+00 
1.1755740e+03 3.6234016e+00 
1.2005862e+03 3.6235628e+00 
1.2255984e+03 3.6248262e+00 
1.2506106e+03 3.6270616e+00 
1.2756229e+03 3.6289194e+00 
1.3006351e+03 3.6286047e+00 
1.3256473e+03 3.6304178e+00 
1.3506595e+03 3.6309071e+00 
1.3756717e+03 3.6324842e+00 
1.4006839e+03 3.6317782e+00 
1.4256961e+03 3.6333139e+00 
1.4507084e+03 3.6334715e+00 
1.4757206e+03 3.6329365e+00 
1.5007328e+03 3.6329374e+00 
1.5257450e+03 3.6327772e+00 
1.5507572e+03 3.6339438e+00 
1.5757694e+03 3.6369219e+00 
1.6007816e+03 3.6372924e+00 
1.6257938e+03 3.6394031e+00 
1.6508061e+03 3.6407769e+00 
1.6758183e+03 3.6406209e+00 
1.7008305e+03 3.6409469e+00 
1.7258427e+03 3.6415229e+00 
1.7508549e+03 3.6421947e+00 
1.7758671e+03 3.6417718e+00 
1.8008793e+03 3.6419053e+00 
1.8258915e+03 3.6420977e+00 
1.8509038e+03 3.6395738e+00 
1.8759160e+03 3.6408758e+00 
1.9009282e+03 3.6410866e+00 
1.9259404e+03 3.6415300e+00 
1.9509526e+03 3.6409037e+00 
1.9759648e+03 3.6410928e+00 
2.0009770e+03 3.6411281e+00 
2.0259893e+03 3.6402557e+00 
2.0510015e+03 3.6404650e+00 
2.0760137e+03 3.6410227e+00 
2.1010259e+03 3.6417174e+00 
2.1260381e+03 3.6437442e+00 
2.1510503e+03 3.6460207e+00 
2.1760625e+03 3.6460958e+00 
2.2010747e+03 3.6449795e+00 
2.2260870e+03 3.6444569e+00 
2.2510992e+03 3.6436632e+00 
2.2761114e+03 3.6428361e+00 
2.3011236e+03 3.6429057e+00 
2.3261358e+03 3.6419184e+00 
2.3511480e+03 3.6388175e+00 
2.3761602e+03 3.6379552e+00 
2.4011724e+03 3.6361499e+00 
2.4261847e+03 3.6334209e+00 
2.4511969e+03 3.6332190e+00 
2.4762091e+03 3.6314907e+00 
2.5012213e+03 3.6314852e+00 
2.5262335e+03 3.6304488e+00 
2.5512457e+03 3.6296804e+00 
2.5762579e+03 3.6296136e+00 
2.6012702e+03 3.6309092e+00 
2.6262824e+03 3.6307960e+00 
2.6512946e+03 3.6327050e+00 
2.6763068e+03 3.6320107e+00 
2.7013190e+03 3.6284423e+00 
2.7263312e+03 3.6300311e+00 
2.7513434e+03 3.6306002e+00 
2.7763556e+03 3.6291690e+00 
2.8013679e+03 3.6293314e+00 
2.8263801e+03 3.6295819e+00 
2.8513923e+03 3.6272254e+00 
2.8764045e+03 3.6288452e+00 
2.9014167e+03 3.6283660e+00 
2.9264289e+03 3.6295474e+00 
2.9514411e+03 3.6303351e+00 
2.9764533e+03 3.6304965e+00 
3.0014656e+03 3.6312191e+00 
3.0264778e+03 3.6309490e+00 
3.0514900e+03 3.6321876e+00 
3.0765022e+03 3.6325908e+00 
3.1015144e+03 3.6315510e+00 
3.1265266e+03 3.6330466e+00 
3.1515388e+03 3.6349194e+00 
3.1765511e+03 3.6346231e+00 
3.2015633e+03 3.6350427e+00 
3.2265755e+03 3.6345637e+00 
3.2515877e+03 3.6342311e+00 
3.2765999e+03 3.6330636e+00 
3.3016121e+03 3.6329508e+00 
3.3266243e+03 3.6329982e+00 
3.3516365e+03 3.6320076e+00 
3.3766488e+03 3.6314867e+00 
3.4016610e+03 3.6307831e+00 
3.4266732e+03 3.6319742e+00 
3.4516854e+03 3.6325495e+00 
3.4766976e+03 3.6335292e+00 
3.5017098e+03 3.6337786e+00 
3.5267220e+03 3.6349902e+00 
3.5517342e+03 3.6338279e+00 
3.5767465e+03 3.6354423e+00 
3.6017587e+03 3.6373043e+00 
3.6267709e+03 3.6366699e+00 
3.6517831e+03 3.6360130e+00 
3.6767953e+03 3.6357586e+00 
3.7018075e+03 3.6337960e+00 
3.7268197e+03 3.6339686e+00 
3.7518319e+03 3.6342275e+00 
3.7768442e+03 3.6360645e+00 
3.8018564e+03 3.6366119e+00 
3.8268686e+03 3.6354003e+00 
3.8518808e+03 3.6371419e+00 
3.8768930e+03 3.6349263e+00 
3.9019052e+03 3.6365640e+00 
3.9269174e+03 3.6379199e+00 
3.9519297e+03 3.6344111e+00 
3.9769419e+03 3.6358149e+00 
4.0019541e+03 3.6362696e+00 
4.0269663e+03 3.6363578e+00 
4.0519785e+03 3.6387787e+00 
4.0769907e+03 3.6395283e+00 
4.1020029e+03 3.6381729e+00 
4.1270151e+03 3.6383672e+00 
4.1520274e+03 3.6399775e+00 
4.1770396e+03 3.6388066e+00 
4.2020518e+03 3.6390724e+00 
4.2270640e+03 3.6381354e+00 
4.2520762e+03 3.6374965e+00 
4.2770884e+03 3.6375723e+00 
4.3021006e+03 3.6351285e+00 
4.3271128e+03 3.6361837e+00 
4.3521251e+03 3.6346898e+00 
4.3771373e+03 3.6337142e+00 
4.4021495e+03 3.6358759e+00 
4.4271617e+03 3.6392102e+00 
4.4521739e+03 3.6387527e+00 
4.4771861e+03 3.6386797e+00 
4.5021983e+03 3.6380258e+00 
4.5272106e+03 3.6382239e+00 
4.5522228e+03 3.6382544e+00 
4.5772350e+03 3.6377325e+00 
4.6022472e+03 3.6384790e+00 
4.6272594e+03 3.6355116e+00 
4.6522716e+03 3.6375449e+00 
4.6772838e+03 3.6356537e+00 
4.7022960e+03 3.6353655e+00 
4.7273083e+03 3.6356468e+00 
4.7523205e+03 3.6346121e+00 
4.7773327e+03 3.6348898e+00 
4.8023449e+03 3.6347039e+00 
4.8273571e+03 3.6340714e+00 
4.8523693e+03 3.6341112e+00 
4.8773815e+03 3.6335149e+00 
4.9023937e+03 3.6338680e+00 
4.9274060e+03 3.6342902e+00 
4.9524182e+03 3.6364801e+00 
4.9774304e+03 3.6368575e+00 
5.0024426e+03 3.6368926e+00 
5.0274548e+03 3.6372094e+00 
5.0524670e+03 3.6378968e+00 
5.0774792e+03 3.6375029e+00 
5.1024915e+03 3.6376207e+00 
5.1275037e+03 3.6379597e+00 
5.1525159e+03 3.6379757e+00 
5.1775281e+03 3.6377032e+00 
5.2025403e+03 3.6390159e+00 
5.2275525e+03 3.6399066e+00 
5.2525647e+03 3.6392298e+00 
5.2775769e+03 3.6395080e+00 
5.3025892e+03 3.6363370e+00 
5.3276014e+03 3.6371131e+00 
5.3526136e+03 3.6343591e+00 
5.3776258e+03 3.6349792e+00 
5.4026380e+03 3.6348674e+00 
5.4276502e+03 3.6326132e+00 
5.4526624e+03 3.6340125e+00 
5.4776746e+03 3.6340156e+00 
5.5026869e+03 3.6329503e+00 
5.5276991e+03 3.6322443e+00 
5.5527113e+03 3.6332965e+00 
5.5777235e+03 3.6320405e+00 
5.6027357e+03 3.6302693e+00 
5.6277479e+03 3.6311557e+00 
5.6527601e+03 3.6303432e+00 
5.6777723e+03 3.6275799e+00 
5.7027846e+03 3.6253874e+00 
5.7277968e+03 3.6251147e+00 
5.7528090e+03 3.6256576e+00 
5.7778212e+03 3.6240551e+00 
5.8028334e+03 3.6238325e+00 
5.8278456e+03 3.6230795e+00 
5.8528578e+03 3.6232491e+00 
5.8778701e+03 3.6224823e+00 
5.9028823e+03 3.6211278e+00 
5.9278945e+03 3.6224370e+00 
5.9529067e+03 3.6228149e+00 
5.9779189e+03 3.6213419e+00 
6.0029311e+03 3.6229620e+00 
6.0279433e+03 3.6252322e+00 
6.0529555e+03 3.6273334e+00 
6.0779678e+03 3.6280928e+00 
6.1029800e+03 3.6303585e+00 
6.1279922e+03 3.6325176e+00 
6.1530044e+03 3.6329842e+00 
6.1780166e+03 3.6355600e+00 
6.2030288e+03 3.6361856e+00 
6.2280410e+03 3.6374526e+00 
6.2530532e+03 3.6379724e+00 
6.2780655e+03 3.6365280e+00 
6.3030777e+03 3.6378539e+00 
6.3280899e+03 3.6387007e+00 
6.3531021e+03 3.6394565e+00 
6.3781143e+03 3.6387362e+00 
6.4031265e+03 3.6404147e+00 
6.4281387e+03 3.6390128e+00 
6.4531510e+03 3.6415584e+00 
6.4781632e+03 3.6407728e+00 
6.5031754e+03 3.6421938e+00 
6.5281876e+03 3.6411927e+00 
6.5531998e+03 3.6405380e+00 
6.5782120e+03 3.6426291e+00 
6.6032242e+03 3.6411922e+00 
6.6282364e+03 3.6419163e+00 
6.6532487e+03 3.6419973e+00 
6.6782609e+03 3.6426752e+00 
6.7032731e+03 3.6425397e+00 
6.7282853e+03 3.6451337e+00 
6.7532975e+03 3.6442914e+00 
6.7783097e+03 3.6428962e+00 
6.8033219e+03 3.6440501e+00 
6.8283341e+03 3.6436756e+00 
6.8533464e+03 3.6404791e+00 
6.8783586e+03 3.6401498e+00 
6.9033708e+03 3.6408794e+00 
6.9283830e+03 3.6416125e+00 
6.9533952e+03 3.6408958e+00 
6.9784074e+03 3.6381161e+00 
7.0034196e+03 3.6379318e+00 
7.0284319e+03 3.6375029e+00 
7.0534441e+03 3.6371684e+00 
7.0784563e+03 3.6378670e+00 
7.1034685e+03 3.6371911e+00 
7.1284807e+03 3.6364532e+00 
7.1534929e+03 3.6344743e+00 
7.1785051e+03 3.6358664e+00 
7.2035173e+03 3.6342280e+00 
7.2285296e+03 3.6352296e+00 
7.2535418e+03 3.6363459e+00 
7.2785540e+03 3.6357546e+00 
7.3035662e+03 3.6354017e+00 
7.3285784e+03 3.6353424e+00 
7.3535906e+03 3.6354258e+00 
7.3786028e+03 3.6340978e+00 
7.4036150e+03 3.6363056e+00 
7.4286273e+03 3.6335657e+00 
7.4536395e+03 3.6331298e+00 
7.4786517e+03 3.6341064e+00 
7.5036639e+03 3.6307392e+00 
7.5286761e+03 3.6309316e+00 
7.5536883e+03 3.6315031e+00 
7.5787005e+03 3.6317394e+00 
7.6037128e+03 3.6309097e+00 
7.6287250e+03 3.6315296e+00 
7.6537372e+03 3.6318889e+00 
7.6787494e+03 3.6311963e+00 
7.7037616e+03 3.6304452e+00 
7.7287738e+03 3.6310084e+00 
7.7537860e+03 3.6300366e+00 
7.7787982e+03 3.6292067e+00 
7.8038105e+03 3.6290045e+00 
7.8288227e+03 3.6270084e+00 
7.8538349e+03 3.6266370e+00 
7.8788471e+03 3.6270318e+00 
7.9038593e+03 3.6295874e+00 
7.9288715e+03 3.6274226e+00 
7.9538837e+03 3.6274629e+00 
7.9788959e+03 3.6269774e+00 
8.0039082e+03 3.6262026e+00 
8.0289204e+03 3.6266992e+00 
8.0539326e+03 3.6273425e+00 
8.0789448e+03 3.6285315e+00 
8.1039570e+03 3.6282172e+00 
8.1289692e+03 3.6279573e+00 
8.1539814e+03 3.6293383e+00 
8.1789936e+03 3.6298051e+00 
8.2040059e+03 3.6303406e+00 
8.2290181e+03 3.6305494e+00 
8.2540303e+03 3.6280584e+00 
8.2790425e+03 3.6263967e+00 
8.3040547e+03 3.6278393e+00 
8.3290669e+03 3.6286116e+00 
8.3540791e+03 3.6297507e+00 
8.3790914e+03 3.6291440e+00 
8.4041036e+03 3.6295679e+00 
8.4291158e+03 3.6328945e+00 
8.4541280e+03 3.6337214e+00 
8.4791402e+03 3.6325665e+00 
8.5041524e+03 3.6333168e+00 
8.5291646e+03 3.6326656e+00 
8.5541768e+03 3.6285951e+00 
8.5791891e+03 3.6295838e+00 
8.6042013e+03 3.6304243e+00 
8.6292135e+03 3.6284552e+00 
8.6542257e+03 3.6310687e+00 
8.6792379e+03 3.6319294e+00 
8.7042501e+03 3.6315958e+00 
8.7292623e+03 3.6344106e+00 
8.7542745e+03 3.6346376e+00 
8.7792868e+03 3.6371500e+00 
8.8042990e+03 3.6371591e+00 
8.8293112e+03 3.6376576e+00 
8.8543234e+03 3.6387048e+00 
8.8793356e+03 3.6370807e+00 
8.9043478e+03 3.6378720e+00 
8.9293600e+03 3.6381636e+00 
8.9543723e+03 3.6404185e+00 
8.9793845e+03 3.6425362e+00 
9.0043967e+03 3.6416583e+00 
9.0294089e+03 3.6407833e+00 
9.0544211e+03 3.6398215e+00 
9.0794333e+03 3.6396587e+00 
9.1044455e+03 3.6394439e+00 
9.1294577e+03 3.6391902e+00 
9.1544700e+03 3.6390784e+00 
9.1794822e+03 3.6381614e+00 
9.2044944e+03 3.6351104e+00 
9.2295066e+03 3.6326628e+00 
9.2545188e+03 3.6315131e+00 
9.2795310e+03 3.6306043e+00 
9.3045432e+03 3.6269152e+00 
9.3295554e+03 3.6269009e+00 
9.3545677e+03 3.6276171e+00 
9.3795799e+03 3.6256940e+00 
9.4045921e+03 3.6250694e+00 
9.4296043e+03 3.6245999e+00 
9.4546165e+03 3.6247072e+00 
9.4796287e+03 3.6234858e+00 
9.5046409e+03 3.6229441e+00 
9.5296532e+03 3.6217730e+00 
9.5546654e+03 3.6211100e+00 
9.5796776e+03 3.6220315e+00 
9.6046898e+03 3.6219842e+00 
9.6297020e+03 3.6201530e+00 
9.6547142e+03 3.6190362e+00 
9.6797264e+03 3.6199894e+00 
9.7047386e+03 3.6165352e+00 
9.7297509e+03 3.6165709e+00 
9.7547631e+03 3.6164899e+00 
9.7797753e+03 3.6176100e+00 
9.8047875e+03 3.6176045e+00 
9.8297997e+03 3.6159797e+00 
9.8548119e+03 3.6168876e+00 
9.8798241e+03 3.6191235e+00 
9.9048363e+03 3.6225936e+00 
9.9298486e+03 3.6211600e+00 
9.9548608e+03 3.6225743e+00 
9.9798730e+03 3.6260946e+00 
1.0004885e+04 3.6268187e+00 
1.0029897e+04 3.6243687e+00 
1.0054910e+04 3.6286650e+00 
1.0079922e+04 3.6300206e+00 
1.0104934e+04 3.6305528e+00 
1.0129946e+04 3.6306775e+00 
1.0154958e+04 3.6305838e+00 
1.0179971e+04 3.6292267e+00 
1.0204983e+04 3.6283870e+00 
1.0229995e+04 3.6276047e+00 
1.0255007e+04 3.6292729e+00 
1.0280020e+04 3.6303136e+00 
1.0305032e+04 3.6296420e+00 
1.0330044e+04 3.6285090e+00 
1.0355056e+04 3.6290717e+00 
1.0380068e+04 3.6276820e+00 
1.0405081e+04 3.6293182e+00 
1.0430093e+04 3.6297228e+00 
1.0455105e+04 3.6283960e+00 
1.0480117e+04 3.6318116e+00 
1.0505129e+04 3.6332135e+00 
1.0530142e+04 3.6339407e+00 
1.0555154e+04 3.6342115e+00 
1.0580166e+04 3.6366358e+00 
1.0605178e+04 3.6369333e+00 
1.0630191e+04 3.6371515e+00 
1.0655203e+04 3.6342170e+00 
1.0680215e+04 3.6350245e+00 
1.0705227e+04 3.6334429e+00 
1.0730239e+04 3.6335895e+00 
1.0755252e+04 3.6351528e+00 
1.0780264e+04 3.6339602e+00 
1.0805276e+04 3.6338229e+00 
1.0830288e+04 3.6348476e+00 
1.0855300e+04 3.6339836e+00 
1.0880313e+04 3.6334391e+00 
1.0905325e+04 3.6329525e+00 
1.0930337e+04 3.6335602e+00 
1.0955349e+04 3.6300530e+00 
1.0980362e+04 3.6304815e+00 
1.1005374e+04 3.6289432e+00 
1.1030386e+04 3.6285653e+00 
1.1055398e+04 3.6304452e+00 
1.1080410e+04 3.6305275e+00 
1.1105423e+04 3.6308503e+00 
1.1130435e+04 3.6312695e+00 
1.1155447e+04 3.6310043e+00 
1.1180459e+04 3.6320419e+00 
1.1205471e+04 3.6320090e+00 
1.1230484e+04 3.6316717e+00 
1.1255496e+04 3.6316745e+00 
1.1280508e+04 3.6306853e+00 
1.1305520e+04 3.6331189e+00 
1.1330532e+04 3.6337044e+00 
1.1355545e+04 3.6331303e+00 
1.1380557e+04 3.6322982e+00 
1.1405569e+04 3.6319194e+00 
1.1430581e+04 3.6349180e+00 
1.1455594e+04 3.6341083e+00 
1.1480606e+04 3.6337900e+00 
1.1505618e+04 3.6344805e+00 
1.1530630e+04 3.6338735e+00 
1.1555642e+04 3.6370671e+00 
1.1580655e+04 3.6367736e+00 
1.1605667e+04 3.6362567e+00 
1.1630679e+04 3.6352806e+00 
1.1655691e+04 3.6366553e+00 
1.1680703e+04 3.6380916e+00 
1.1705716e+04 3.6379123e+00 
1.1730728e+04 3.6369519e+00 
1.1755740e+04 3.6389346e+00 
1.1780752e+04 3.6363928e+00 
1.1805765e+04 3.6353054e+00 
1.1830777e+04 3.6352241e+00 
1.1855789e+04 3.6351259e+00 
1.1880801e+04 3.6339321e+00 
1.1905813e+04 3.6312675e+00 
1.1930826e+04 3.6309171e+00 
1.1955838e+04 3.6303475e+00 
1.1980850e+04 3.6287620e+00 
1.2005862e+04 3.6266096e+00 
1.2030874e+04 3.6258881e+00 
1.2055887e+04 3.6266923e+00 
1.2080899e+04 3.6251824e+00 
1.2105911e+04 3.6255362e+00 
1.2130923e+04 3.6243093e+00 
1.2155936e+04 3.6243293e+00 
1.2180948e+04 3.6242640e+00 
1.2205960e+04 3.6250870e+00 
1.2230972e+04 3.6228025e+00 
1.2255984e+04 3.6227810e+00 
1.2280997e+04 3.6257153e+00 
1.2306009e+04 3.6268272e+00 
1.2331021e+04 3.6271064e+00 
1.2356033e+04 3.6266136e+00 
1.2381045e+04 3.6281490e+00 
1.2406058e+04 3.6268425e+00 
1.2431070e+04 3.6264763e+00 
1.2456082e+04 3.6252580e+00 
1.2481094e+04 3.6256127e+00 
1.2506106e+04 3.6259010e+00 
1.2531119e+04 3.6244860e+00 
1.2556131e+04 3.6257780e+00 
1.2581143e+04 3.6245794e+00 
1.2606155e+04 3.6224017e+00 
1.2631168e+04 3.6223619e+00 
1.2656180e+04 3.6225674e+00 
1.2681192e+04 3.6212745e+00 
1.2706204e+04 3.6210344e+00 
1.2731216e+04 3.6205046e+00 
1.2756229e+04 3.6225321e+00 
1.2781241e+04 3.6256073e+00 
1.2806253e+04 3.6263313e+00 
1.2831265e+04 3.6276426e+00 
1.2856277e+04 3.6297941e+00 
1.2881290e+04 3.6295924e+00 
1.2906302e+04 3.6296821e+00 
1.2931314e+04 3.6294982e+00 
1.2956326e+04 3.6297274e+00 
1.2981339e+04 3.6313298e+00 
1.3006351e+04 3.6329050e+00 
1.3031363e+04 3.6320250e+00 
1.3056375e+04 3.6292391e+00 
1.3081387e+04 3.6316392e+00 
1.3106400e+04 3.6326277e+00 
1.3131412e+04 3.6326377e+00 
1.3156424e+04 3.6318207e+00 
1.3181436e+04 3.6317699e+00 
1.3206448e+04 3.6322224e+00 
1.3231461e+04 3.6306930e+00 
1.3256473e+04 3.6352477e+00 
1.3281485e+04 3.6351295e+00 
1.3306497e+04 3.6350629e+00 
1.3331510e+04 3.6353648e+00 
1.3356522e+04 3.6346354e+00 
1.3381534e+04 3.6366913e+00 
1.3406546e+04 3.6356993e+00 
1.3431558e+04 3.6343672e+00 
1.3456571e+04 3.6343307e+00 
1.3481583e+04 3.6366689e+00 
1.3506595e+04 3.6368256e+00 
1.3531607e+04 3.6338251e+00 
1.3556619e+04 3.6343563e+00 
1.3581632e+04 3.6348057e+00 
1.3606644e+04 3.6355679e+00 
1.3631656e+04 3.6299341e+00 
1.3656668e+04 3.6310701e+00 
1.3681681e+04 3.6320345e+00 
1.3706693e+04 3.6346645e+00 
1.3731705e+04 3.6354847e+00 
1.3756717e+04 3.6340489e+00 
1.3781729e+04 3.6345468e+00 
1.3806742e+04 3.6335027e+00 
1.3831754e+04 3.6328192e+00 
1.3856766e+04 3.6318805e+00 
1.3881778e+04 3.6334031e+00 
1.3906790e+04 3.6339726e+00 
1.3931803e+04 3.6337187e+00 
1.3956815e+04 3.6327405e+00 
1.3981827e+04 3.6340854e+00 
1.4006839e+04 3.6341352e+00 
1.4031851e+04 3.6325600e+00 
1.4056864e+04 3.6325605e+00 
1.4081876e+04 3.6307542e+00 
1.4106888e+04 3.6298833e+00 
1.4131900e+04 3.6274958e+00 
1.4156913e+04 3.6273832e+00 
1.4181925e+04 3.6279726e+00 
1.4206937e+04 3.6289537e+00 
1.4231949e+04 3.6307631e+00 
1.4256961e+04 3.6305737e+00 
1.4281974e+04 3.6296899e+00 
1.4306986e+04 3.6316209e+00 
1.4331998e+04 3.6290159e+00 
1.4357010e+04 3.6283851e+00 
1.4382022e+04 3.6274321e+00 
1.4407035e+04 3.6287267e+00 
1.4432047e+04 3.6301568e+00 
1.4457059e+04 3.6288781e+00 
1.4482071e+04 3.6276197e+00 
1.4507084e+04 3.6256516e+00 
1.4532096e+04 3.6249774e+00 
1.4557108e+04 3.6235578e+00 
1.4582120e+04 3.6230209e+00 
1.4607132e+04 3.6245291e+00 
1.4632145e+04 3.6235528e+00 
1.4657157e+04 3.6240387e+00 
1.4682169e+04 3.6241527e+00 
1.4707181e+04 3.6249163e+00 
1.4732193e+04 3.6239586e+00 
1.4757206e+04 3.6243143e+00 
1.4782218e+04 3.6252193e+00 
1.4807230e+04 3.6247804e+00 
1.4832242e+04 3.6242304e+00 
1.4857255e+04 3.6226637e+00 
1.4882267e+04 3.6238225e+00 
1.4907279e+04 3.6267192e+00 
1.4932291e+04 3.6284907e+00 
1.4957303e+04 3.6287799e+00 
1.4982316e+04 3.6313572e+00 
1.5007328e+04 3.6315296e+00 
1.5032340e+04 3.6336539e+00 
1.5057352e+04 3.6354337e+00 
1.5082364e+04 3.6382275e+00 
1.5107377e+04 3.6389515e+00 
1.5132389e+04 3.6359711e+00 
1.5157401e+04 3.6368380e+00 
1.5182413e+04 3.6355460e+00 
1.5207426e+04 3.6364143e+00 
1.5232438e+04 3.6382039e+00 
1.5257450e+04 3.6410668e+00 
1.5282462e+04 3.6409228e+00 
1.5307474e+04 3.6394525e+00 
1.5332487e+04 3.6403942e+00 
1.5357499e+04 3.6388006e+00 
1.5382511e+04 3.6382115e+00 
1.5407523e+04 3.6381080e+00 
1.5432535e+04 3.6393876e+00 
1.5457548e+04 3.6384392e+00 
1.5482560e+04 3.6363468e+00 
1.5507572e+04 3.6371181e+00 
1.5532584e+04 3.6379757e+00 
1.5557596e+04 3.6364768e+00 
1.5582609e+04 3.6378615e+00 
1.5607621e+04 3.6366475e+00 
1.5632633e+04 3.6365886e+00 
1.5657645e+04 3.6370018e+00 
1.5682658e+04 3.6362920e+00 
1.5707670e+04 3.6352680e+00 
1.5732682e+04 3.6341193e+00 
1.5757694e+04 3.6350012e+00 
1.5782706e+04 3.6363413e+00 
1.5807719e+04 3.6344225e+00 
1.5832731e+04 3.6346738e+00 
1.5857743e+04 3.6337137e+00 
1.5882755e+04 3.6344669e+00 
1.5907767e+04 3.6356866e+00 
1.5932780e+04 3.6376562e+00 
1.5957792e+04 3.6390688e+00 
1.5982804e+04 3.6390240e+00 
1.6007816e+04 3.6373672e+00 
1.6032829e+04 3.6369164e+00 
1.6057841e+04 3.6362047e+00 
1.6082853e+04 3.6350739e+00 
1.6107865e+04 3.6386518e+00 
1.6132877e+04 3.6379638e+00 
1.6157890e+04 3.6383846e+00 
1.6182902e+04 3.6397078e+00 
1.6207914e+04 3.6386528e+00 
1.6232926e+04 3.6411777e+00 
1.6257938e+04 3.6406889e+00 
1.6282951e+04 3.6416214e+00 
1.6307963e+04 3.6431751e+00 
1.6332975e+04 3.6422477e+00 
1.6357987e+04 3.6447980e+00 
1.6383000e+04 3.6439521e+00 
1.6408012e+04 3.6449201e+00 
1.6433024e+04 3.6460392e+00 
1.6458036e+04 3.6436281e+00 
1.6483048e+04 3.6430891e+00 
1.6508061e+04 3.6430931e+00 
1.6533073e+04 3.6409209e+00 
1.6558085e+04 3.6397157e+00 
1.6583097e+04 3.6399214e+00 
1.6608109e+04 3.6415145e+00 
1.6633122e+04 3.6393120e+00 
1.6658134e+04 3.6381650e+00 
1.6683146e+04 3.6369214e+00 
1.6708158e+04 3.6349449e+00 
1.6733170e+04 3.6357436e+00 
1.6758183e+04 3.6355615e+00 
1.6783195e+04 3.6371930e+00 
1.6808207e+04 3.6368215e+00 
1.6833219e+04 3.6359596e+00 
1.6858232e+04 3.6371167e+00 
1.6883244e+04 3.6380258e+00 
1.6908256e+04 3.6369424e+00 
1.6933268e+04 3.6371665e+00 
1.6958280e+04 3.6361189e+00 
1.6983293e+04 3.6358385e+00 
1.7008305e+04 3.6371574e+00 
1.7033317e+04 3.6376307e+00 
1.7058329e+04 3.6368670e+00 
1.7083341e+04 3.6366055e+00 
1.7108354e+04 3.6393356e+00 
1.7133366e+04 3.6402113e+00 
1.7158378e+04 3.6387846e+00 
1.7183390e+04 3.6382942e+00 
1.7208403e+04 3.6389265e+00 
1.7233415e+04 3.6406980e+00 
1.7258427e+04 3.6388211e+00 
1.7283439e+04 3.6399009e+00 
1.7308451e+04 3.6406660e+00 
1.7333464e+04 3.6418543e+00 
1.7358476e+04 3.6406989e+00 
1.7383488e+04 3.6398320e+00 
1.7408500e+04 3.6400645e+00 
1.7433512e+04 3.6412916e+00 
1.7458525e+04 3.6409128e+00 
1.7483537e+04 3.6413150e+00 
1.7508549e+04 3.6410053e+00 
1.7533561e+04 3.6391687e+00 
1.7558574e+04 3.6408954e+00 
1.7583586e+04 3.6418304e+00 
1.7608598e+04 3.6403327e+00 
1.7633610e+04 3.6420057e+00 
1.7658622e+04 3.6394136e+00 
1.7683635e+04 3.6398516e+00 
1.7708647e+04 3.6416044e+00 
1.7733659e+04 3.6427262e+00 
1.7758671e+04 3.6411307e+00 
1.7783683e+04 3.6417699e+00 
1.7808696e+04 3.6395442e+00 
1.7833708e+04 3.6387188e+00 
1.7858720e+04 3.6383932e+00 
1.7883732e+04 3.6367283e+00 
1.7908745e+04 3.6377420e+00 
1.7933757e+04 3.6377871e+00 
1.7958769e+04 3.6379957e+00 
1.7983781e+04 3.6400568e+00 
1.8008793e+04 3.6431921e+00 
1.8033806e+04 3.6422946e+00 
1.8058818e+04 3.6439826e+00 
1.8083830e+04 3.6417274e+00 
1.8108842e+04 3.6410141e+00 
1.8133854e+04 3.6418204e+00 
1.8158867e+04 3.6428401e+00 
1.8183879e+04 3.6424882e+00 
1.8208891e+04 3.6417224e+00 
1.8233903e+04 3.6411376e+00 
1.8258915e+04 3.6390455e+00 
1.8283928e+04 3.6413641e+00 
1.8308940e+04 3.6391783e+00 
1.8333952e+04 3.6394835e+00 
1.8358964e+04 3.6387901e+00 
1.8383977e+04 3.6372354e+00 
1.8408989e+04 3.6376252e+00 
1.8434001e+04 3.6370966e+00 
1.8459013e+04 3.6367059e+00 
1.8484025e+04 3.6377110e+00 
1.8509038e+04 3.6387398e+00 
1.8534050e+04 3.6388516e+00 
1.8559062e+04 3.6376417e+00 
1.8584074e+04 3.6372094e+00 
1.8609086e+04 3.6349058e+00 
1.8634099e+04 3.6346414e+00 
1.8659111e+04 3.6343102e+00 
1.8684123e+04 3.6323600e+00 
1.8709135e+04 3.6310716e+00 
1.8734148e+04 3.6325016e+00 
1.8759160e+04 3.6311393e+00 
1.8784172e+04 3.6308467e+00 
1.8809184e+04 3.6308138e+00 
1.8834196e+04 3.6287267e+00 
1.8859209e+04 3.6297626e+00 
1.8884221e+04 3.6296191e+00 
1.8909233e+04 3.6293223e+00 
1.8934245e+04 3.6311688e+00 
1.8959257e+04 3.6321027e+00 
1.8984270e+04 3.6300232e+00 
1.9009282e+04 3.6302335e+00 
1.9034294e+04 3.6288900e+00 
1.9059306e+04 3.6267939e+00 
1.9084319e+04 3.6268804e+00 
1.9109331e+04 3.6260986e+00 
1.9134343e+04 3.6274250e+00 
1.9159355e+04 3.6266575e+00 
1.9184367e+04 3.6273196e+00 
1.9209380e+04 3.6277964e+00 
1.9234392e+04 3.6275914e+00 
1.9259404e+04 3.6264086e+00 
1.9284416e+04 3.6279962e+00 
1.9309428e+04 3.6256013e+00 
1.9334441e+04 3.6269107e+00 
1.9359453e+04 3.6280072e+00 
1.9384465e+04 3.6264851e+00 
1.9409477e+04 3.6273677e+00 
1.9434489e+04 3.6269107e+00 
1.9459502e+04 3.6294699e+00 
1.9484514e+04 3.6316955e+00 
1.9509526e+04 3.6312256e+00 
1.9534538e+04 3.6323895e+00 
1.9559551e+04 3.6344903e+00 
1.9584563e+04 3.6334798e+00 
1.9609575e+04 3.6337762e+00 
1.9634587e+04 3.6363325e+00 
1.9659599e+04 3.6356583e+00 
1.9684612e+04 3.6356597e+00 
1.9709624e+04 3.6353145e+00 
1.9734636e+04 3.6371834e+00 
1.9759648e+04 3.6364851e+00 
1.9784660e+04 3.6384492e+00 
1.9809673e+04 3.6391742e+00 
1.9834685e+04 3.6395030e+00 
1.9859697e+04 3.6386468e+00 
1.9884709e+04 3.6385670e+00 
1.9909722e+04 3.6398315e+00 
1.9934734e+04 3.6368275e+00 
1.9959746e+04 3.6386962e+00 
1.9984758e+04 3.6401682e+00 
2.0009770e+04 3.6393800e+00 
2.0034783e+04 3.6397586e+00 
2.0059795e+04 3.6402872e+00 
2.0084807e+04 3.6400645e+00 
2.0109819e+04 3.6409597e+00 
2.0134831e+04 3.6405091e+00 
2.0159844e+04 3.6389599e+00 
2.0184856e+04 3.6385040e+00 
2.0209868e+04 3.6374092e+00 
2.0234880e+04 3.6375518e+00 
2.0259893e+04 3.6379228e+00 
2.0284905e+04 3.6372702e+00 
2.0309917e+04 3.6381924e+00 
2.0334929e+04 3.6378081e+00 
2.0359941e+04 3.6366324e+00 
2.0384954e+04 3.6347473e+00 
2.0409966e+04 3.6359847e+00 
2.0434978e+04 3.6347523e+00 
2.0459990e+04 3.6356144e+00 
2.0485002e+04 3.6374681e+00 
2.0510015e+04 3.6394005e+00 
2.0535027e+04 3.6373687e+00 
2.0560039e+04 3.6356587e+00 
2.0585051e+04 3.6354876e+00 
2.0610064e+04 3.6340837e+00 
2.0635076e+04 3.6356976e+00 
2.0660088e+04 3.6349125e+00 
2.0685100e+04 3.6336086e+00 
2.0710112e+04 3.6353962e+00 
2.0735125e+04 3.6352761e+00 
2.0760137e+04 3.6359851e+00 
2.0785149e+04 3.6335511e+00 
2.0810161e+04 3.6294320e+00 
2.0835173e+04 3.6292088e+00 
2.0860186e+04 3.6293647e+00 
2.0885198e+04 3.6294119e+00 
2.0910210e+04 3.6273439e+00 
2.0935222e+04 3.6276302e+00 
2.0960234e+04 3.6284258e+00 
2.0985247e+04 3.6291444e+00 
2.1010259e+04 3.6301293e+00 
2.1035271e+04 3.6294329e+00 
2.1060283e+04 3.6304746e+00 
2.1085296e+04 3.6288979e+00 
2.1110308e+04 3.6262228e+00 
2.1135320e+04 3.6290963e+00 
2.1160332e+04 3.6296391e+00 
2.1185344e+04 3.6291156e+00 
2.1210357e+04 3.6292605e+00 
2.1235369e+04 3.6281948e+00 
2.1260381e+04 3.6272049e+00 
2.1285393e+04 3.6288989e+00 
2.1310405e+04 3.6286271e+00 
2.1335418e+04 3.6298473e+00 
2.1360430e+04 3.6330621e+00 
2.1385442e+04 3.6313059e+00 
2.1410454e+04 3.6323466e+00 
2.1435467e+04 3.6307008e+00 
2.1460479e+04 3.6299057e+00 
2.1485491e+04 3.6282496e+00 
2.1510503e+04 3.6291416e+00 
2.1535515e+04 3.6280115e+00 
2.1560528e+04 3.6280000e+00 
2.1585540e+04 3.6269898e+00 
2.1610552e+04 3.6267092e+00 
2.1635564e+04 3.6257279e+00 
2.1660576e+04 3.6247058e+00 
2.1685589e+04 3.6255903e+00 
2.1710601e+04 3.6253278e+00 
2.1735613e+04 3.6244204e+00 
2.1760625e+04 3.6219792e+00 
2.1785638e+04 3.6219876e+00 
2.1810650e+04 3.6222477e+00 
2.1835662e+04 3.6240811e+00 
2.1860674e+04 3.6237736e+00 
2.1885686e+04 3.6240840e+00 
2.1910699e+04 3.6235886e+00 
2.1935711e+04 3.6227503e+00 
2.1960723e+04 3.6242034e+00 
2.1985735e+04 3.6256373e+00 
2.2010747e+04 3.6281610e+00 
2.2035760e+04 3.6265624e+00 
2.2060772e+04 3.6275406e+00 
2.2085784e+04 3.6261916e+00 
2.2110796e+04 3.6284392e+00 
2.2135809e+04 3.6304801e+00 
2.2160821e+04 3.6311524e+00 
2.2185833e+04 3.6332545e+00 
2.2210845e+04 3.6333838e+00 
2.2235857e+04 3.6340330e+00 
2.2260870e+04 3.6338196e+00 
2.2285882e+04 3.6341541e+00 
2.2310894e+04 3.6331503e+00 
2.2335906e+04 3.6328790e+00 
2.2360918e+04 3.6324916e+00 
2.2385931e+04 3.6308429e+00 
2.2410943e+04 3.6310084e+00 
2.2435955e+04 3.6309206e+00 
2.2460967e+04 3.6314733e+00 
2.2485979e+04 3.6308823e+00 
2.2510992e+04 3.6311359e+00 
2.2536004e+04 3.6309175e+00 
2.2561016e+04 3.6309197e+00 
2.2586028e+04 3.6302400e+00 
2.2611041e+04 3.6313403e+00 
2.2636053e+04 3.6315122e+00 
2.2661065e+04 3.6336484e+00 
2.2686077e+04 3.6343048e+00 
2.2711089e+04 3.6340096e+00 
2.2736102e+04 3.6346080e+00 
2.2761114e+04 3.6328108e+00 
2.2786126e+04 3.6317968e+00 
2.2811138e+04 3.6320245e+00 
2.2836150e+04 3.6306715e+00 
2.2861163e+04 3.6316526e+00 
2.2886175e+04 3.6325614e+00 
2.2911187e+04 3.6325085e+00 
2.2936199e+04 3.6329443e+00 
2.2961212e+04 3.6309476e+00 
2.2986224e+04 3.6308434e+00 
2.3011236e+04 3.6280553e+00 
2.3036248e+04 3.6297343e+00 
2.3061260e+04 3.6290753e+00 
2.3086273e+04 3.6302528e+00 
2.3111285e+04 3.6295135e+00 
2.3136297e+04 3.6286490e+00 
2.3161309e+04 3.6314158e+00 
2.3186321e+04 3.6295276e+00 
2.3211334e+04 3.6309464e+00 
2.3236346e+04 3.6345243e+00 
2.3261358e+04 3.6336114e+00 
2.3286370e+04 3.6323879e+00 
2.3311383e+04 3.6310894e+00 
2.3336395e+04 3.6293681e+00 
2.3361407e+04 3.6266768e+00 
2.3386419e+04 3.6251690e+00 
2.3411431e+04 3.6248779e+00 
2.3436444e+04 3.6257164e+00 
2.3461456e+04 3.6252427e+00 
2.3486468e+04 3.6224782e+00 
2.3511480e+04 3.6250710e+00 
2.3536492e+04 3.6268227e+00 
2.3561505e+04 3.6250989e+00 
2.3586517e+04 3.6250286e+00 
2.3611529e+04 3.6278856e+00 
2.3636541e+04 3.6267459e+00 
2.3661553e+04 3.6279638e+00 
2.3686566e+04 3.6265938e+00 
2.3711578e+04 3.6251266e+00 
2.3736590e+04 3.6242471e+00 
2.3761602e+04 3.6231511e+00 
2.3786615e+04 3.6240740e+00 
2.3811627e+04 3.6235225e+00 
2.3836639e+04 3.6211407e+00 
2.3861651e+04 3.6201091e+00 
2.3886663e+04 3.6205440e+00 
2.3911676e+04 3.6190660e+00 
2.3936688e+04 3.6197579e+00 
2.3961700e+04 3.6204414e+00 
2.3986712e+04 3.6205602e+00 
2.4011724e+04 3.6212153e+00 
2.4036737e+04 3.6216855e+00 
2.4061749e+04 3.6216397e+00 
2.4086761e+04 3.6216140e+00 
2.4111773e+04 3.6178691e+00 
2.4136786e+04 3.6193824e+00 
2.4161798e+04 3.6194692e+00 
2.4186810e+04 3.6195960e+00 
2.4211822e+04 3.6213217e+00 
2.4236834e+04 3.6209514e+00 
2.4261847e+04 3.6205573e+00 
2.4286859e+04 3.6213510e+00 
2.4311871e+04 3.6234314e+00 
2.4336883e+04 3.6234872e+00 
2.4361895e+04 3.6221626e+00 
2.4386908e+04 3.6218605e+00 
2.4411920e+04 3.6232684e+00 
2.4436932e+04 3.6241472e+00 
2.4461944e+04 3.6247268e+00 
2.4486957e+04 3.6237314e+00 
2.4511969e+04 3.6228991e+00 
2.4536981e+04 3.6234314e+00 
2.4561993e+04 3.6230164e+00 
2.4587005e+04 3.6244442e+00 
2.4612018e+04 3.6258543e+00 
2.4637030e+04 3.6266062e+00 
2.4662042e+04 3.6280115e+00 
2.4687054e+04 3.6294467e+00 
2.4712066e+04 3.6302693e+00 
2.4737079e+04 3.6314807e+00 
2.4762091e+04 3.6334550e+00 
2.4787103e+04 3.6311648e+00 
2.4812115e+04 3.6307008e+00 
2.4837128e+04 3.6331952e+00 
2.4862140e+04 3.6312778e+00 
2.4887152e+04 3.6308951e+00 
2.4912164e+04 3.6300173e+00 
2.4937176e+04 3.6308408e+00 
2.4962189e+04 3.6296039e+00 
2.4987201e+04 3.6298518e+00 
2.5012213e+04 3.6310167e+00 
2.5037225e+04 3.6283174e+00 
2.5062237e+04 3.6277766e+00 
2.5087250e+04 3.6270986e+00 
2.5112262e+04 3.6287067e+00 
2.5137274e+04 3.6299758e+00 
2.5162286e+04 3.6290474e+00 
2.5187298e+04 3.6288164e+00 
2.5212311e+04 3.6269701e+00 
2.5237323e+04 3.6286709e+00 
2.5262335e+04 3.6289015e+00 
2.5287347e+04 3.6285882e+00 
2.5312360e+04 3.6306345e+00 
2.5337372e+04 3.6310387e+00 
2.5362384e+04 3.6296515e+00 
2.5387396e+04 3.6293437e+00 
2.5412408e+04 3.6295929e+00 
2.5437421e+04 3.6324668e+00 
2.5462433e+04 3.6345975e+00 
2.5487445e+04 3.6364667e+00 
2.5512457e+04 3.6384161e+00 
2.5537469e+04 3.6370502e+00 
2.5562482e+04 3.6374376e+00 
2.5587494e+04 3.6381884e+00 
2.5612506e+04 3.6394665e+00 
2.5637518e+04 3.6405220e+00 
2.5662531e+04 3.6399930e+00 
2.5687543e+04 3.6421127e+00 
2.5712555e+04 3.6436782e+00 
2.5737567e+04 3.6428320e+00 
2.5762579e+04 3.6434796e+00 
2.5787592e+04 3.6441743e+00 
2.5812604e+04 3.6478102e+00 
2.5837616e+04 3.6483438e+00 
2.5862628e+04 3.6477935e+00 
2.5887640e+04 3.6481595e+00 
2.5912653e+04 3.6482282e+00 
2.5937665e+04 3.6476519e+00 
2.5962677e+04 3.6464911e+00 
2.5987689e+04 3.6465456e+00 
2.6012702e+04 3.6449251e+00 
2.6037714e+04 3.6441417e+00 
2.6062726e+04 3.6438422e+00 
2.6087738e+04 3.6440556e+00 
2.6112750e+04 3.6416829e+00 
2.6137763e+04 3.6434362e+00 
2.6162775e+04 3.6451902e+00 
2.6187787e+04 3.6446605e+00 
2.6212799e+04 3.6444004e+00 
2.6237811e+04 3.6432741e+00 
2.6262824e+04 3.6418757e+00 
2.6287836e+04 3.6396084e+00 
2.6312848e+04 3.6390603e+00 
2.6337860e+04 3.6375914e+00 
2.6362872e+04 3.6370153e+00 
2.6387885e+04 3.6383808e+00 
2.6412897e+04 3.6389580e+00 
2.6437909e+04 3.6371925e+00 
2.6462921e+04 3.6380825e+00 
2.6487934e+04 3.6387227e+00 
2.6512946e+04 3.6372349e+00 
2.6537958e+04 3.6364548e+00 
2.6562970e+04 3.6351016e+00 
2.6587982e+04 3.6345801e+00 
2.6612995e+04 3.6338494e+00 
2.6638007e+04 3.6350131e+00 
2.6663019e+04 3.6348805e+00 
2.6688031e+04 3.6335418e+00 
2.6713043e+04 3.6367338e+00 
2.6738056e+04 3.6376581e+00 
2.6763068e+04 3.6377959e+00 
2.6788080e+04 3.6371810e+00 
2.6813092e+04 3.6379004e+00 
2.6838105e+04 3.6362760e+00 
2.6863117e+04 3.6369927e+00 
2.6888129e+04 3.6378963e+00 
2.6913141e+04 3.6378000e+00 
2.6938153e+04 3.6371710e+00 
2.6963166e+04 3.6374505e+00 
2.6988178e+04 3.6372213e+00 
2.7013190e+04 3.6379383e+00 
2.7038202e+04 3.6375120e+00 
2.7063214e+04 3.6364098e+00 
2.7088227e+04 3.6360090e+00 
2.7113239e+04 3.6380413e+00 
2.7138251e+04 3.6389339e+00 
2.7163263e+04 3.6389406e+00 
2.7188276e+04 3.6391647e+00 
2.7213288e+04 3.6387982e+00 
2.7238300e+04 3.6400623e+00 
2.7263312e+04 3.6409092e+00 
2.7288324e+04 3.6408608e+00 
2.7313337e+04 3.6415899e+00 
2.7338349e+04 3.6412826e+00 
2.7363361e+04 3.6411180e+00 
2.7388373e+04 3.6416273e+00 
2.7413385e+04 3.6406114e+00 
2.7438398e+04 3.6394520e+00 
2.7463410e+04 3.6391332e+00 
2.7488422e+04 3.6401374e+00 
2.7513434e+04 3.6404850e+00 
2.7538447e+04 3.6406109e+00 
2.7563459e+04 3.6424587e+00 
2.7588471e+04 3.6420903e+00 
2.7613483e+04 3.6415648e+00 
2.7638495e+04 3.6418083e+00 
2.7663508e+04 3.6419344e+00 
2.7688520e+04 3.6405489e+00 
2.7713532e+04 3.6428676e+00 
2.7738544e+04 3.6412606e+00 
2.7763556e+04 3.6430261e+00 
2.7788569e+04 3.6419222e+00 
2.7813581e+04 3.6415715e+00 
2.7838593e+04 3.6426082e+00 
2.7863605e+04 3.6411326e+00 
2.7888617e+04 3.6434922e+00 
2.7913630e+04 3.6435156e+00 
2.7938642e+04 3.6420062e+00 
2.7963654e+04 3.6417944e+00 
2.7988666e+04 3.6402972e+00 
2.8013679e+04 3.6387427e+00 
2.8038691e+04 3.6384630e+00 
2.8063703e+04 3.6367795e+00 
2.8088715e+04 3.6365297e+00 
2.8113727e+04 3.6354628e+00 
2.8138740e+04 3.6374071e+00 
2.8163752e+04 3.6394119e+00 
2.8188764e+04 3.6402369e+00 
2.8213776e+04 3.6385965e+00 
2.8238788e+04 3.6380112e+00 
2.8263801e+04 3.6382308e+00 
2.8288813e+04 3.6372218e+00 
2.8313825e+04 3.6379907e+00 
2.8338837e+04 3.6390743e+00 
2.8363850e+04 3.6366429e+00 
2.8388862e+04 3.6382535e+00 
2.8413874e+04 3.6390758e+00 
2.8438886e+04 3.6381094e+00 
2.8463898e+04 3.6347299e+00 
2.8488911e+04 3.6375484e+00 
2.8513923e+04 3.6371794e+00 
2.8538935e+04 3.6374111e+00 
2.8563947e+04 3.6367102e+00 
2.8588959e+04 3.6374326e+00 
2.8613972e+04 3.6382947e+00 
2.8638984e+04 3.6390803e+00 
2.8663996e+04 3.6385944e+00 
2.8689008e+04 3.6397552e+00 
2.8714021e+04 3.6406898e+00 
2.8739033e+04 3.6405385e+00 
2.8764045e+04 3.6374047e+00 
2.8789057e+04 3.6389666e+00 
2.8814069e+04 3.6398442e+00 
2.8839082e+04 3.6414909e+00 
2.8864094e+04 3.6414025e+00 
2.8889106e+04 3.6424861e+00 
2.8914118e+04 3.6411905e+00 
2.8939130e+04 3.6408708e+00 
2.8964143e+04 3.6410668e+00 
2.8989155e+04 3.6410766e+00 
2.9014167e+04 3.6396613e+00 
2.9039179e+04 3.6394684e+00 
2.9064191e+04 3.6386604e+00 
2.9089204e+04 3.6395848e+00 
2.9114216e+04 3.6395633e+00 
2.9139228e+04 3.6370735e+00 
2.9164240e+04 3.6382399e+00 
2.9189253e+04 3.6353824e+00 
2.9214265e+04 3.6342344e+00 
2.9239277e+04 3.6327729e+00 
2.9264289e+04 3.6334689e+00 
2.9289301e+04 3.6306720e+00 
2.9314314e+04 3.6336565e+00 
2.9339326e+04 3.6344514e+00 
2.9364338e+04 3.6342928e+00 
2.9389350e+04 3.6347089e+00 
2.9414362e+04 3.6353738e+00 
2.9439375e+04 3.6321328e+00 
2.9464387e+04 3.6335866e+00 
2.9489399e+04 3.6342409e+00 
2.9514411e+04 3.6304631e+00 
2.9539424e+04 3.6298742e+00 
2.9564436e+04 3.6312640e+00 
2.9589448e+04 3.6317170e+00 
2.9614460e+04 3.6315322e+00 
2.9639472e+04 3.6347797e+00 
2.9664485e+04 3.6348047e+00 
2.9689497e+04 3.6374946e+00 
2.9714509e+04 3.6362500e+00 
2.9739521e+04 3.6372542e+00 
2.9764533e+04 3.6395814e+00 
2.9789546e+04 3.6391149e+00 
2.9814558e+04 3.6392376e+00 
2.9839570e+04 3.6383877e+00 
2.9864582e+04 3.6400285e+00 
2.9889595e+04 3.6413271e+00 
2.9914607e+04 3.6387272e+00 
2.9939619e+04 3.6400003e+00 
2.9964631e+04 3.6416049e+00 
2.9989643e+04 3.6406400e+00 
3.0014656e+04 3.6412907e+00 
3.0039668e+04 3.6424127e+00 
3.0064680e+04 3.6428530e+00 
3.0089692e+04 3.6423078e+00 
3.0114704e+04 3.6423831e+00 
3.0139717e+04 3.6405416e+00 
3.0164729e+04 3.6400125e+00 
3.0189741e+04 3.6397707e+00 
3.0214753e+04 3.6414700e+00 
3.0239766e+04 3.6397653e+00 
3.0264778e+04 3.6408968e+00 
3.0289790e+04 3.6418784e+00 
3.0314802e+04 3.6394000e+00 
3.0339814e+04 3.6385684e+00 
3.0364827e+04 3.6378019e+00 
3.0389839e+04 3.6389389e+00 
3.0414851e+04 3.6392822e+00 
3.0439863e+04 3.6409922e+00 
3.0464875e+04 3.6419113e+00 
3.0489888e+04 3.6405549e+00 
3.0514900e+04 3.6431026e+00 
3.0539912e+04 3.6408522e+00 
3.0564924e+04 3.6396158e+00 
3.0589936e+04 3.6395929e+00 
3.0614949e+04 3.6376321e+00 
3.0639961e+04 3.6383493e+00 
3.0664973e+04 3.6385620e+00 
3.0689985e+04 3.6390824e+00 
3.0714998e+04 3.6392882e+00 
3.0740010e+04 3.6381125e+00 
3.0765022e+04 3.6382854e+00 
3.0790034e+04 3.6381841e+00 
3.0815046e+04 3.6359806e+00 
3.0840059e+04 3.6360295e+00 
3.0865071e+04 3.6352921e+00 
3.0890083e+04 3.6342750e+00 
3.0915095e+04 3.6362026e+00 
3.0940107e+04 3.6352346e+00 
3.0965120e+04 3.6355245e+00 
3.0990132e+04 3.6350451e+00 
3.1015144e+04 3.6359029e+00 
3.1040156e+04 3.6365001e+00 
3.1065169e+04 3.6360939e+00 
3.1090181e+04 3.6365461e+00 
3.1115193e+04 3.6359291e+00 
3.1140205e+04 3.6352661e+00 
3.1165217e+04 3.6359391e+00 
3.1190230e+04 3.6347303e+00 
3.1215242e+04 3.6361358e+00 
3.1240254e+04 3.6371970e+00 
3.1265266e+04 3.6396248e+00 
3.1290278e+04 3.6406665e+00 
3.1315291e+04 3.6412325e+00 
3.1340303e+04 3.6429477e+00 
3.1365315e+04 3.6430142e+00 
3.1390327e+04 3.6432140e+00 
3.1415340e+04 3.6442518e+00 
3.1440352e+04 3.6451397e+00 
3.1465364e+04 3.6433625e+00 
3.1490376e+04 3.6442907e+00 
3.1515388e+04 3.6458197e+00 
3.1540401e+04 3.6443777e+00 
3.1565413e+04 3.6450205e+00 
3.1590425e+04 3.6449201e+00 
3.1615437e+04 3.6463015e+00 
3.1640449e+04 3.6444204e+00 
3.1665462e+04 3.6449552e+00 
3.1690474e+04 3.6434586e+00 
3.1715486e+04 3.6436477e+00 
3.1740498e+04 3.6415365e+00 
3.1765511e+04 3.6415465e+00 
3.1790523e+04 3.6410377e+00 
3.1815535e+04 3.6398082e+00 
3.1840547e+04 3.6395140e+00 
3.1865559e+04 3.6415744e+00 
3.1890572e+04 3.6396623e+00 
3.1915584e+04 3.6401234e+00 
3.1940596e+04 3.6378739e+00 
3.1965608e+04 3.6367598e+00 
3.1990620e+04 3.6362412e+00 
3.2015633e+04 3.6342719e+00 
3.2040645e+04 3.6359017e+00 
3.2065657e+04 3.6353424e+00 
3.2090669e+04 3.6370277e+00 
3.2115681e+04 3.6381636e+00 
3.2140694e+04 3.6396184e+00 
3.2165706e+04 3.6383581e+00 
3.2190718e+04 3.6379569e+00 
3.2215730e+04 3.6377850e+00 
3.2240743e+04 3.6394296e+00 
3.2265755e+04 3.6371007e+00 
3.2290767e+04 3.6373601e+00 
3.2315779e+04 3.6360705e+00 
3.2340791e+04 3.6369114e+00 
3.2365804e+04 3.6374466e+00 
3.2390816e+04 3.6377935e+00 
3.2415828e+04 3.6389985e+00 
3.2440840e+04 3.6391482e+00 
3.2465852e+04 3.6380990e+00 
3.2490865e+04 3.6391168e+00 
3.2515877e+04 3.6384051e+00 
3.2540889e+04 3.6383123e+00 
3.2565901e+04 3.6410573e+00 
3.2590914e+04 3.6378634e+00 
3.2615926e+04 3.6381271e+00 
3.2640938e+04 3.6409004e+00 
3.2665950e+04 3.6415329e+00 
3.2690962e+04 3.6407778e+00 
3.2715975e+04 3.6412716e+00 
3.2740987e+04 3.6389744e+00 
3.2765999e+04 3.6385441e+00 
3.2791011e+04 3.6393969e+00 
3.2816023e+04 3.6384027e+00 
3.2841036e+04 3.6384091e+00 
3.2866048e+04 3.6386013e+00 
3.2891060e+04 3.6379538e+00 
3.2916072e+04 3.6364064e+00 
3.2941085e+04 3.6380002e+00 
3.2966097e+04 3.6414676e+00 
3.2991109e+04 3.6387098e+00 
3.3016121e+04 3.6409633e+00 
3.3041133e+04 3.6409552e+00 
3.3066146e+04 3.6414156e+00 
3.3091158e+04 3.6415184e+00 
3.3116170e+04 3.6417129e+00 
3.3141182e+04 3.6417394e+00 
3.3166194e+04 3.6440623e+00 
3.3191207e+04 3.6436117e+00 
3.3216219e+04 3.6418903e+00 
3.3241231e+04 3.6421993e+00 
3.3266243e+04 3.6435630e+00 
3.3291255e+04 3.6432636e+00 
3.3316268e+04 3.6438153e+00 
3.3341280e+04 3.6430397e+00 
3.3366292e+04 3.6419103e+00 
3.3391304e+04 3.6402092e+00 
3.3416317e+04 3.6375015e+00 
3.3441329e+04 3.6381896e+00 
3.3466341e+04 3.6366959e+00 
3.3491353e+04 3.6336286e+00 
3.3516365e+04 3.6354353e+00 
3.3541378e+04 3.6344688e+00 
3.3566390e+04 3.6327803e+00 
3.3591402e+04 3.6315017e+00 
3.3616414e+04 3.6309061e+00 
3.3641426e+04 3.6289876e+00 
3.3666439e+04 3.6273444e+00 
3.3691451e+04 3.6271338e+00 
3.3716463e+04 3.6267107e+00 
3.3741475e+04 3.6262851e+00 
3.3766488e+04 3.6257267e+00 
3.3791500e+04 3.6275246e+00 
3.3816512e+04 3.6262941e+00 
3.3841524e+04 3.6270607e+00 
3.3866536e+04 3.6273479e+00 
3.3891549e+04 3.6284168e+00 
3.3916561e+04 3.6296470e+00 
3.3941573e+04 3.6303880e+00 
3.3966585e+04 3.6282082e+00 
3.3991597e+04 3.6279697e+00 
3.4016610e+04 3.6290936e+00 
3.4041622e+04 3.6301279e+00 
3.4066634e+04 3.6310332e+00 
3.4091646e+04 3.6272447e+00 
3.4116659e+04 3.6249814e+00 
3.4141671e+04 3.6233220e+00 
3.4166683e+04 3.6237071e+00 
3.4191695e+04 3.6239352e+00 
3.4216707e+04 3.6249027e+00 
3.4241720e+04 3.6264822e+00 
3.4266732e+04 3.6277118e+00 
3.4291744e+04 3.6290259e+00 
3.4316756e+04 3.6279011e+00 
3.4341768e+04 3.6302788e+00 
3.4366781e+04 3.6304371e+00 
3.4391793e+04 3.6322136e+00 
3.4416805e+04 3.6322081e+00 
3.4441817e+04 3.6330152e+00 
3.4466830e+04 3.6332335e+00 
3.4491842e+04 3.6365147e+00 
3.4516854e+04 3.6390424e+00 
3.4541866e+04 3.6399245e+00 
3.4566878e+04 3.6427755e+00 
3.4591891e+04 3.6422422e+00 
3.4616903e+04 3.6427891e+00 
3.4641915e+04 3.6416020e+00 
3.4666927e+04 3.6413054e+00 
3.4691939e+04 3.6420372e+00 
3.4716952e+04 3.6411347e+00 
3.4741964e+04 3.6413066e+00 
3.4766976e+04 3.6417308e+00 
3.4791988e+04 3.6419663e+00 
3.4817000e+04 3.6405759e+00 
3.4842013e+04 3.6419528e+00 
3.4867025e+04 3.6426501e+00 
3.4892037e+04 3.6414430e+00 
3.4917049e+04 3.6413569e+00 
3.4942062e+04 3.6405184e+00 
3.4967074e+04 3.6389265e+00 
3.4992086e+04 3.6393712e+00 
3.5017098e+04 3.6398616e+00 
3.5042110e+04 3.6409593e+00 
3.5067123e+04 3.6424842e+00 
3.5092135e+04 3.6421688e+00 
3.5117147e+04 3.6410828e+00 
3.5142159e+04 3.6416800e+00 
3.5167171e+04 3.6411886e+00 
3.5192184e+04 3.6408522e+00 
3.5217196e+04 3.6415980e+00 
3.5242208e+04 3.6450865e+00 
3.5267220e+04 3.6456609e+00 
3.5292233e+04 3.6492877e+00 
3.5317245e+04 3.6482537e+00 
3.5342257e+04 3.6482236e+00 
3.5367269e+04 3.6497445e+00 
3.5392281e+04 3.6474288e+00 
3.5417294e+04 3.6459186e+00 
3.5442306e+04 3.6455400e+00 
3.5467318e+04 3.6476269e+00 
3.5492330e+04 3.6474047e+00 
3.5517342e+04 3.6475573e+00 
3.5542355e+04 3.6472664e+00 
3.5567367e+04 3.6467874e+00 
3.5592379e+04 3.6460912e+00 
3.5617391e+04 3.6465018e+00 
3.5642404e+04 3.6458635e+00 
3.5667416e+04 3.6454368e+00 
3.5692428e+04 3.6475723e+00 
3.5717440e+04 3.6470761e+00 
3.5742452e+04 3.6467650e+00 
3.5767465e+04 3.6465893e+00 
3.5792477e+04 3.6453629e+00 
3.5817489e+04 3.6447535e+00 
3.5842501e+04 3.6455569e+00 
3.5867513e+04 3.6450236e+00 
3.5892526e+04 3.6445584e+00 
3.5917538e+04 3.6430242e+00 
3.5942550e+04 3.6435580e+00 
3.5967562e+04 3.6422033e+00 
3.5992574e+04 3.6393781e+00 
3.6017587e+04 3.6414735e+00 
3.6042599e+04 3.6411097e+00 
3.6067611e+04 3.6404526e+00 
3.6092623e+04 3.6400650e+00 
3.6117636e+04 3.6399455e+00 
3.6142648e+04 3.6366639e+00 
3.6167660e+04 3.6372528e+00 
3.6192672e+04 3.6365983e+00 
3.6217684e+04 3.6351445e+00 
3.6242697e+04 3.6351547e+00 
3.6267709e+04 3.6357994e+00 
3.6292721e+04 3.6338365e+00 
3.6317733e+04 3.6323621e+00 
3.6342745e+04 3.6313453e+00 
3.6367758e+04 3.6311016e+00 
3.6392770e+04 3.6290603e+00 
3.6417782e+04 3.6286988e+00 
3.6442794e+04 3.6277127e+00 
3.6467807e+04 3.6276660e+00 
3.6492819e+04 3.6267610e+00 
3.6517831e+04 3.6274967e+00 
3.6542843e+04 3.6262474e+00 
3.6567855e+04 3.6280360e+00 
3.6592868e+04 3.6267903e+00 
3.6617880e+04 3.6278961e+00 
3.6642892e+04 3.6289587e+00 
3.6667904e+04 3.6293950e+00 
3.6692916e+04 3.6319354e+00 
3.6717929e+04 3.6306117e+00 
3.6742941e+04 3.6297677e+00 
3.6767953e+04 3.6287973e+00 
3.6792965e+04 3.6297851e+00 
3.6817978e+04 3.6315057e+00 
3.6842990e+04 3.6311059e+00 
3.6868002e+04 3.6310017e+00 
3.6893014e+04 3.6307533e+00 
3.6918026e+04 3.6307018e+00 
3.6943039e+04 3.6308832e+00 
3.6968051e+04 3.6313033e+00 
3.6993063e+04 3.6321073e+00 
3.7018075e+04 3.6329544e+00 
3.7043087e+04 3.6338305e+00 
3.7068100e+04 3.6345820e+00 
3.7093112e+04 3.6356509e+00 
3.7118124e+04 3.6353550e+00 
3.7143136e+04 3.6357994e+00 
3.7168149e+04 3.6349733e+00 
3.7193161e+04 3.6339755e+00 
3.7218173e+04 3.6346321e+00 
3.7243185e+04 3.6355765e+00 
3.7268197e+04 3.6365521e+00 
3.7293210e+04 3.6359961e+00 
3.7318222e+04 3.6365211e+00 
3.7343234e+04 3.6365545e+00 
3.7368246e+04 3.6356020e+00 
3.7393258e+04 3.6351264e+00 
3.7418271e+04 3.6347508e+00 
3.7443283e+04 3.6370118e+00 
3.7468295e+04 3.6362162e+00 
3.7493307e+04 3.6351752e+00 
3.7518319e+04 3.6349852e+00 
3.7543332e+04 3.6356497e+00 
3.7568344e+04 3.6363864e+00 
3.7593356e+04 3.6372185e+00 
3.7618368e+04 3.6396654e+00 
3.7643381e+04 3.6390283e+00 
3.7668393e+04 3.6409938e+00 
3.7693405e+04 3.6426697e+00 
3.7718417e+04 3.6419878e+00 
3.7743429e+04 3.6430066e+00 
3.7768442e+04 3.6424987e+00 
3.7793454e+04 3.6416254e+00 
3.7818466e+04 3.6418619e+00 
3.7843478e+04 3.6426086e+00 
3.7868490e+04 3.6447115e+00 
3.7893503e+04 3.6423891e+00 
3.7918515e+04 3.6424456e+00 
3.7943527e+04 3.6439106e+00 
3.7968539e+04 3.6428657e+00 
3.7993552e+04 3.6434662e+00 
3.8018564e+04 3.6447170e+00 
3.8043576e+04 3.6452708e+00 
3.8068588e+04 3.6464610e+00 
3.8093600e+04 3.6444213e+00 
3.8118613e+04 3.6440387e+00 
3.8143625e+04 3.6448445e+00 
3.8168637e+04 3.6433511e+00 
3.8193649e+04 3.6449447e+00 
3.8218661e+04 3.6460557e+00 
3.8243674e+04 3.6453307e+00 
3.8268686e+04 3.6467044e+00 
3.8293698e+04 3.6476278e+00 
3.8318710e+04 3.6470087e+00 
3.8343723e+04 3.6455898e+00 
3.8368735e+04 3.6470382e+00 
3.8393747e+04 3.6436450e+00 
3.8418759e+04 3.6434331e+00 
3.8443771e+04 3.6445115e+00 
3.8468784e+04 3.6445193e+00 
3.8493796e+04 3.6410501e+00 
3.8518808e+04 3.6407859e+00 
3.8543820e+04 3.6416204e+00 
3.8568832e+04 3.6409533e+00 
3.8593845e+04 3.6395752e+00 
3.8618857e+04 3.6364179e+00 
3.8643869e+04 3.6350162e+00 
3.8668881e+04 3.6351728e+00 
3.8693894e+04 3.6365836e+00 
3.8718906e+04 3.6369050e+00 
3.8743918e+04 3.6384752e+00 
3.8768930e+04 3.6384766e+00 
3.8793942e+04 3.6376691e+00 
3.8818955e+04 3.6365206e+00 
3.8843967e+04 3.6365390e+00 
3.8868979e+04 3.6390064e+00 
3.8893991e+04 3.6387208e+00 
3.8919003e+04 3.6374996e+00 
3.8944016e+04 3.6387966e+00 
3.8969028e+04 3.6397617e+00 
3.8994040e+04 3.6410286e+00 
3.9019052e+04 3.6380358e+00 
3.9044064e+04 3.6370831e+00 
3.9069077e+04 3.6361778e+00 
3.9094089e+04 3.6359029e+00 
3.9119101e+04 3.6351399e+00 
3.9144113e+04 3.6369479e+00 
3.9169126e+04 3.6401215e+00 
3.9194138e+04 3.6405015e+00 
3.9219150e+04 3.6415365e+00 
3.9244162e+04 3.6415584e+00 
3.9269174e+04 3.6421428e+00 
3.9294187e+04 3.6407263e+00 
3.9319199e+04 3.6406698e+00 
3.9344211e+04 3.6418674e+00 
3.9369223e+04 3.6426241e+00 
3.9394235e+04 3.6433482e+00 
3.9419248e+04 3.6439357e+00 
3.9444260e+04 3.6432881e+00 
3.9469272e+04 3.6440961e+00 
3.9494284e+04 3.6403031e+00 
3.9519297e+04 3.6386864e+00 
3.9544309e+04 3.6381834e+00 
3.9569321e+04 3.6375220e+00 
3.9594333e+04 3.6381536e+00 
3.9619345e+04 3.6407030e+00 
3.9644358e+04 3.6409967e+00 
3.9669370e+04 3.6412480e+00 
3.9694382e+04 3.6420317e+00 
3.9719394e+04 3.6424847e+00 
3.9744406e+04 3.6426022e+00 
3.9769419e+04 3.6432621e+00 
3.9794431e+04 3.6436982e+00 
3.9819443e+04 3.6446350e+00 
3.9844455e+04 3.6438973e+00 
3.9869468e+04 3.6453493e+00 
3.9894480e+04 3.6452553e+00 
3.9919492e+04 3.6449335e+00 
3.9944504e+04 3.6449945e+00 
3.9969516e+04 3.6468871e+00 
3.9994529e+04 3.6448255e+00 
4.0019541e+04 3.6438563e+00 
4.0044553e+04 3.6442642e+00 
4.0069565e+04 3.6423957e+00 
4.0094577e+04 3.6414745e+00 
4.0119590e+04 3.6412320e+00 
4.0144602e+04 3.6416919e+00 
4.0169614e+04 3.6415124e+00 
4.0194626e+04 3.6384351e+00 
4.0219638e+04 3.6373966e+00 
4.0244651e+04 3.6360869e+00 
4.0269663e+04 3.6361120e+00 
4.0294675e+04 3.6348646e+00 
4.0319687e+04 3.6337392e+00 
4.0344700e+04 3.6339991e+00 
4.0369712e+04 3.6337154e+00 
4.0394724e+04 3.6316607e+00 
4.0419736e+04 3.6341097e+00 
4.0444748e+04 3.6347113e+00 
4.0469761e+04 3.6337323e+00 
4.0494773e+04 3.6334949e+00 
4.0519785e+04 3.6331911e+00 
4.0544797e+04 3.6322474e+00 
4.0569809e+04 3.6317728e+00 
4.0594822e+04 3.6318560e+00 
4.0619834e+04 3.6318955e+00 
4.0644846e+04 3.6322010e+00 
4.0669858e+04 3.6313376e+00 
4.0694871e+04 3.6311841e+00 
4.0719883e+04 3.6321566e+00 
4.0744895e+04 3.6321745e+00 
4.0769907e+04 3.6323617e+00 
4.0794919e+04 3.6340809e+00 
4.0819932e+04 3.6333673e+00 
4.0844944e+04 3.6329572e+00 
4.0869956e+04 3.6333523e+00 
4.0894968e+04 3.6360869e+00 
4.0919980e+04 3.6358066e+00 
4.0944993e+04 3.6376123e+00 
4.0970005e+04 3.6391687e+00 
4.0995017e+04 3.6365776e+00 
4.1020029e+04 3.6370921e+00 
4.1045042e+04 3.6412015e+00 
4.1070054e+04 3.6415265e+00 
4.1095066e+04 3.6438081e+00 
4.1120078e+04 3.6436162e+00 
4.1145090e+04 3.6412535e+00 
4.1170103e+04 3.6404727e+00 
4.1195115e+04 3.6430840e+00 
4.1220127e+04 3.6433702e+00 
4.1245139e+04 3.6418023e+00 
4.1270151e+04 3.6419213e+00 
4.1295164e+04 3.6408992e+00 
4.1320176e+04 3.6392126e+00 
4.1345188e+04 3.6379628e+00 
4.1370200e+04 3.6397331e+00 
4.1395213e+04 3.6372614e+00 
4.1420225e+04 3.6367936e+00 
4.1445237e+04 3.6379857e+00 
4.1470249e+04 3.6380856e+00 
4.1495261e+04 3.6409912e+00 
4.1520274e+04 3.6406140e+00 
4.1545286e+04 3.6400824e+00 
4.1570298e+04 3.6403816e+00 
4.1595310e+04 3.6398182e+00 
4.1620322e+04 3.6374786e+00 
4.1645335e+04 3.6391618e+00 
4.1670347e+04 3.6377840e+00 
4.1695359e+04 3.6382294e+00 
4.1720371e+04 3.6396737e+00 
4.1745383e+04 3.6371925e+00 
4.1770396e+04 3.6384616e+00 
4.1795408e+04 3.6380053e+00 
4.1820420e+04 3.6373756e+00 
4.1845432e+04 3.6388600e+00 
4.1870445e+04 3.6375418e+00 
4.1895457e+04 3.6358614e+00 
4.1920469e+04 3.6367207e+00 
4.1945481e+04 3.6369894e+00 
4.1970493e+04 3.6384110e+00 
4.1995506e+04 3.6386158e+00 
4.2020518e+04 3.6388586e+00 
4.2045530e+04 3.6406391e+00 
4.2070542e+04 3.6413710e+00 
4.2095554e+04 3.6400833e+00 
4.2120567e+04 3.6376119e+00 
4.2145579e+04 3.6405230e+00 
4.2170591e+04 3.6393485e+00 
4.2195603e+04 3.6394064e+00 
4.2220616e+04 3.6409802e+00 
4.2245628e+04 3.6398022e+00 
4.2270640e+04 3.6423247e+00 
4.2295652e+04 3.6424186e+00 
4.2320664e+04 3.6420362e+00 
4.2345677e+04 3.6419787e+00 
4.2370689e+04 3.6392176e+00 
4.2395701e+04 3.6385849e+00 
4.2420713e+04 3.6403542e+00 
4.2445725e+04 3.6412830e+00 
4.2470738e+04 3.6400154e+00 
4.2495750e+04 3.6386969e+00 
4.2520762e+04 3.6367261e+00 
4.2545774e+04 3.6379957e+00 
4.2570787e+04 3.6391642e+00 
4.2595799e+04 3.6399884e+00 
4.2620811e+04 3.6390593e+00 
4.2645823e+04 3.6389065e+00 
4.2670835e+04 3.6402647e+00 
4.2695848e+04 3.6406784e+00 
4.2720860e+04 3.6415455e+00 
4.2745872e+04 3.6393192e+00 
4.2770884e+04 3.6398282e+00 
4.2795896e+04 3.6406209e+00 
4.2820909e+04 3.6401572e+00 
4.2845921e+04 3.6404490e+00 
4.2870933e+04 3.6397641e+00 
4.2895945e+04 3.6404111e+00 
4.2920957e+04 3.6404772e+00 
4.2945970e+04 3.6397498e+00 
4.2970982e+04 3.6391287e+00 
4.2995994e+04 3.6376123e+00 
4.3021006e+04 3.6353714e+00 
4.3046019e+04 3.6361942e+00 
4.3071031e+04 3.6375134e+00 
4.3096043e+04 3.6383991e+00 
4.3121055e+04 3.6365242e+00 
4.3146067e+04 3.6349318e+00 
4.3171080e+04 3.6375403e+00 
4.3196092e+04 3.6391449e+00 
4.3221104e+04 3.6409333e+00 
4.3246116e+04 3.6412671e+00 
4.3271128e+04 3.6400614e+00 
4.3296141e+04 3.6412191e+00 
4.3321153e+04 3.6410477e+00 
4.3346165e+04 3.6414764e+00 
4.3371177e+04 3.6418519e+00 
4.3396190e+04 3.6432340e+00 
4.3421202e+04 3.6410286e+00 
4.3446214e+04 3.6401877e+00 
4.3471226e+04 3.6400030e+00 
4.3496238e+04 3.6424692e+00 
4.3521251e+04 3.6425452e+00 
4.3546263e+04 3.6426902e+00 
4.3571275e+04 3.6441672e+00 
4.3596287e+04 3.6420922e+00 
4.3621299e+04 3.6413846e+00 
4.3646312e+04 3.6390884e+00 
4.3671324e+04 3.6379857e+00 
4.3696336e+04 3.6381400e+00 
4.3721348e+04 3.6380296e+00 
4.3746361e+04 3.6366079e+00 
4.3771373e+04 3.6367631e+00 
4.3796385e+04 3.6351058e+00 
4.3821397e+04 3.6331389e+00 
4.3846409e+04 3.6326687e+00 
4.3871422e+04 3.6318326e+00 
4.3896434e+04 3.6313970e+00 
4.3921446e+04 3.6294782e+00 
4.3946458e+04 3.6288886e+00 
4.3971470e+04 3.6293089e+00 
4.3996483e+04 3.6288068e+00 
4.4021495e+04 3.6277895e+00 
4.4046507e+04 3.6263642e+00 
4.4071519e+04 3.6265962e+00 
4.4096532e+04 3.6285808e+00 
4.4121544e+04 3.6268425e+00 
4.4146556e+04 3.6267715e+00 
4.4171568e+04 3.6269522e+00 
4.4196580e+04 3.6242635e+00 
4.4221593e+04 3.6243496e+00 
4.4246605e+04 3.6232069e+00 
4.4271617e+04 3.6228070e+00 
4.4296629e+04 3.6229501e+00 
4.4321641e+04 3.6213913e+00 
4.4346654e+04 3.6229239e+00 
4.4371666e+04 3.6240277e+00 
4.4396678e+04 3.6267180e+00 
4.4421690e+04 3.6242094e+00 
4.4446702e+04 3.6246169e+00 
4.4471715e+04 3.6254098e+00 
4.4496727e+04 3.6289504e+00 
4.4521739e+04 3.6278667e+00 
4.4546751e+04 3.6300881e+00 
4.4571764e+04 3.6328804e+00 
4.4596776e+04 3.6328785e+00 
4.4621788e+04 3.6334929e+00 
4.4646800e+04 3.6342549e+00 
4.4671812e+04 3.6338406e+00 
4.4696825e+04 3.6326752e+00 
4.4721837e+04 3.6333702e+00 
4.4746849e+04 3.6346679e+00 
4.4771861e+04 3.6347113e+00 
4.4796873e+04 3.6345761e+00 
4.4821886e+04 3.6349113e+00 
4.4846898e+04 3.6342838e+00 
4.4871910e+04 3.6336725e+00 
4.4896922e+04 3.6363418e+00 
4.4921935e+04 3.6348217e+00 
4.4946947e+04 3.6358213e+00 
4.4971959e+04 3.6365221e+00 
4.4996971e+04 3.6360784e+00 
4.5021983e+04 3.6356947e+00 
4.5046996e+04 3.6348765e+00 
4.5072008e+04 3.6381829e+00 
4.5097020e+04 3.6392117e+00 
4.5122032e+04 3.6395442e+00 
4.5147044e+04 3.6379597e+00 
4.5172057e+04 3.6393800e+00 
4.5197069e+04 3.6390378e+00 
4.5222081e+04 3.6399136e+00 
4.5247093e+04 3.6390715e+00 
4.5272106e+04 3.6383333e+00 
4.5297118e+04 3.6401672e+00 
4.5322130e+04 3.6410592e+00 
4.5347142e+04 3.6400495e+00 
4.5372154e+04 3.6416245e+00 
4.5397167e+04 3.6427567e+00 
4.5422179e+04 3.6405516e+00 
4.5447191e+04 3.6408799e+00 
4.5472203e+04 3.6406949e+00 
4.5497215e+04 3.6424961e+00 
4.5522228e+04 3.6396093e+00 
4.5547240e+04 3.6435206e+00 
4.5572252e+04 3.6449201e+00 
4.5597264e+04 3.6421587e+00 
4.5622277e+04 3.6405594e+00 
4.5647289e+04 3.6399236e+00 
4.5672301e+04 3.6378813e+00 
4.5697313e+04 3.6376493e+00 
4.5722325e+04 3.6386743e+00 
4.5747338e+04 3.6375768e+00 
4.5772350e+04 3.6364751e+00 
4.5797362e+04 3.6356614e+00 
4.5822374e+04 3.6344395e+00 
4.5847386e+04 3.6355162e+00 
4.5872399e+04 3.6346376e+00 
4.5897411e+04 3.6335089e+00 
4.5922423e+04 3.6324632e+00 
4.5947435e+04 3.6319668e+00 
4.5972447e+04 3.6306753e+00 
4.5997460e+04 3.6305473e+00 
4.6022472e+04 3.6315525e+00 
4.6047484e+04 3.6317470e+00 
4.6072496e+04 3.6335721e+00 
4.6097509e+04 3.6344733e+00 
4.6122521e+04 3.6327927e+00 
4.6147533e+04 3.6303859e+00 
4.6172545e+04 3.6285598e+00 
4.6197557e+04 3.6269526e+00 
4.6222570e+04 3.6262255e+00 
4.6247582e+04 3.6270707e+00 
4.6272594e+04 3.6272478e+00 
4.6297606e+04 3.6282506e+00 
4.6322618e+04 3.6295869e+00 
4.6347631e+04 3.6282506e+00 
4.6372643e+04 3.6292531e+00 
4.6397655e+04 3.6302688e+00 
4.6422667e+04 3.6306250e+00 
4.6447680e+04 3.6310253e+00 
4.6472692e+04 3.6281312e+00 
4.6497704e+04 3.6261499e+00 
4.6522716e+04 3.6241004e+00 
4.6547728e+04 3.6253169e+00 
4.6572741e+04 3.6254253e+00 
4.6597753e+04 3.6247954e+00 
4.6622765e+04 3.6269019e+00 
4.6647777e+04 3.6278422e+00 
4.6672789e+04 3.6276889e+00 
4.6697802e+04 3.6272771e+00 
4.6722814e+04 3.6261592e+00 
4.6747826e+04 3.6275525e+00 
4.6772838e+04 3.6297667e+00 
4.6797851e+04 3.6299102e+00 
4.6822863e+04 3.6292815e+00 
4.6847875e+04 3.6311722e+00 
4.6872887e+04 3.6310012e+00 
4.6897899e+04 3.6341846e+00 
4.6922912e+04 3.6340189e+00 
4.6947924e+04 3.6326342e+00 
4.6972936e+04 3.6315889e+00 
4.6997948e+04 3.6332884e+00 
4.7022960e+04 3.6339457e+00 
4.7047973e+04 3.6338069e+00 
4.7072985e+04 3.6335487e+00 
4.7097997e+04 3.6330960e+00 
4.7123009e+04 3.6341636e+00 
4.7148021e+04 3.6338699e+00 
4.7173034e+04 3.6356702e+00 
4.7198046e+04 3.6347272e+00 
4.7223058e+04 3.6358564e+00 
4.7248070e+04 3.6358354e+00 
4.7273083e+04 3.6364787e+00 
4.7298095e+04 3.6359611e+00 
4.7323107e+04 3.6358304e+00 
4.7348119e+04 3.6353967e+00 
4.7373131e+04 3.6351089e+00 
4.7398144e+04 3.6365983e+00 
4.7423156e+04 3.6343846e+00 
4.7448168e+04 3.6330435e+00 
4.7473180e+04 3.6316423e+00 
4.7498192e+04 3.6311982e+00 
4.7523205e+04 3.6316137e+00 
4.7548217e+04 3.6322224e+00 
4.7573229e+04 3.6316457e+00 
4.7598241e+04 3.6312649e+00 
4.7623254e+04 3.6334569e+00 
4.7648266e+04 3.6332719e+00 
4.7673278e+04 3.6312516e+00 
4.7698290e+04 3.6320136e+00 
4.7723302e+04 3.6339157e+00 
4.7748315e+04 3.6361363e+00 
4.7773327e+04 3.6377866e+00 
4.7798339e+04 3.6385300e+00 
4.7823351e+04 3.6374240e+00 
4.7848363e+04 3.6364326e+00 
4.7873376e+04 3.6357665e+00 
4.7898388e+04 3.6385539e+00 
4.7923400e+04 3.6373568e+00 
4.7948412e+04 3.6371126e+00 
4.7973425e+04 3.6403141e+00 
4.7998437e+04 3.6398761e+00 
4.8023449e+04 3.6372318e+00 
4.8048461e+04 3.6385510e+00 
4.8073473e+04 3.6396658e+00 
4.8098486e+04 3.6372230e+00 
4.8123498e+04 3.6364133e+00 
4.8148510e+04 3.6379423e+00 
4.8173522e+04 3.6376905e+00 
4.8198534e+04 3.6380875e+00 
4.8223547e+04 3.6391702e+00 
4.8248559e+04 3.6372633e+00 
4.8273571e+04 3.6363418e+00 
4.8298583e+04 3.6367457e+00 
4.8323596e+04 3.6353912e+00 
4.8348608e+04 3.6353693e+00 
4.8373620e+04 3.6351295e+00 
4.8398632e+04 3.6335402e+00 
4.8423644e+04 3.6324353e+00 
4.8448657e+04 3.6313143e+00 
4.8473669e+04 3.6296492e+00 
4.8498681e+04 3.6288645e+00 
4.8523693e+04 3.6302474e+00 
4.8548705e+04 3.6316242e+00 
4.8573718e+04 3.6314065e+00 
4.8598730e+04 3.6301143e+00 
4.8623742e+04 3.6292152e+00 
4.8648754e+04 3.6315918e+00 
4.8673766e+04 3.6313496e+00 
4.8698779e+04 3.6325281e+00 
4.8723791e+04 3.6327703e+00 
4.8748803e+04 3.6330111e+00 
4.8773815e+04 3.6326885e+00 
4.8798828e+04 3.6303835e+00 
4.8823840e+04 3.6313033e+00 
4.8848852e+04 3.6321721e+00 
4.8873864e+04 3.6315825e+00 
4.8898876e+04 3.6313527e+00 
4.8923889e+04 3.6306968e+00 
4.8948901e+04 3.6320136e+00 
4.8973913e+04 3.6329014e+00 
4.8998925e+04 3.6329339e+00 
4.9023937e+04 3.6316926e+00 
4.9048950e+04 3.6311245e+00 
4.9073962e+04 3.6331658e+00 
4.9098974e+04 3.6341102e+00 
4.9123986e+04 3.6338480e+00 
4.9148999e+04 3.6332715e+00 
4.9174011e+04 3.6338735e+00 
4.9199023e+04 3.6357241e+00 
4.9224035e+04 3.6362929e+00 
4.9249047e+04 3.6406739e+00 
4.9274060e+04 3.6378264e+00 
4.9299072e+04 3.6365585e+00 
4.9324084e+04 3.6355724e+00 
4.9349096e+04 3.6353049e+00 
4.9374108e+04 3.6333044e+00 
4.9399121e+04 3.6337214e+00 
4.9424133e+04 3.6364646e+00 
4.9449145e+04 3.6365426e+00 
4.9474157e+04 3.6365960e+00 
4.9499170e+04 3.6364901e+00 
4.9524182e+04 3.6363943e+00 
4.9549194e+04 3.6368077e+00 
4.9574206e+04 3.6362267e+00 
4.9599218e+04 3.6376712e+00 
4.9624231e+04 3.6387227e+00 
4.9649243e+04 3.6415849e+00 
4.9674255e+04 3.6405380e+00 
4.9699267e+04 3.6395438e+00 
4.9724279e+04 3.6422758e+00 
4.9749292e+04 3.6425102e+00 
4.9774304e+04 3.6409671e+00 
4.9799316e+04 3.6399214e+00 
4.9824328e+04 3.6404006e+00 
4.9849340e+04 3.6397796e+00 
4.9874353e+04 3.6394899e+00 
4.9899365e+04 3.6376882e+00 
4.9924377e+04 3.6391807e+00 
4.9949389e+04 3.6386678e+00 
4.9974402e+04 3.6391912e+00 
4.9999414e+04 3.6369903e+00 
5.0024426e+04 3.6387708e+00 
5.0049438e+04 3.6391811e+00 
5.0074450e+04 3.6363244e+00 
5.0099463e+04 3.6369269e+00 
5.0124475e+04 3.6342151e+00 
5.0149487e+04 3.6333830e+00 
5.0174499e+04 3.6331203e+00 
5.0199511e+04 3.6296890e+00 
5.0224524e+04 3.6312122e+00 
5.0249536e+04 3.6316242e+00 
5.0274548e+04 3.6321626e+00 
5.0299560e+04 3.6349528e+00 
5.0324573e+04 3.6347399e+00 
5.0349585e+04 3.6345696e+00 
5.0374597e+04 3.6327341e+00 
5.0399609e+04 3.6295595e+00 
5.0424621e+04 3.6312296e+00 
5.0449634e+04 3.6284707e+00 
5.0474646e+04 3.6274199e+00 
5.0499658e+04 3.6285753e+00 
5.0524670e+04 3.6294110e+00 
5.0549682e+04 3.6273310e+00 
5.0574695e+04 3.6286659e+00 
5.0599707e+04 3.6283388e+00 
5.0624719e+04 3.6281888e+00 
5.0649731e+04 3.6285021e+00 
5.0674744e+04 3.6269779e+00 
5.0699756e+04 3.6254113e+00 
5.0724768e+04 3.6252928e+00 
5.0749780e+04 3.6250482e+00 
5.0774792e+04 3.6261084e+00 
5.0799805e+04 3.6244781e+00 
5.0824817e+04 3.6236255e+00 
5.0849829e+04 3.6224589e+00 
5.0874841e+04 3.6224430e+00 
5.0899853e+04 3.6236548e+00 
5.0924866e+04 3.6257546e+00 
5.0949878e+04 3.6263404e+00 
5.0974890e+04 3.6261747e+00 
5.0999902e+04 3.6261897e+00 
5.1024915e+04 3.6257555e+00 
5.1049927e+04 3.6263549e+00 
5.1074939e+04 3.6263788e+00 
5.1099951e+04 3.6293337e+00 
5.1124963e+04 3.6273196e+00 
5.1149976e+04 3.6292477e+00 
5.1174988e+04 3.6305997e+00 
5.1200000e+04 3.6306953e+00 
