0.0000000e+00 3.7739172e+00 
5.0024426e+01 3.9073095e+00 
1.0004885e+02 4.0391946e+00 
1.5007328e+02 4.1655793e+00 
2.0009770e+02 4.2861776e+00 
2.5012213e+02 4.4015245e+00 
3.0014656e+02 4.5084138e+00 
3.5017098e+02 4.6114759e+00 
4.0019541e+02 4.7033381e+00 
4.5021983e+02 4.7858958e+00 
5.0024426e+02 4.8606009e+00 
5.5026869e+02 4.9226713e+00 
6.0029311e+02 4.9736037e+00 
6.5031754e+02 5.0148811e+00 
7.0034196e+02 5.0431776e+00 
7.5036639e+02 5.0599561e+00 
8.0039082e+02 5.0637903e+00 
8.5041524e+02 5.0575595e+00 
9.0043967e+02 5.0369444e+00 
9.5046409e+02 5.0067244e+00 
1.0004885e+03 4.9639988e+00 
1.0505129e+03 4.9082446e+00 
1.1005374e+03 4.8427796e+00 
1.1505618e+03 4.7690086e+00 
1.2005862e+03 4.6835246e+00 
1.2506106e+03 4.5887375e+00 
1.3006351e+03 4.4866400e+00 
1.3506595e+03 4.3735008e+00 
1.4006839e+03 4.2587314e+00 
1.4507084e+03 4.1354327e+00 
1.5007328e+03 4.0131192e+00 
1.5507572e+03 3.8802114e+00 
1.6007816e+03 3.7489998e+00 
1.6508061e+03 3.6144872e+00 
1.7008305e+03 3.4787097e+00 
1.7508549e+03 3.3471482e+00 
1.8008793e+03 3.2161109e+00 
1.8509038e+03 3.0889194e+00 
1.9009282e+03 2.9675574e+00 
1.9509526e+03 2.8458836e+00 
2.0009770e+03 2.7342155e+00 
2.0510015e+03 2.6305189e+00 
2.1010259e+03 2.5338120e+00 
2.1510503e+03 2.4464254e+00 
2.2010747e+03 2.3683333e+00 
2.2510992e+03 2.3021097e+00 
2.3011236e+03 2.2416267e+00 
2.3511480e+03 2.1937554e+00 
2.4011724e+03 2.1614077e+00 
2.4511969e+03 2.1373088e+00 
2.5012213e+03 2.1286440e+00 
2.5512457e+03 2.1291254e+00 
2.6012702e+03 2.1406803e+00 
2.6512946e+03 2.1681623e+00 
2.7013190e+03 2.2063210e+00 
2.7513434e+03 2.2537229e+00 
2.8013679e+03 2.3161373e+00 
2.8513923e+03 2.3876410e+00 
2.9014167e+03 2.4675851e+00 
2.9514411e+03 2.5577645e+00 
3.0014656e+03 2.6573362e+00 
3.0514900e+03 2.7646823e+00 
3.1015144e+03 2.8786569e+00 
3.1515388e+03 2.9968572e+00 
3.2015633e+03 3.1183939e+00 
3.2515877e+03 3.2470779e+00 
3.3016121e+03 3.3819003e+00 
3.3516365e+03 3.5152299e+00 
3.4016610e+03 3.6465652e+00 
3.4516854e+03 3.7791915e+00 
3.5017098e+03 3.9121583e+00 
3.5517342e+03 4.0406184e+00 
3.6017587e+03 4.1655793e+00 
3.6517831e+03 4.2856956e+00 
3.7018075e+03 4.4000745e+00 
3.7518319e+03 4.5098648e+00 
3.8018564e+03 4.6129265e+00 
3.8518808e+03 4.7052703e+00 
3.9019052e+03 4.7883077e+00 
3.9519297e+03 4.8625264e+00 
4.0019541e+03 4.9245944e+00 
4.0519785e+03 4.9740839e+00 
4.1020029e+03 5.0144014e+00 
4.1520274e+03 5.0426979e+00 
4.2020518e+03 5.0609145e+00 
4.2520762e+03 5.0647488e+00 
4.3021006e+03 5.0556417e+00 
4.3521251e+03 5.0359850e+00 
4.4021495e+03 5.0038457e+00 
4.4521739e+03 4.9606361e+00 
4.5021983e+03 4.9043970e+00 
4.5522228e+03 4.8389258e+00 
4.6022472e+03 4.7617698e+00 
4.6522716e+03 4.6772413e+00 
4.7022960e+03 4.5829320e+00 
4.7523205e+03 4.4779315e+00 
4.8023449e+03 4.3677044e+00 
4.8523693e+03 4.2515140e+00 
4.9023937e+03 4.1282630e+00 
4.9524182e+03 4.0000701e+00 
5.0024426e+03 3.8710370e+00 
5.0524670e+03 3.7365479e+00 
5.1024915e+03 3.6029928e+00 
5.1525159e+03 3.4686105e+00 
5.2025403e+03 3.3345904e+00 
5.2525647e+03 3.2044971e+00 
5.3025892e+03 3.0753994e+00 
5.3526136e+03 2.9522126e+00 
5.4026380e+03 2.8368821e+00 
5.4526624e+03 2.7250547e+00 
5.5026869e+03 2.6219029e+00 
5.5527113e+03 2.5261431e+00 
5.6027357e+03 2.4382443e+00 
5.6527601e+03 2.3591571e+00 
5.7027846e+03 2.2914660e+00 
5.7528090e+03 2.2343700e+00 
5.8028334e+03 2.1903734e+00 
5.8528578e+03 2.1565847e+00 
5.9028823e+03 2.1353829e+00 
5.9529067e+03 2.1276817e+00 
6.0029311e+03 2.1291254e+00 
6.0529555e+03 2.1426072e+00 
6.1029800e+03 2.1710579e+00 
6.1530044e+03 2.2121224e+00 
6.2030288e+03 2.2648523e+00 
6.2530532e+03 2.3287101e+00 
6.3030777e+03 2.3977711e+00 
6.3531021e+03 2.4829600e+00 
6.4031265e+03 2.5745218e+00 
6.4531510e+03 2.6731539e+00 
6.5031754e+03 2.7807078e+00 
6.5531998e+03 2.8967576e+00 
6.6032242e+03 3.0170636e+00 
6.6532487e+03 3.1430533e+00 
6.7032731e+03 3.2741671e+00 
6.7532975e+03 3.4069760e+00 
6.8033219e+03 3.5421104e+00 
6.8533464e+03 3.6781528e+00 
6.9033708e+03 3.8123047e+00 
6.9533952e+03 3.9437551e+00 
7.0034196e+03 4.0719891e+00 
7.0534441e+03 4.1957808e+00 
7.1034685e+03 4.3165445e+00 
7.1534929e+03 4.4314976e+00 
7.2035173e+03 4.5379305e+00 
7.2535418e+03 4.6395288e+00 
7.3035662e+03 4.7289400e+00 
7.3535906e+03 4.8080797e+00 
7.4036150e+03 4.8793764e+00 
7.4536395e+03 4.9404569e+00 
7.5036639e+03 4.9884868e+00 
7.5536883e+03 5.0235152e+00 
7.6037128e+03 5.0508480e+00 
7.6537372e+03 5.0623527e+00 
7.7037616e+03 5.0618730e+00 
7.7537860e+03 5.0498896e+00 
7.8038105e+03 5.0268726e+00 
7.8538349e+03 4.9894476e+00 
7.9038593e+03 4.9423790e+00 
7.9538837e+03 4.8827453e+00 
8.0039082e+03 4.8119369e+00 
8.0539326e+03 4.7337694e+00 
8.1039570e+03 4.6429138e+00 
8.1539814e+03 4.5442214e+00 
8.2040059e+03 4.4363332e+00 
8.2540303e+03 4.3232975e+00 
8.3040547e+03 4.2020192e+00 
8.3540791e+03 4.0786533e+00 
8.4041036e+03 3.9496052e+00 
8.4541280e+03 3.8166285e+00 
8.5041524e+03 3.6862884e+00 
8.5541768e+03 3.5526648e+00 
8.6042013e+03 3.4180605e+00 
8.6542257e+03 3.2862575e+00 
8.7042501e+03 3.1551454e+00 
8.7542745e+03 3.0266941e+00 
8.8042990e+03 2.9048665e+00 
8.8543234e+03 2.7904465e+00 
8.9043478e+03 2.6798687e+00 
8.9543723e+03 2.5802658e+00 
9.0043967e+03 2.4882424e+00 
9.0544211e+03 2.4035578e+00 
9.1044455e+03 2.3325779e+00 
9.1544700e+03 2.2677557e+00 
9.2044944e+03 2.2140565e+00 
9.2545188e+03 2.1763675e+00 
9.3045432e+03 2.1469436e+00 
9.3545677e+03 2.1286440e+00 
9.4045921e+03 2.1252761e+00 
9.4546165e+03 2.1329756e+00 
9.5046409e+03 2.1536918e+00 
9.5546654e+03 2.1874750e+00 
9.6046898e+03 2.2309837e+00 
9.6547142e+03 2.2871113e+00 
9.7047386e+03 2.3572249e+00 
9.7547631e+03 2.4334302e+00 
9.8047875e+03 2.5203900e+00 
9.8548119e+03 2.6161597e+00 
9.9048363e+03 2.7192743e+00 
9.9548608e+03 2.8321486e+00 
1.0004885e+04 2.9474211e+00 
1.0054910e+04 3.0691242e+00 
1.0104934e+04 3.1962707e+00 
1.0154958e+04 3.3292763e+00 
1.0204983e+04 3.4638000e+00 
1.0255007e+04 3.5982020e+00 
1.0305032e+04 3.7317600e+00 
1.0355056e+04 3.8647645e+00 
1.0405081e+04 3.9946568e+00 
1.0455105e+04 4.1206188e+00 
1.0505129e+04 4.2438178e+00 
1.0555154e+04 4.3623919e+00 
1.0605178e+04 4.4726095e+00 
1.0655203e+04 4.5751901e+00 
1.0705227e+04 4.6719241e+00 
1.0755252e+04 4.7608047e+00 
1.0805276e+04 4.8374801e+00 
1.0855300e+04 4.9053588e+00 
1.0905325e+04 4.9591951e+00 
1.0955349e+04 5.0028858e+00 
1.1005374e+04 5.0355053e+00 
1.1055398e+04 5.0556417e+00 
1.1105423e+04 5.0618730e+00 
1.1155447e+04 5.0570798e+00 
1.1205471e+04 5.0417385e+00 
1.1255496e+04 5.0134420e+00 
1.1305520e+04 4.9740839e+00 
1.1355545e+04 4.9231515e+00 
1.1405569e+04 4.8596377e+00 
1.1455594e+04 4.7849307e+00 
1.1505618e+04 4.7004385e+00 
1.1555642e+04 4.6071215e+00 
1.1605667e+04 4.5064783e+00 
1.1655691e+04 4.3952417e+00 
1.1705716e+04 4.2770257e+00 
1.1755740e+04 4.1569600e+00 
1.1805765e+04 4.0311289e+00 
1.1855789e+04 3.9005270e+00 
1.1905813e+04 3.7672064e+00 
1.1955838e+04 3.6341193e+00 
1.2005862e+04 3.4988978e+00 
1.2055887e+04 3.3654940e+00 
1.2105911e+04 3.2335308e+00 
1.2155936e+04 3.1029286e+00 
1.2205960e+04 2.9781172e+00 
1.2255984e+04 2.8591678e+00 
1.2306009e+04 2.7433884e+00 
1.2356033e+04 2.6396151e+00 
1.2406058e+04 2.5400414e+00 
1.2456082e+04 2.4512365e+00 
1.2506106e+04 2.3731616e+00 
1.2556131e+04 2.3045285e+00 
1.2606155e+04 2.2459812e+00 
1.2656180e+04 2.1990707e+00 
1.2706204e+04 2.1604431e+00 
1.2756229e+04 2.1387537e+00 
1.2806253e+04 2.1267195e+00 
1.2856277e+04 2.1267195e+00 
1.2906302e+04 2.1401985e+00 
1.2956326e+04 2.1662321e+00 
1.3006351e+04 2.2039042e+00 
1.3056375e+04 2.2542069e+00 
1.3106400e+04 2.3161373e+00 
1.3156424e+04 2.3857110e+00 
1.3206448e+04 2.4675851e+00 
1.3256473e+04 2.5587220e+00 
1.3306497e+04 2.6573362e+00 
1.3356522e+04 2.7661371e+00 
1.3406546e+04 2.8800845e+00 
1.3456571e+04 2.9997420e+00 
1.3506595e+04 3.1270957e+00 
1.3556619e+04 3.2548187e+00 
1.3606644e+04 3.3881707e+00 
1.3656668e+04 3.5224326e+00 
1.3706693e+04 3.6561377e+00 
1.3756717e+04 3.7873445e+00 
1.3806742e+04 3.9233222e+00 
1.3856766e+04 4.0539169e+00 
1.3906790e+04 4.1761198e+00 
1.3956815e+04 4.2991886e+00 
1.4006839e+04 4.4145761e+00 
1.4056864e+04 4.5224462e+00 
1.4106888e+04 4.6250196e+00 
1.4156913e+04 4.7158990e+00 
1.4206937e+04 4.7965069e+00 
1.4256961e+04 4.8716745e+00 
1.4306986e+04 4.9327664e+00 
1.4357010e+04 4.9832072e+00 
1.4407035e+04 5.0211172e+00 
1.4457059e+04 5.0446153e+00 
1.4507084e+04 5.0604353e+00 
1.4557108e+04 5.0628319e+00 
1.4607132e+04 5.0503683e+00 
1.4657157e+04 5.0287914e+00 
1.4707181e+04 4.9932871e+00 
1.4757206e+04 4.9443011e+00 
1.4807230e+04 4.8865952e+00 
1.4857255e+04 4.8177214e+00 
1.4907279e+04 4.7352180e+00 
1.4957303e+04 4.6467824e+00 
1.5007328e+04 4.5476093e+00 
1.5057352e+04 4.4377837e+00 
1.5107377e+04 4.3237801e+00 
1.5157401e+04 4.2039390e+00 
1.5207426e+04 4.0781770e+00 
1.5257450e+04 3.9515560e+00 
1.5307474e+04 3.8156674e+00 
1.5357499e+04 3.6791101e+00 
1.5407523e+04 3.5469081e+00 
1.5457548e+04 3.4122779e+00 
1.5507572e+04 3.2780366e+00 
1.5557596e+04 3.1469228e+00 
1.5607621e+04 3.0185075e+00 
1.5657645e+04 2.8991418e+00 
1.5707670e+04 2.7836273e+00 
1.5757694e+04 2.6712358e+00 
1.5807719e+04 2.5721283e+00 
1.5857743e+04 2.4815192e+00 
1.5907767e+04 2.3958418e+00 
1.5957792e+04 2.3233914e+00 
1.6007816e+04 2.2614651e+00 
1.6057841e+04 2.2097051e+00 
1.6107865e+04 2.1715405e+00 
1.6157890e+04 2.1435704e+00 
1.6207914e+04 2.1286440e+00 
1.6257938e+04 2.1272006e+00 
1.6307963e+04 2.1358643e+00 
1.6357987e+04 2.1585138e+00 
1.6408012e+04 2.1937554e+00 
1.6458036e+04 2.2396915e+00 
1.6508061e+04 2.2982395e+00 
1.6558085e+04 2.3678505e+00 
1.6608109e+04 2.4469066e+00 
1.6658134e+04 2.5352497e+00 
1.6708158e+04 2.6324339e+00 
1.6758183e+04 2.7351809e+00 
1.6808207e+04 2.8515744e+00 
1.6858232e+04 2.9704366e+00 
1.6908256e+04 3.0947154e+00 
1.6958280e+04 3.2253051e+00 
1.7008305e+04 3.3582532e+00 
1.7058329e+04 3.4912086e+00 
1.7108354e+04 3.6274161e+00 
1.7158378e+04 3.7633724e+00 
1.7208403e+04 3.8961692e+00 
1.7258427e+04 4.0278091e+00 
1.7308451e+04 4.1493025e+00 
1.7358476e+04 4.2726917e+00 
1.7408500e+04 4.3899264e+00 
1.7458525e+04 4.4997039e+00 
1.7508549e+04 4.6032515e+00 
1.7558574e+04 4.6980228e+00 
1.7608598e+04 4.7801065e+00 
1.7658622e+04 4.8553033e+00 
1.7708647e+04 4.9188247e+00 
1.7758671e+04 4.9712029e+00 
1.7808696e+04 5.0124822e+00 
1.7858720e+04 5.0412598e+00 
1.7908745e+04 5.0580382e+00 
1.7958769e+04 5.0628319e+00 
1.8008793e+04 5.0556417e+00 
1.8058818e+04 5.0335870e+00 
1.8108842e+04 5.0038457e+00 
1.8158867e+04 4.9577537e+00 
1.8208891e+04 4.9005489e+00 
1.8258915e+04 4.8369980e+00 
1.8308940e+04 4.7593570e+00 
1.8358964e+04 4.6719241e+00 
1.8408989e+04 4.5776091e+00 
1.8459013e+04 4.4692235e+00 
1.8509038e+04 4.3551493e+00 
1.8559062e+04 4.2380476e+00 
1.8609086e+04 4.1139345e+00 
1.8659111e+04 3.9872854e+00 
1.8709135e+04 3.8570492e+00 
1.8759160e+04 3.7226639e+00 
1.8809184e+04 3.5881407e+00 
1.8859209e+04 3.4532146e+00 
1.8909233e+04 3.3186460e+00 
1.8959257e+04 3.1880448e+00 
1.9009282e+04 3.0599563e+00 
1.9059306e+04 2.9364080e+00 
1.9109331e+04 2.8212743e+00 
1.9159355e+04 2.7077253e+00 
1.9209380e+04 2.6056311e+00 
1.9259404e+04 2.5098393e+00 
1.9309428e+04 2.4233170e+00 
1.9359453e+04 2.3465953e+00 
1.9409477e+04 2.2798531e+00 
1.9459502e+04 2.2246957e+00 
1.9509526e+04 2.1816790e+00 
1.9559551e+04 2.1522453e+00 
1.9609575e+04 2.1315317e+00 
1.9659599e+04 2.1238329e+00 
1.9709624e+04 2.1320131e+00 
1.9759648e+04 2.1493530e+00 
1.9809673e+04 2.1821620e+00 
1.9859697e+04 2.2237282e+00 
1.9909722e+04 2.2764659e+00 
1.9959746e+04 2.3422458e+00 
2.0009770e+04 2.4184992e+00 
2.0059795e+04 2.5031226e+00 
2.0109819e+04 2.5974953e+00 
2.0159844e+04 2.6985922e+00 
2.0209868e+04 2.8090115e+00 
2.0259893e+04 2.9172807e+00 
2.0309917e+04 3.0223594e+00 
2.0359941e+04 3.1217778e+00 
2.0409966e+04 3.2204659e+00 
2.0459990e+04 3.3089805e+00 
2.0510015e+04 3.3934760e+00 
2.0560039e+04 3.4710159e+00 
2.0610064e+04 3.5397117e+00 
2.0660088e+04 3.6053874e+00 
2.0710112e+04 3.6661887e+00 
2.0760137e+04 3.7188339e+00 
2.0810161e+04 3.7676861e+00 
2.0860186e+04 3.8046212e+00 
2.0910210e+04 3.8406725e+00 
2.0960234e+04 3.8729677e+00 
2.1010259e+04 3.8971376e+00 
2.1060283e+04 3.9174950e+00 
2.1110308e+04 3.9349902e+00 
2.1160332e+04 3.9437551e+00 
2.1210357e+04 3.9500930e+00 
2.1260381e+04 3.9535079e+00 
2.1310405e+04 3.9515560e+00 
2.1360430e+04 3.9461915e+00 
2.1410454e+04 3.9359634e+00 
2.1460479e+04 3.9233222e+00 
2.1510503e+04 3.9063401e+00 
2.1560528e+04 3.8874617e+00 
2.1610552e+04 3.8594596e+00 
2.1660576e+04 3.8334551e+00 
2.1710601e+04 3.8017399e+00 
2.1760625e+04 3.7686446e+00 
2.1810650e+04 3.7308025e+00 
2.1860674e+04 3.6877244e+00 
2.1910699e+04 3.6494370e+00 
2.1960723e+04 3.6044295e+00 
2.2010747e+04 3.5555420e+00 
2.2060772e+04 3.5051436e+00 
2.2110796e+04 3.4522521e+00 
2.2160821e+04 3.3963695e+00 
2.2210845e+04 3.3394208e+00 
2.2260870e+04 3.2809384e+00 
2.2310894e+04 3.2170784e+00 
2.2360918e+04 3.1575639e+00 
2.2410943e+04 3.0932665e+00 
2.2460967e+04 3.0295842e+00 
2.2510992e+04 2.9670775e+00 
2.2561016e+04 2.9000959e+00 
2.2611041e+04 2.8387766e+00 
2.2661065e+04 2.7739029e+00 
2.2711089e+04 2.7086873e+00 
2.2761114e+04 2.6467981e+00 
2.2811138e+04 2.5864880e+00 
2.2861163e+04 2.5271020e+00 
2.2911187e+04 2.4738326e+00 
2.2961212e+04 2.4199448e+00 
2.3011236e+04 2.3688164e+00 
2.3061260e+04 2.3204899e+00 
2.3111285e+04 2.2764659e+00 
2.3161309e+04 2.2382402e+00 
2.3211334e+04 2.2068045e+00 
2.3261358e+04 2.1778162e+00 
2.3311383e+04 2.1561024e+00 
2.3361407e+04 2.1406803e+00 
2.3411431e+04 2.1286440e+00 
2.3461456e+04 2.1233521e+00 
2.3511480e+04 2.1272006e+00 
2.3561505e+04 2.1344199e+00 
2.3611529e+04 2.1517632e+00 
2.3661553e+04 2.1744366e+00 
2.3711578e+04 2.2039042e+00 
2.3761602e+04 2.2416267e+00 
2.3811627e+04 2.2861435e+00 
2.3861651e+04 2.3388624e+00 
2.3911676e+04 2.3987358e+00 
2.3961700e+04 2.4642203e+00 
2.4011724e+04 2.5357292e+00 
2.4061749e+04 2.6142452e+00 
2.4111773e+04 2.6961901e+00 
2.4161798e+04 2.7889843e+00 
2.4211822e+04 2.8843689e+00 
2.4261847e+04 2.9814794e+00 
2.4311871e+04 3.0874703e+00 
2.4361895e+04 3.1943355e+00 
2.4411920e+04 3.3031800e+00 
2.4461944e+04 3.4151692e+00 
2.4511969e+04 3.5291529e+00 
2.4561993e+04 3.6432140e+00 
2.4612018e+04 3.7590606e+00 
2.4662042e+04 3.8739331e+00 
2.4712066e+04 3.9902327e+00 
2.4762091e+04 4.1010509e+00 
2.4812115e+04 4.2092199e+00 
2.4862140e+04 4.3155804e+00 
2.4912164e+04 4.4150591e+00 
2.4962189e+04 4.5108323e+00 
2.5012213e+04 4.6037354e+00 
2.5062237e+04 4.6878748e+00 
2.5112262e+04 4.7651477e+00 
2.5162286e+04 4.8341074e+00 
2.5212311e+04 4.8938131e+00 
2.5262335e+04 4.9462233e+00 
2.5312360e+04 4.9889669e+00 
2.5362384e+04 5.0206375e+00 
2.5412408e+04 5.0450950e+00 
2.5462433e+04 5.0599561e+00 
2.5512457e+04 5.0623527e+00 
2.5562482e+04 5.0566010e+00 
2.5612506e+04 5.0398211e+00 
2.5662531e+04 5.0120020e+00 
2.5712555e+04 4.9750443e+00 
2.5762579e+04 4.9279594e+00 
2.5812604e+04 4.8716745e+00 
2.5862628e+04 4.8042226e+00 
2.5912653e+04 4.7299056e+00 
2.5962677e+04 4.6492009e+00 
2.6012702e+04 4.5572867e+00 
2.6062726e+04 4.4576139e+00 
2.6112750e+04 4.3546662e+00 
2.6162775e+04 4.2442989e+00 
2.6212799e+04 4.1287408e+00 
2.6262824e+04 4.0126457e+00 
2.6312848e+04 3.8845608e+00 
2.6362872e+04 3.7581017e+00 
2.6412897e+04 3.6317255e+00 
2.6462921e+04 3.5061045e+00 
2.6512946e+04 3.3804529e+00 
2.6562970e+04 3.2538509e+00 
2.6612995e+04 3.1319308e+00 
2.6663019e+04 3.0136938e+00 
2.6713043e+04 2.8962810e+00 
2.6763068e+04 2.7884972e+00 
2.6813092e+04 2.6841872e+00 
2.6863117e+04 2.5864880e+00 
2.6913141e+04 2.4978435e+00 
2.6963166e+04 2.4170539e+00 
2.7013190e+04 2.3451457e+00 
2.7063214e+04 2.2837241e+00 
2.7113239e+04 2.2300162e+00 
2.7163263e+04 2.1884410e+00 
2.7213288e+04 2.1546559e+00 
2.7263312e+04 2.1353829e+00 
2.7313337e+04 2.1272006e+00 
2.7363361e+04 2.1267195e+00 
2.7413385e+04 2.1392353e+00 
2.7463410e+04 2.1657495e+00 
2.7513434e+04 2.2005208e+00 
2.7563459e+04 2.2479165e+00 
2.7613483e+04 2.3064635e+00 
2.7663508e+04 2.3731616e+00 
2.7713532e+04 2.4521985e+00 
2.7763556e+04 2.5362082e+00 
2.7813581e+04 2.6295617e+00 
2.7863605e+04 2.7346981e+00 
2.7913630e+04 2.8449359e+00 
2.7963654e+04 2.9589238e+00 
2.8013679e+04 3.0802274e+00 
2.8063703e+04 3.2020774e+00 
2.8113727e+04 3.3287933e+00 
2.8163752e+04 3.4594700e+00 
2.8213776e+04 3.5910158e+00 
2.8263801e+04 3.7231421e+00 
2.8313825e+04 3.8536756e+00 
2.8363850e+04 3.9818861e+00 
2.8413874e+04 4.1058211e+00 
2.8463898e+04 4.2250695e+00 
2.8513923e+04 4.3401852e+00 
2.8563947e+04 4.4498749e+00 
2.8613972e+04 4.5524478e+00 
2.8663996e+04 4.6492009e+00 
2.8714021e+04 4.7376323e+00 
2.8764045e+04 4.8153114e+00 
2.8814069e+04 4.8837080e+00 
2.8864094e+04 4.9399762e+00 
2.8914118e+04 4.9870467e+00 
2.8964143e+04 5.0235152e+00 
2.9014167e+04 5.0494099e+00 
2.9064191e+04 5.0613937e+00 
2.9114216e+04 5.0618730e+00 
2.9164240e+04 5.0503683e+00 
2.9214265e+04 5.0307097e+00 
2.9264289e+04 4.9942470e+00 
2.9314314e+04 4.9495873e+00 
2.9364338e+04 4.8947759e+00 
2.9414362e+04 4.8273606e+00 
2.9464387e+04 4.7525992e+00 
2.9514411e+04 4.6666064e+00 
2.9564436e+04 4.5688996e+00 
2.9614460e+04 4.4672890e+00 
2.9664485e+04 4.3575635e+00 
2.9714509e+04 4.2414141e+00 
2.9764533e+04 4.1220522e+00 
2.9814558e+04 3.9976091e+00 
2.9864582e+04 3.8666935e+00 
2.9914607e+04 3.7375059e+00 
2.9964631e+04 3.6049085e+00 
3.0014656e+04 3.4748633e+00 
3.0064680e+04 3.3452163e+00 
3.0114704e+04 3.2127233e+00 
3.0164729e+04 3.0869875e+00 
3.0214753e+04 2.9637196e+00 
3.0264778e+04 2.8487284e+00 
3.0314802e+04 2.7390418e+00 
3.0364827e+04 2.6319549e+00 
3.0414851e+04 2.5390830e+00 
3.0464875e+04 2.4488311e+00 
3.0514900e+04 2.3707478e+00 
3.0564924e+04 2.3050122e+00 
3.0614949e+04 2.2450135e+00 
3.0664973e+04 2.1995542e+00 
3.0714998e+04 2.1647847e+00 
3.0765022e+04 2.1387537e+00 
3.0815046e+04 2.1281629e+00 
3.0865071e+04 2.1272006e+00 
3.0915095e+04 2.1387537e+00 
3.0965120e+04 2.1628549e+00 
3.1015144e+04 2.1966546e+00 
3.1065169e+04 2.2430782e+00 
3.1115193e+04 2.3016260e+00 
3.1165217e+04 2.3673675e+00 
3.1215242e+04 2.4464254e+00 
3.1265266e+04 2.5347707e+00 
3.1315291e+04 2.6286042e+00 
3.1365315e+04 2.7332506e+00 
3.1415340e+04 2.8454096e+00 
3.1465364e+04 2.9641991e+00 
3.1515388e+04 3.0845728e+00 
3.1565413e+04 3.2098200e+00 
3.1615437e+04 3.3413527e+00 
3.1665462e+04 3.4695728e+00 
3.1715486e+04 3.6029928e+00 
3.1765511e+04 3.7355905e+00 
3.1815535e+04 3.8642819e+00 
3.1865559e+04 3.9976091e+00 
3.1915584e+04 4.1206188e+00 
3.1965608e+04 4.2418942e+00 
3.2015633e+04 4.3585296e+00 
3.2065657e+04 4.4677725e+00 
3.2115681e+04 4.5698681e+00 
3.2165706e+04 4.6661229e+00 
3.2215730e+04 4.7530818e+00 
3.2265755e+04 4.8321800e+00 
3.2315779e+04 4.8981433e+00 
3.2365804e+04 4.9524698e+00 
3.2415828e+04 4.9956870e+00 
3.2465852e+04 5.0307097e+00 
3.2515877e+04 5.0527658e+00 
3.2565901e+04 5.0637903e+00 
3.2615926e+04 5.0599561e+00 
3.2665950e+04 5.0470128e+00 
3.2715975e+04 5.0206375e+00 
3.2765999e+04 4.9827261e+00 
3.2816023e+04 4.9342089e+00 
3.2866048e+04 4.8721552e+00 
3.2916072e+04 4.8018117e+00 
3.2966097e+04 4.7202458e+00 
3.3016121e+04 4.6293726e+00 
3.3066146e+04 4.5311565e+00 
3.3116170e+04 4.4232779e+00 
3.3166194e+04 4.3107581e+00 
3.3216219e+04 4.1924224e+00 
3.3266243e+04 4.0672307e+00 
3.3316268e+04 3.9393713e+00 
3.3366292e+04 3.8094230e+00 
3.3416317e+04 3.6767170e+00 
3.3466341e+04 3.5449891e+00 
3.3516365e+04 3.4132414e+00 
3.3566390e+04 3.2799709e+00 
3.3616414e+04 3.1517596e+00 
3.3666439e+04 3.0262122e+00 
3.3716463e+04 2.9091620e+00 
3.3766488e+04 2.7958121e+00 
3.3816512e+04 2.6856270e+00 
3.3866536e+04 2.5860093e+00 
3.3916561e+04 2.4944837e+00 
3.3966585e+04 2.4098248e+00 
3.4016610e+04 2.3359621e+00 
3.4066634e+04 2.2721109e+00 
3.4116659e+04 2.2188921e+00 
3.4166683e+04 2.1763675e+00 
3.4216707e+04 2.1483893e+00 
3.4266732e+04 2.1315317e+00 
3.4316756e+04 2.1238329e+00 
3.4366781e+04 2.1339386e+00 
3.4416805e+04 2.1507990e+00 
3.4466830e+04 2.1802304e+00 
3.4516854e+04 2.2242122e+00 
3.4566878e+04 2.2764659e+00 
3.4616903e+04 2.3432124e+00 
3.4666927e+04 2.4189811e+00 
3.4716952e+04 2.5021627e+00 
3.4766976e+04 2.5965381e+00 
3.4817000e+04 2.6942689e+00 
3.4867025e+04 2.8065641e+00 
3.4917049e+04 2.9225373e+00 
3.4967074e+04 3.0425951e+00 
3.5017098e+04 3.1706259e+00 
3.5067123e+04 3.2983453e+00 
3.5117147e+04 3.4315491e+00 
3.5167171e+04 3.5641742e+00 
3.5217196e+04 3.6977739e+00 
3.5267220e+04 3.8310499e+00 
3.5317245e+04 3.9583905e+00 
3.5367269e+04 4.0872269e+00 
3.5417294e+04 4.2121005e+00 
3.5467318e+04 4.3300519e+00 
3.5517342e+04 4.4440713e+00 
3.5567367e+04 4.5495448e+00 
3.5617391e+04 4.6467824e+00 
3.5667416e+04 4.7361832e+00 
3.5717440e+04 4.8124185e+00 
3.5767465e+04 4.8827453e+00 
3.5817489e+04 4.9428592e+00 
3.5867513e+04 4.9899278e+00 
3.5917538e+04 5.0259137e+00 
3.5967562e+04 5.0508480e+00 
3.6017587e+04 5.0628319e+00 
3.6067611e+04 5.0633106e+00 
3.6117636e+04 5.0494099e+00 
3.6167660e+04 5.0244751e+00 
3.6217684e+04 4.9899278e+00 
3.6267709e+04 4.9433403e+00 
3.6317733e+04 4.8846703e+00 
3.6367758e+04 4.8148293e+00 
3.6417782e+04 4.7332864e+00 
3.6467807e+04 4.6443648e+00 
3.6517831e+04 4.5451894e+00 
3.6567855e+04 4.4402022e+00 
3.6617880e+04 4.3266745e+00 
3.6667904e+04 4.2072992e+00 
3.6717929e+04 4.0877032e+00 
3.6767953e+04 3.9603446e+00 
3.6817978e+04 3.8296070e+00 
3.6868002e+04 3.6987317e+00 
3.6918026e+04 3.5646536e+00 
3.6968051e+04 3.4325128e+00 
3.7018075e+04 3.3002794e+00 
3.7068100e+04 3.1711099e+00 
3.7118124e+04 3.0450058e+00 
3.7168149e+04 2.9234936e+00 
3.7218173e+04 2.8090115e+00 
3.7268197e+04 2.6971509e+00 
3.7318222e+04 2.5965381e+00 
3.7368246e+04 2.5040820e+00 
3.7418271e+04 2.4170539e+00 
3.7468295e+04 2.3446622e+00 
3.7518319e+04 2.2793694e+00 
3.7568344e+04 2.2222774e+00 
3.7618368e+04 2.1811962e+00 
3.7668393e+04 2.1503172e+00 
3.7718417e+04 2.1315317e+00 
3.7768442e+04 2.1262383e+00 
3.7818466e+04 2.1305690e+00 
3.7868490e+04 2.1483893e+00 
3.7918515e+04 2.1773331e+00 
3.7968539e+04 2.2179251e+00 
3.8018564e+04 2.2711432e+00 
3.8068588e+04 2.3335450e+00 
3.8118613e+04 2.4059684e+00 
3.8168637e+04 2.4911234e+00 
3.8218661e+04 2.5812228e+00 
3.8268686e+04 2.6822679e+00 
3.8318710e+04 2.7919092e+00 
3.8368735e+04 2.9048665e+00 
3.8418759e+04 3.0262122e+00 
3.8468784e+04 3.1517596e+00 
3.8518808e+04 3.2804546e+00 
3.8568832e+04 3.4137235e+00 
3.8618857e+04 3.5440297e+00 
3.8668881e+04 3.6805456e+00 
3.8718906e+04 3.8132656e+00 
3.8768930e+04 3.9422936e+00 
3.8818955e+04 4.0705614e+00 
3.8868979e+04 4.1919432e+00 
3.8919003e+04 4.3122048e+00 
3.8969028e+04 4.4266620e+00 
3.9019052e+04 4.5330920e+00 
3.9069077e+04 4.6337252e+00 
3.9119101e+04 4.7236276e+00 
3.9169126e+04 4.8022933e+00 
3.9219150e+04 4.8750443e+00 
3.9269174e+04 4.9337277e+00 
3.9319199e+04 4.9836864e+00 
3.9369223e+04 5.0225563e+00 
3.9419248e+04 5.0479722e+00 
3.9469272e+04 5.0613937e+00 
3.9519297e+04 5.0637903e+00 
3.9569321e+04 5.0542035e+00 
3.9619345e+04 5.0302300e+00 
3.9669370e+04 4.9956870e+00 
3.9719394e+04 4.9500675e+00 
3.9769419e+04 4.8952565e+00 
3.9819443e+04 4.8268790e+00 
3.9869468e+04 4.7501850e+00 
3.9919492e+04 4.6632218e+00 
3.9969516e+04 4.5650287e+00 
4.0019541e+04 4.4614835e+00 
4.0069565e+04 4.3483906e+00 
4.0119590e+04 4.2313175e+00 
4.0169614e+04 4.1110702e+00 
4.0219638e+04 3.9838486e+00 
4.0269663e+04 3.8551214e+00 
4.0319687e+04 3.7240999e+00 
4.0369712e+04 3.5914950e+00 
4.0419736e+04 3.4589891e+00 
4.0469761e+04 3.3249283e+00 
4.0519785e+04 3.1962707e+00 
4.0569809e+04 3.0652637e+00 
4.0619834e+04 2.9435894e+00 
4.0669858e+04 2.8297827e+00 
4.0719883e+04 2.7178299e+00 
4.0769907e+04 2.6142452e+00 
4.0819932e+04 2.5194311e+00 
4.0869956e+04 2.4324672e+00 
4.0919980e+04 2.3567419e+00 
4.0970005e+04 2.2914660e+00 
4.1020029e+04 2.2334025e+00 
4.1070054e+04 2.1894071e+00 
4.1120078e+04 2.1575491e+00 
4.1170103e+04 2.1358643e+00 
4.1220127e+04 2.1276817e+00 
4.1270151e+04 2.1267195e+00 
4.1320176e+04 2.1445341e+00 
4.1370200e+04 2.1715405e+00 
4.1420225e+04 2.2087383e+00 
4.1470249e+04 2.2600133e+00 
4.1520274e+04 2.3224242e+00 
4.1570298e+04 2.3939126e+00 
4.1620322e+04 2.4762349e+00 
4.1670347e+04 2.5659044e+00 
4.1720371e+04 2.6650035e+00 
4.1770396e+04 2.7695332e+00 
4.1820420e+04 2.8848453e+00 
4.1870445e+04 3.0079193e+00 
4.1920469e+04 3.1319308e+00 
4.1970493e+04 3.2591727e+00 
4.2020518e+04 3.3901000e+00 
4.2070542e+04 3.5209923e+00 
4.2120567e+04 3.6537449e+00 
4.2170591e+04 3.7854259e+00 
4.2220616e+04 3.9174950e+00 
4.2270640e+04 4.0463161e+00 
4.2320664e+04 4.1708488e+00 
4.2370689e+04 4.2905135e+00 
4.2420713e+04 4.4068413e+00 
4.2470738e+04 4.5142202e+00 
4.2520762e+04 4.6148620e+00 
4.2570787e+04 4.7076864e+00 
4.2620811e+04 4.7897544e+00 
4.2670835e+04 4.8625264e+00 
4.2720860e+04 4.9255557e+00 
4.2770884e+04 4.9731231e+00 
4.2820909e+04 5.0158405e+00 
4.2870933e+04 5.0441360e+00 
4.2920957e+04 5.0580382e+00 
4.2970982e+04 5.0647488e+00 
4.3021006e+04 5.0556417e+00 
4.3071031e+04 5.0364647e+00 
4.3121055e+04 5.0057650e+00 
4.3171080e+04 4.9611163e+00 
4.3221104e+04 4.9058394e+00 
4.3271128e+04 4.8398895e+00 
4.3321153e+04 4.7646661e+00 
4.3371177e+04 4.6801410e+00 
4.3421202e+04 4.5868025e+00 
4.3471226e+04 4.4813180e+00 
4.3521251e+04 4.3710856e+00 
4.3571275e+04 4.2534389e+00 
4.3621299e+04 4.1306524e+00 
4.3671324e+04 4.0079112e+00 
4.3721348e+04 3.8744159e+00 
4.3771373e+04 3.7408581e+00 
4.3821397e+04 3.6101770e+00 
4.3871422e+04 3.4758248e+00 
4.3921446e+04 3.3456993e+00 
4.3971470e+04 3.2151430e+00 
4.4021495e+04 3.0884364e+00 
4.4071519e+04 2.9665978e+00 
4.4121544e+04 2.8477802e+00 
4.4171568e+04 2.7361457e+00 
4.4221593e+04 2.6329126e+00 
4.4271617e+04 2.5357292e+00 
4.4321641e+04 2.4464254e+00 
4.4371666e+04 2.3692992e+00 
4.4421690e+04 2.3006582e+00 
4.4471715e+04 2.2425945e+00 
4.4521739e+04 2.1966546e+00 
4.4571764e+04 2.1618900e+00 
4.4621788e+04 2.1392353e+00 
4.4671812e+04 2.1272006e+00 
4.4721837e+04 2.1267195e+00 
4.4771861e+04 2.1421254e+00 
4.4821886e+04 2.1662321e+00 
4.4871910e+04 2.2039042e+00 
4.4921935e+04 2.2532389e+00 
4.4971959e+04 2.3117843e+00 
4.5021983e+04 2.3818502e+00 
4.5072008e+04 2.4622974e+00 
4.5122032e+04 2.5505805e+00 
4.5172057e+04 2.6467981e+00 
4.5222081e+04 2.7501552e+00 
4.5272106e+04 2.8648674e+00 
4.5322130e+04 2.9848418e+00 
4.5372154e+04 3.1072776e+00 
4.5422179e+04 3.2374015e+00 
4.5472203e+04 3.3659768e+00 
4.5522228e+04 3.4979365e+00 
4.5572252e+04 3.6326826e+00 
4.5622277e+04 3.7657692e+00 
4.5672301e+04 3.8961692e+00 
4.5722325e+04 4.0268602e+00 
4.5772350e+04 4.1516953e+00 
4.5822374e+04 4.2712469e+00 
4.5872399e+04 4.3865442e+00 
4.5922423e+04 4.4958329e+00 
4.5972447e+04 4.5984135e+00 
4.6022472e+04 4.6931901e+00 
4.6072496e+04 4.7757649e+00 
4.6122521e+04 4.8524132e+00 
4.6172545e+04 4.9164205e+00 
4.6222570e+04 4.9683213e+00 
4.6272594e+04 5.0115228e+00 
4.6322618e+04 5.0398211e+00 
4.6372643e+04 5.0580382e+00 
4.6422667e+04 5.0642691e+00 
4.6472692e+04 5.0575595e+00 
4.6522716e+04 5.0403004e+00 
4.6572741e+04 5.0110435e+00 
4.6622765e+04 4.9683213e+00 
4.6672789e+04 4.9159393e+00 
4.6722814e+04 4.8514504e+00 
4.6772838e+04 4.7757649e+00 
4.6822863e+04 4.6912575e+00 
4.6872887e+04 4.5984135e+00 
4.6922912e+04 4.4958329e+00 
4.6972936e+04 4.3870273e+00 
4.7022960e+04 4.2722101e+00 
4.7072985e+04 4.1507378e+00 
4.7123009e+04 4.0282831e+00 
4.7173034e+04 3.8966537e+00 
4.7223058e+04 3.7667277e+00 
4.7273083e+04 3.6360340e+00 
4.7323107e+04 3.5022612e+00 
4.7373131e+04 3.3712852e+00 
4.7423156e+04 3.2398205e+00 
4.7473180e+04 3.1106603e+00 
4.7523205e+04 2.9872439e+00 
4.7573229e+04 2.8672433e+00 
4.7623254e+04 2.7520905e+00 
4.7673278e+04 2.6482346e+00 
4.7723302e+04 2.5491436e+00 
4.7773327e+04 2.4608550e+00 
4.7823351e+04 2.3847458e+00 
4.7873376e+04 2.3127518e+00 
4.7923400e+04 2.2508197e+00 
4.7973425e+04 2.2034206e+00 
4.8023449e+04 2.1647847e+00 
4.8073473e+04 2.1421254e+00 
4.8123498e+04 2.1291254e+00 
4.8173522e+04 2.1267195e+00 
4.8223547e+04 2.1392353e+00 
4.8273571e+04 2.1614077e+00 
4.8323596e+04 2.1956880e+00 
4.8373620e+04 2.2440457e+00 
4.8423644e+04 2.3016260e+00 
4.8473669e+04 2.3688164e+00 
4.8523693e+04 2.4488311e+00 
4.8573718e+04 2.5366871e+00 
4.8623742e+04 2.6333911e+00 
4.8673766e+04 2.7371109e+00 
4.8723791e+04 2.8477802e+00 
4.8773815e+04 2.9651585e+00 
4.8823840e+04 3.0884364e+00 
4.8873864e+04 3.2146590e+00 
4.8923889e+04 3.3461823e+00 
4.8973913e+04 3.4791911e+00 
4.9023937e+04 3.6092193e+00 
4.9073962e+04 3.7470837e+00 
4.9123986e+04 3.8777966e+00 
4.9174011e+04 4.0088577e+00 
4.9224035e+04 4.1344762e+00 
4.9274060e+04 4.2548823e+00 
4.9324084e+04 4.3681874e+00 
4.9374108e+04 4.4832530e+00 
4.9424133e+04 4.5843835e+00 
4.9474157e+04 4.6820750e+00 
4.9524182e+04 4.7694917e+00 
4.9574206e+04 4.8432617e+00 
4.9624231e+04 4.9087257e+00 
4.9674255e+04 4.9635186e+00 
4.9724279e+04 5.0057650e+00 
4.9774304e+04 5.0369444e+00 
4.9824328e+04 5.0556417e+00 
4.9874353e+04 5.0647488e+00 
4.9924377e+04 5.0609145e+00 
4.9974402e+04 5.0417385e+00 
5.0024426e+04 5.0153608e+00 
5.0074450e+04 4.9774451e+00 
5.0124475e+04 4.9241138e+00 
5.0174499e+04 4.8625264e+00 
5.0224524e+04 4.7907195e+00 
5.0274548e+04 4.7076864e+00 
5.0324573e+04 4.6153460e+00 
5.0374597e+04 4.5156713e+00 
5.0424621e+04 4.4063582e+00 
5.0474646e+04 4.2909956e+00 
5.0524670e+04 4.1727653e+00 
5.0574695e+04 4.0477409e+00 
5.0624719e+04 3.9174950e+00 
5.0674744e+04 3.7859054e+00 
5.0724768e+04 3.6542234e+00 
5.0774792e+04 3.5229123e+00 
5.0824817e+04 3.3891358e+00 
5.0874841e+04 3.2577214e+00 
5.0924866e+04 3.1290295e+00 
5.0974890e+04 3.0040708e+00 
5.1024915e+04 2.8848453e+00 
5.1074939e+04 2.7705040e+00 
5.1124963e+04 2.6626074e+00 
5.1174988e+04 2.5639892e+00 
5.1225012e+04 2.4757545e+00 
5.1275037e+04 2.3939126e+00 
5.1325061e+04 2.3209734e+00 
5.1375085e+04 2.2595296e+00 
5.1425110e+04 2.2092216e+00 
5.1475134e+04 2.1705754e+00 
5.1525159e+04 2.1435704e+00 
5.1575183e+04 2.1291254e+00 
5.1625208e+04 2.1267195e+00 
5.1675232e+04 2.1363459e+00 
5.1725256e+04 2.1565847e+00 
5.1775281e+04 2.1918228e+00 
5.1825305e+04 2.2358212e+00 
5.1875330e+04 2.2919497e+00 
5.1925354e+04 2.3606064e+00 
5.1975379e+04 2.4377627e+00 
5.2025403e+04 2.5237463e+00 
5.2075427e+04 2.6199884e+00 
5.2125452e+04 2.7226458e+00 
5.2175476e+04 2.8349884e+00 
5.2225501e+04 2.9502957e+00 
5.2275525e+04 3.0720203e+00 
5.2325550e+04 3.1996582e+00 
5.2375574e+04 3.3307259e+00 
5.2425598e+04 3.4618762e+00 
5.2475623e+04 3.5948489e+00 
5.2525647e+04 3.7284086e+00 
5.2575672e+04 3.8618701e+00 
5.2625696e+04 3.9936738e+00 
5.2675721e+04 4.1187091e+00 
5.2725745e+04 4.2404518e+00 
5.2775769e+04 4.3585296e+00 
5.2825794e+04 4.4672890e+00 
5.2875818e+04 4.5713196e+00 
5.2925843e+04 4.6709571e+00 
5.2975867e+04 4.7545300e+00 
5.3025892e+04 4.8331442e+00 
5.3075916e+04 4.9010301e+00 
5.3125940e+04 4.9548717e+00 
5.3175965e+04 5.0000062e+00 
5.3225989e+04 5.0350256e+00 
5.3276014e+04 5.0556417e+00 
5.3326038e+04 5.0633106e+00 
5.3376063e+04 5.0618730e+00 
5.3426087e+04 5.0479722e+00 
5.3476111e+04 5.0201573e+00 
5.3526136e+04 4.9812860e+00 
5.3576160e+04 4.9313245e+00 
5.3626185e+04 4.8726368e+00 
5.3676209e+04 4.8003645e+00 
5.3726234e+04 4.7183137e+00 
5.3776258e+04 4.6279211e+00 
5.3826282e+04 4.5287375e+00 
5.3876307e+04 4.4232779e+00 
5.3926331e+04 4.3059368e+00 
5.3976356e+04 4.1871462e+00 
5.4026380e+04 4.0639009e+00 
5.4076404e+04 3.9349902e+00 
5.4126429e+04 3.8027000e+00 
5.4176453e+04 3.6728885e+00 
5.4226478e+04 3.5406709e+00 
5.4276502e+04 3.4055300e+00 
5.4326527e+04 3.2751348e+00 
5.4376551e+04 3.1454716e+00 
5.4426575e+04 3.0189891e+00 
5.4476600e+04 2.9005725e+00 
5.4526624e+04 2.7836273e+00 
5.4576649e+04 2.6750722e+00 
5.4626673e+04 2.5778723e+00 
5.4676698e+04 2.4853613e+00 
5.4726722e+04 2.4025934e+00 
5.4776746e+04 2.3311276e+00 
5.4826771e+04 2.2677557e+00 
5.4876795e+04 2.2155073e+00 
5.4926820e+04 2.1754022e+00 
5.4976844e+04 2.1474252e+00 
5.5026869e+04 2.1305690e+00 
5.5076893e+04 2.1276817e+00 
5.5126917e+04 2.1349015e+00 
5.5176942e+04 2.1527274e+00 
5.5226966e+04 2.1855426e+00 
5.5276991e+04 2.2280815e+00 
5.5327015e+04 2.2817888e+00 
5.5377040e+04 2.3494947e+00 
5.5427064e+04 2.4242802e+00 
5.5477088e+04 2.5103190e+00 
5.5527113e+04 2.6046739e+00 
5.5577137e+04 2.7058017e+00 
5.5627162e+04 2.8144023e+00 
5.5677186e+04 2.9306664e+00 
5.5727211e+04 3.0522387e+00 
5.5777235e+04 3.1788514e+00 
5.5827259e+04 3.3118806e+00 
5.5877284e+04 3.4416618e+00 
5.5927308e+04 3.5732832e+00 
5.5977333e+04 3.7044749e+00 
5.6027357e+04 3.8373041e+00 
5.6077382e+04 3.9711049e+00 
5.6127406e+04 4.0958061e+00 
5.6177430e+04 4.2197852e+00 
5.6227455e+04 4.3397021e+00 
5.6277479e+04 4.4508424e+00 
5.6327504e+04 4.5558352e+00 
5.6377528e+04 4.6516185e+00 
5.6427553e+04 4.7429433e+00 
5.6477577e+04 4.8206134e+00 
5.6527601e+04 4.8885198e+00 
5.6577626e+04 4.9452629e+00 
5.6627650e+04 4.9913673e+00 
5.6677675e+04 5.0283122e+00 
5.6727699e+04 5.0513272e+00 
5.6777723e+04 5.0642691e+00 
5.6827748e+04 5.0609145e+00 
5.6877772e+04 5.0503683e+00 
5.6927797e+04 5.0263929e+00 
5.6977821e+04 4.9904070e+00 
5.7027846e+04 4.9423790e+00 
5.7077870e+04 4.8837080e+00 
5.7127894e+04 4.8138652e+00 
5.7177919e+04 4.7323208e+00 
5.7227943e+04 4.6467824e+00 
5.7277968e+04 4.5461574e+00 
5.7327992e+04 4.4382682e+00 
5.7378017e+04 4.3286042e+00 
5.7428041e+04 4.2087398e+00 
5.7478065e+04 4.0862737e+00 
5.7528090e+04 3.9593678e+00 
5.7578114e+04 3.8276832e+00 
5.7628139e+04 3.6953814e+00 
5.7678163e+04 3.5622561e+00 
5.7728188e+04 3.4276960e+00 
5.7778212e+04 3.2968953e+00 
5.7828236e+04 3.1667559e+00 
5.7878261e+04 3.0392213e+00 
5.7928285e+04 2.9187140e+00 
5.7978310e+04 2.8050961e+00 
5.8028334e+04 2.6933084e+00 
5.8078359e+04 2.5936670e+00 
5.8128383e+04 2.5007231e+00 
5.8178407e+04 2.4136806e+00 
5.8228432e+04 2.3422458e+00 
5.8278456e+04 2.2764659e+00 
5.8328481e+04 2.2222774e+00 
5.8378505e+04 2.1792645e+00 
5.8428530e+04 2.1517632e+00 
5.8478554e+04 2.1315317e+00 
5.8528578e+04 2.1262383e+00 
5.8578603e+04 2.1344199e+00 
5.8628627e+04 2.1512811e+00 
5.8678652e+04 2.1840937e+00 
5.8728676e+04 2.2256629e+00 
5.8778701e+04 2.2774336e+00 
5.8828725e+04 2.3436959e+00 
5.8878749e+04 2.4156082e+00 
5.8928774e+04 2.4997633e+00 
5.8978798e+04 2.5941453e+00 
5.9028823e+04 2.6942689e+00 
5.9078847e+04 2.8065641e+00 
5.9128872e+04 2.9234936e+00 
5.9178896e+04 3.0430775e+00 
5.9228920e+04 3.1686909e+00 
5.9278945e+04 3.3002794e+00 
5.9328969e+04 3.4315491e+00 
5.9378994e+04 3.5660923e+00 
5.9429018e+04 3.7006454e+00 
5.9479043e+04 3.8310499e+00 
5.9529067e+04 3.9627883e+00 
5.9579091e+04 4.0905623e+00 
5.9629116e+04 4.2135415e+00 
5.9679140e+04 4.3339114e+00 
5.9729165e+04 4.4479399e+00 
5.9779189e+04 4.5524478e+00 
5.9829213e+04 4.6496840e+00 
5.9879238e+04 4.7405295e+00 
5.9929262e+04 4.8182030e+00 
5.9979287e+04 4.8870764e+00 
6.0029311e+04 4.9462233e+00 
6.0079336e+04 4.9913673e+00 
6.0129360e+04 5.0292711e+00 
6.0179384e+04 5.0513272e+00 
6.0229409e+04 5.0623527e+00 
6.0279433e+04 5.0623527e+00 
6.0329458e+04 5.0503683e+00 
6.0379482e+04 5.0259137e+00 
6.0429507e+04 4.9904070e+00 
6.0479531e+04 4.9414182e+00 
6.0529555e+04 4.8803387e+00 
6.0579580e+04 4.8138652e+00 
6.0629604e+04 4.7337694e+00 
6.0679629e+04 4.6438808e+00 
6.0729653e+04 4.5466409e+00 
6.0779678e+04 4.4402022e+00 
6.0829702e+04 4.3261919e+00 
6.0879726e+04 4.2096996e+00 
6.0929751e+04 4.0867500e+00 
6.0979775e+04 3.9579020e+00 
6.1029800e+04 3.8281639e+00 
6.1079824e+04 3.6949027e+00 
6.1129849e+04 3.5622561e+00 
6.1179873e+04 3.4286594e+00 
6.1229897e+04 3.2964115e+00 
6.1279922e+04 3.1657882e+00 
6.1329946e+04 3.0416312e+00 
6.1379971e+04 2.9187140e+00 
6.1429995e+04 2.8016729e+00 
6.1480020e+04 2.6923480e+00 
6.1530044e+04 2.5927098e+00 
6.1580068e+04 2.4978435e+00 
6.1630093e+04 2.4146445e+00 
6.1680117e+04 2.3407958e+00 
6.1730142e+04 2.2759821e+00 
6.1780166e+04 2.2232447e+00 
6.1830191e+04 2.1792645e+00 
6.1880215e+04 2.1503172e+00 
6.1930239e+04 2.1344199e+00 
6.1980264e+04 2.1262383e+00 
6.2030288e+04 2.1305690e+00 
6.2080313e+04 2.1517632e+00 
6.2130337e+04 2.1821620e+00 
6.2180362e+04 2.2227609e+00 
6.2230386e+04 2.2788854e+00 
6.2280410e+04 2.3446622e+00 
6.2330435e+04 2.4189811e+00 
6.2380459e+04 2.5045619e+00 
6.2430484e+04 2.5951025e+00 
6.2480508e+04 2.6957102e+00 
6.2530532e+04 2.8090115e+00 
6.2580557e+04 2.9234936e+00 
6.2630581e+04 3.0435596e+00 
6.2680606e+04 3.1706259e+00 
6.2730630e+04 3.2997961e+00 
6.2780655e+04 3.4320309e+00 
6.2830679e+04 3.5675304e+00 
6.2880703e+04 3.7011244e+00 
6.2930728e+04 3.8339360e+00 
6.2980752e+04 3.9662113e+00 
6.3030777e+04 4.0910392e+00 
6.3080801e+04 4.2125812e+00 
6.3130826e+04 4.3295693e+00 
6.3180850e+04 4.4440713e+00 
6.3230874e+04 4.5490608e+00 
6.3280899e+04 4.6472664e+00 
6.3330923e+04 4.7347355e+00 
6.3380948e+04 4.8153114e+00 
6.3430972e+04 4.8846703e+00 
6.3480997e+04 4.9443011e+00 
6.3531021e+04 4.9904070e+00 
6.3581045e+04 5.0283122e+00 
6.3631070e+04 5.0522866e+00 
6.3681094e+04 5.0618730e+00 
6.3731119e+04 5.0628319e+00 
6.3781143e+04 5.0518069e+00 
6.3831168e+04 5.0283122e+00 
6.3881192e+04 4.9928074e+00 
6.3931216e+04 4.9462233e+00 
6.3981241e+04 4.8890018e+00 
6.4031265e+04 4.8191681e+00 
6.4081290e+04 4.7400465e+00 
6.4131314e+04 4.6511345e+00 
6.4181339e+04 4.5529318e+00 
6.4231363e+04 4.4474564e+00 
6.4281387e+04 4.3348765e+00 
6.4331412e+04 4.2178640e+00 
6.4381436e+04 4.0972362e+00 
6.4431461e+04 3.9681678e+00 
6.4481485e+04 3.8363416e+00 
6.4531510e+04 3.7049530e+00 
6.4581534e+04 3.5718451e+00 
6.4631558e+04 3.4392548e+00 
6.4681583e+04 3.3075304e+00 
6.4731607e+04 3.1769156e+00 
6.4781632e+04 3.0517564e+00 
6.4831656e+04 2.9297099e+00 
6.4881681e+04 2.8114607e+00 
6.4931705e+04 2.7019560e+00 
6.4981729e+04 2.5998886e+00 
6.5031754e+04 2.5074406e+00 
6.5081778e+04 2.4223535e+00 
6.5131803e+04 2.3470786e+00 
6.5181827e+04 2.2813048e+00 
6.5231851e+04 2.2285652e+00 
6.5281876e+04 2.1850595e+00 
6.5331900e+04 2.1541739e+00 
6.5381925e+04 2.1349015e+00 
6.5431949e+04 2.1267195e+00 
6.5481974e+04 2.1315317e+00 
6.5531998e+04 2.1488712e+00 
6.5582022e+04 2.1797473e+00 
6.5632047e+04 2.2188921e+00 
6.5682071e+04 2.2721109e+00 
6.5732096e+04 2.3364453e+00 
6.5782120e+04 2.4083786e+00 
6.5832145e+04 2.4916034e+00 
6.5882169e+04 2.5855305e+00 
6.5932193e+04 2.6851468e+00 
6.5982218e+04 2.7928843e+00 
6.6032242e+04 2.9077299e+00 
6.6082267e+04 3.0276573e+00 
6.6132291e+04 3.1546619e+00 
6.6182316e+04 3.2848072e+00 
6.6232340e+04 3.4132414e+00 
6.6282364e+04 3.5473881e+00 
6.6332389e+04 3.6810238e+00 
6.6382413e+04 3.8151872e+00 
6.6432438e+04 3.9481418e+00 
6.6482462e+04 4.0753207e+00 
6.6532487e+04 4.1986594e+00 
6.6582511e+04 4.3175092e+00 
6.6632535e+04 4.4310141e+00 
6.6682560e+04 4.5355115e+00 
6.6732584e+04 4.6356602e+00 
6.6782609e+04 4.7279744e+00 
6.6832633e+04 4.8066335e+00 
6.6882658e+04 4.8784137e+00 
6.6932682e+04 4.9390149e+00 
6.6982706e+04 4.9851270e+00 
6.7032731e+04 5.0239949e+00 
6.7082755e+04 5.0494099e+00 
6.7132780e+04 5.0613937e+00 
6.7182804e+04 5.0637903e+00 
6.7232829e+04 5.0546837e+00 
6.7282853e+04 5.0316691e+00 
6.7332877e+04 4.9961672e+00 
6.7382902e+04 4.9515090e+00 
6.7432926e+04 4.8938131e+00 
6.7482951e+04 4.8259153e+00 
6.7532975e+04 4.7468061e+00 
6.7583000e+04 4.6583872e+00 
6.7633024e+04 4.5616417e+00 
6.7683048e+04 4.4566460e+00 
6.7733073e+04 4.3454943e+00 
6.7783097e+04 4.2269921e+00 
6.7833122e+04 4.1062984e+00 
6.7883146e+04 3.9779632e+00 
6.7933170e+04 3.8464496e+00 
6.7983195e+04 3.7159622e+00 
6.8033219e+04 3.5843072e+00 
6.8083244e+04 3.4498456e+00 
6.8133268e+04 3.3191292e+00 
6.8183293e+04 3.1880448e+00 
6.8233317e+04 3.0580266e+00 
6.8283341e+04 2.9373653e+00 
6.8333366e+04 2.8207831e+00 
6.8383390e+04 2.7082062e+00 
6.8433415e+04 2.6061096e+00 
6.8483439e+04 2.5127170e+00 
6.8533464e+04 2.4271700e+00 
6.8583488e+04 2.3504610e+00 
6.8633512e+04 2.2846920e+00 
6.8683537e+04 2.2295325e+00 
6.8733561e+04 2.1840937e+00 
6.8783586e+04 2.1527274e+00 
6.8833610e+04 2.1344199e+00 
6.8883635e+04 2.1286440e+00 
6.8933659e+04 2.1324942e+00 
6.8983683e+04 2.1464615e+00 
6.9033708e+04 2.1763675e+00 
6.9083732e+04 2.2184086e+00 
6.9133757e+04 2.2687235e+00 
6.9183781e+04 2.3325779e+00 
6.9233806e+04 2.4064505e+00 
6.9283830e+04 2.4911234e+00 
6.9333854e+04 2.5812228e+00 
6.9383879e+04 2.6827476e+00 
6.9433903e+04 2.7919092e+00 
6.9483928e+04 2.9072526e+00 
6.9533952e+04 3.0276573e+00 
6.9583977e+04 3.1541779e+00 
6.9634001e+04 3.2843235e+00 
6.9684025e+04 3.4161329e+00 
6.9734050e+04 3.5497866e+00 
6.9784074e+04 3.6805456e+00 
6.9834099e+04 3.8132656e+00 
6.9884123e+04 3.9466791e+00 
6.9934148e+04 4.0734167e+00 
6.9984172e+04 4.1977000e+00 
7.0034196e+04 4.3189564e+00 
7.0084221e+04 4.4314976e+00 
7.0134245e+04 4.5388985e+00 
7.0184270e+04 4.6385617e+00 
7.0234294e+04 4.7294230e+00 
7.0284319e+04 4.8100085e+00 
7.0334343e+04 4.8788948e+00 
7.0384367e+04 4.9375730e+00 
7.0434392e+04 4.9865675e+00 
7.0484416e+04 5.0249548e+00 
7.0534441e+04 5.0513272e+00 
7.0584465e+04 5.0637903e+00 
7.0634489e+04 5.0666661e+00 
7.0684514e+04 5.0561213e+00 
7.0734538e+04 5.0307097e+00 
7.0784563e+04 4.9966469e+00 
7.0834587e+04 4.9505482e+00 
7.0884612e+04 4.8918886e+00 
7.0934636e+04 4.8259153e+00 
7.0984660e+04 4.7463236e+00 
7.1034685e+04 4.6554861e+00 
7.1084709e+04 4.5606737e+00 
7.1134734e+04 4.4571304e+00 
7.1184758e+04 4.3435636e+00 
7.1234783e+04 4.2279539e+00 
7.1284807e+04 4.1043901e+00 
7.1334831e+04 3.9760025e+00 
7.1384856e+04 3.8454869e+00 
7.1434880e+04 3.7150044e+00 
7.1484905e+04 3.5804732e+00 
7.1534929e+04 3.4484012e+00 
7.1584954e+04 3.3152635e+00 
7.1634978e+04 3.1841741e+00 
7.1685002e+04 3.0589912e+00 
7.1735027e+04 2.9364080e+00 
7.1785051e+04 2.8188183e+00 
7.1835076e+04 2.7077253e+00 
7.1885100e+04 2.6051524e+00 
7.1935125e+04 2.5112782e+00 
7.1985149e+04 2.4257252e+00 
7.2035173e+04 2.3485281e+00 
7.2085198e+04 2.2851758e+00 
7.2135222e+04 2.2300162e+00 
7.2185247e+04 2.1865087e+00 
7.2235271e+04 2.1541739e+00 
7.2285296e+04 2.1353829e+00 
7.2335320e+04 2.1281629e+00 
7.2385344e+04 2.1320131e+00 
7.2435369e+04 2.1469436e+00 
7.2485393e+04 2.1773331e+00 
7.2535418e+04 2.2169578e+00 
7.2585442e+04 2.2692075e+00 
7.2635467e+04 2.3311276e+00 
7.2685491e+04 2.4030757e+00 
7.2735515e+04 2.4868021e+00 
7.2785540e+04 2.5793083e+00 
7.2835564e+04 2.6803486e+00 
7.2885589e+04 2.7889843e+00 
7.2935613e+04 2.9010496e+00 
7.2985638e+04 3.0242858e+00 
7.3035662e+04 3.1498249e+00 
7.3085686e+04 3.2794874e+00 
7.3135711e+04 3.4113138e+00 
7.3185735e+04 3.5430703e+00 
7.3235760e+04 3.6752813e+00 
7.3285784e+04 3.8094230e+00 
7.3335809e+04 3.9408319e+00 
7.3385833e+04 4.0696096e+00 
7.3435857e+04 4.1919432e+00 
7.3485882e+04 4.3122048e+00 
7.3535906e+04 4.4242449e+00 
7.3585931e+04 4.5326080e+00 
7.3635955e+04 4.6337252e+00 
7.3685979e+04 4.7236276e+00 
7.3736004e+04 4.8051872e+00 
7.3786028e+04 4.8779321e+00 
7.3836053e+04 4.9375730e+00 
7.3886077e+04 4.9875274e+00 
7.3936102e+04 5.0244751e+00 
7.3986126e+04 5.0494099e+00 
7.4036150e+04 5.0609145e+00 
7.4086175e+04 5.0637903e+00 
7.4136199e+04 5.0537243e+00 
7.4186224e+04 5.0287914e+00 
7.4236248e+04 4.9947271e+00 
7.4286273e+04 4.9495873e+00 
7.4336297e+04 4.8909259e+00 
7.4386321e+04 4.8206134e+00 
7.4436346e+04 4.7400465e+00 
7.4486370e+04 4.6506510e+00 
7.4536395e+04 4.5534158e+00 
7.4586419e+04 4.4493914e+00 
7.4636444e+04 4.3348765e+00 
7.4686468e+04 4.2169032e+00 
7.4736492e+04 4.0943756e+00 
7.4786517e+04 3.9657221e+00 
7.4836541e+04 3.8315306e+00 
7.4886566e+04 3.6996887e+00 
7.4936590e+04 3.5632155e+00 
7.4986615e+04 3.4325128e+00 
7.5036639e+04 3.3012459e+00 
7.5086663e+04 3.1691747e+00 
7.5136688e+04 3.0440414e+00 
7.5186712e+04 2.9201479e+00 
7.5236737e+04 2.8031399e+00 
7.5286761e+04 2.6947491e+00 
7.5336786e+04 2.5946240e+00 
7.5386810e+04 2.5016830e+00 
7.5436834e+04 2.4170539e+00 
7.5486859e+04 2.3432124e+00 
7.5536883e+04 2.2764659e+00 
7.5586908e+04 2.2203431e+00 
7.5636932e+04 2.1821620e+00 
7.5686957e+04 2.1498351e+00 
7.5736981e+04 2.1310503e+00 
7.5787005e+04 2.1262383e+00 
7.5837030e+04 2.1334572e+00 
7.5887054e+04 2.1527274e+00 
7.5937079e+04 2.1826448e+00 
7.5987103e+04 2.2246957e+00 
7.6037128e+04 2.2788854e+00 
7.6087152e+04 2.3451457e+00 
7.6137176e+04 2.4218719e+00 
7.6187201e+04 2.5064809e+00 
7.6237225e+04 2.6008456e+00 
7.6287250e+04 2.7029176e+00 
7.6337274e+04 2.8129311e+00 
7.6387298e+04 2.9287531e+00 
7.6437323e+04 3.0522387e+00 
7.6487347e+04 3.1754646e+00 
7.6537372e+04 3.3060803e+00 
7.6587396e+04 3.4378097e+00 
7.6637421e+04 3.5713658e+00 
7.6687445e+04 3.7059104e+00 
7.6737469e+04 3.8382664e+00 
7.6787494e+04 3.9681678e+00 
7.6837518e+04 4.0967593e+00 
7.6887543e+04 4.2226672e+00 
7.6937567e+04 4.3406677e+00 
7.6987592e+04 4.4542279e+00 
7.7037616e+04 4.5597062e+00 
7.7087640e+04 4.6559691e+00 
7.7137665e+04 4.7458401e+00 
7.7187689e+04 4.8230238e+00 
7.7237714e+04 4.8899641e+00 
7.7287738e+04 4.9486256e+00 
7.7337763e+04 4.9952073e+00 
7.7387787e+04 5.0311899e+00 
7.7437811e+04 5.0527658e+00 
7.7487836e+04 5.0642691e+00 
7.7537860e+04 5.0613937e+00 
7.7587885e+04 5.0494099e+00 
7.7637909e+04 5.0244751e+00 
7.7687934e+04 4.9870467e+00 
7.7737958e+04 4.9375730e+00 
7.7787982e+04 4.8779321e+00 
7.7838007e+04 4.8066335e+00 
7.7888031e+04 4.7241106e+00 
7.7938056e+04 4.6332417e+00 
7.7988080e+04 4.5321240e+00 
7.8038105e+04 4.4247284e+00 
7.8088129e+04 4.3112407e+00 
7.8138153e+04 4.1909833e+00 
7.8188178e+04 4.0677066e+00 
7.8238202e+04 3.9408319e+00 
7.8288227e+04 3.8070219e+00 
7.8338251e+04 3.6752813e+00 
7.8388276e+04 3.5416307e+00 
7.8438300e+04 3.4089041e+00 
7.8488324e+04 3.2761016e+00 
7.8538349e+04 3.1469228e+00 
7.8588373e+04 3.0185075e+00 
7.8638398e+04 2.8991418e+00 
7.8688422e+04 2.7846007e+00 
7.8738447e+04 2.6741128e+00 
7.8788471e+04 2.5740428e+00 
7.8838495e+04 2.4829600e+00 
7.8888520e+04 2.4011469e+00 
7.8938544e+04 2.3277433e+00 
7.8988569e+04 2.2658203e+00 
7.9038593e+04 2.2116389e+00 
7.9088617e+04 2.1715405e+00 
7.9138642e+04 2.1459796e+00 
7.9188666e+04 2.1305690e+00 
7.9238691e+04 2.1272006e+00 
7.9288715e+04 2.1377904e+00 
7.9338740e+04 2.1585138e+00 
7.9388764e+04 2.1923058e+00 
7.9438788e+04 2.2387240e+00 
7.9488813e+04 2.2958202e+00 
7.9538837e+04 2.3625383e+00 
7.9588862e+04 2.4411323e+00 
7.9638886e+04 2.5304573e+00 
7.9688911e+04 2.6242964e+00 
7.9738935e+04 2.7284284e+00 
7.9788959e+04 2.8401976e+00 
7.9838984e+04 2.9579647e+00 
7.9889008e+04 3.0831242e+00 
7.9939033e+04 3.2117555e+00 
7.9989057e+04 3.3413527e+00 
8.0039082e+04 3.4753439e+00 
8.0089106e+04 3.6082616e+00 
8.0139130e+04 3.7422943e+00 
8.0189155e+04 3.8763475e+00 
8.0239179e+04 4.0064917e+00 
8.0289204e+04 4.1316080e+00 
8.0339228e+04 4.2544012e+00 
8.0389253e+04 4.3720512e+00 
8.0439277e+04 4.4822860e+00 
8.0489301e+04 4.5858345e+00 
8.0539326e+04 4.6830416e+00 
8.0589350e+04 4.7690086e+00 
8.0639375e+04 4.8471150e+00 
8.0689399e+04 4.9116111e+00 
8.0739424e+04 4.9659204e+00 
8.0789448e+04 5.0086436e+00 
8.0839472e+04 5.0393414e+00 
8.0889497e+04 5.0589972e+00 
8.0939521e+04 5.0676236e+00 
8.0989546e+04 5.0609145e+00 
8.1039570e+04 5.0426979e+00 
8.1089595e+04 5.0129619e+00 
8.1139619e+04 4.9721632e+00 
8.1189643e+04 4.9193053e+00 
8.1239668e+04 4.8543396e+00 
8.1289692e+04 4.7805886e+00 
8.1339717e+04 4.6931901e+00 
8.1389741e+04 4.5993810e+00 
8.1439766e+04 4.4948654e+00 
8.1489790e+04 4.3855772e+00 
8.1539814e+04 4.2683578e+00 
8.1589839e+04 4.1464319e+00 
8.1639863e+04 4.0211725e+00 
8.1689888e+04 3.8903637e+00 
8.1739912e+04 3.7561855e+00 
8.1789936e+04 3.6226280e+00 
8.1839961e+04 3.4897671e+00 
8.1889985e+04 3.3548739e+00 
8.1940010e+04 3.2224011e+00 
8.1990034e+04 3.0937493e+00 
8.2040059e+04 2.9680371e+00 
8.2090083e+04 2.8492029e+00 
8.2140107e+04 2.7380764e+00 
8.2190132e+04 2.6333911e+00 
8.2240156e+04 2.5362082e+00 
8.2290181e+04 2.4497933e+00 
8.2340205e+04 2.3688164e+00 
8.2390230e+04 2.3011420e+00 
8.2440254e+04 2.2416267e+00 
8.2490278e+04 2.1927888e+00 
8.2540303e+04 2.1589959e+00 
8.2590327e+04 2.1377904e+00 
8.2640352e+04 2.1276817e+00 
8.2690376e+04 2.1305690e+00 
8.2740401e+04 2.1445341e+00 
8.2790425e+04 2.1686447e+00 
8.2840449e+04 2.2087383e+00 
8.2890474e+04 2.2609813e+00 
8.2940498e+04 2.3229079e+00 
8.2990523e+04 2.3953598e+00 
8.3040547e+04 2.4781566e+00 
8.3090572e+04 2.5668621e+00 
8.3140596e+04 2.6697974e+00 
8.3190620e+04 2.7773042e+00 
8.3240645e+04 2.8891318e+00 
8.3290669e+04 3.0108063e+00 
8.3340694e+04 3.1362829e+00 
8.3390718e+04 3.2649770e+00 
8.3440743e+04 3.4002266e+00 
8.3490767e+04 3.5363522e+00 
8.3540791e+04 3.6704960e+00 
8.3590816e+04 3.8060610e+00 
8.3640840e+04 3.9359634e+00 
8.3690865e+04 4.0662794e+00 
8.3740889e+04 4.1909833e+00 
8.3790914e+04 4.3136516e+00 
8.3840938e+04 4.4290800e+00 
8.3890962e+04 4.5374475e+00 
8.3940987e+04 4.6375947e+00 
8.3991011e+04 4.7284570e+00 
8.4041036e+04 4.8109722e+00 
8.4091060e+04 4.8822641e+00 
8.4141085e+04 4.9423790e+00 
8.4191109e+04 4.9928074e+00 
8.4241133e+04 5.0283122e+00 
8.4291158e+04 5.0522866e+00 
8.4341182e+04 5.0652285e+00 
8.4391207e+04 5.0628319e+00 
8.4441231e+04 5.0513272e+00 
8.4491255e+04 5.0259137e+00 
8.4541280e+04 4.9904070e+00 
8.4591304e+04 4.9414182e+00 
8.4641329e+04 4.8798575e+00 
8.4691353e+04 4.8100085e+00 
8.4741378e+04 4.7284570e+00 
8.4791402e+04 4.6366272e+00 
8.4841426e+04 4.5340595e+00 
8.4891451e+04 4.4261785e+00 
8.4941475e+04 4.3112407e+00 
8.4991500e+04 4.1900239e+00 
8.5041524e+04 4.0667553e+00 
8.5091549e+04 3.9383972e+00 
8.5141573e+04 3.8036604e+00 
8.5191597e+04 3.6700168e+00 
8.5241622e+04 3.5353928e+00 
8.5291646e+04 3.3982983e+00 
8.5341671e+04 3.2683632e+00 
8.5391695e+04 3.1372499e+00 
8.5441720e+04 3.0093627e+00 
8.5491744e+04 2.8900850e+00 
8.5541768e+04 2.7729313e+00 
8.5591793e+04 2.6654830e+00 
8.5641817e+04 2.5668621e+00 
8.5691842e+04 2.4757545e+00 
8.5741866e+04 2.3919830e+00 
8.5791891e+04 2.3229079e+00 
8.5841915e+04 2.2677557e+00 
8.5891939e+04 2.2217937e+00 
8.5941964e+04 2.1894071e+00 
8.5991988e+04 2.1623724e+00 
8.6042013e+04 2.1454978e+00 
8.6092037e+04 2.1344199e+00 
8.6142062e+04 2.1272006e+00 
8.6192086e+04 2.1252761e+00 
8.6242110e+04 2.1252761e+00 
8.6292135e+04 2.1281629e+00 
8.6342159e+04 2.1339386e+00 
8.6392184e+04 2.1397169e+00 
8.6442208e+04 2.1435704e+00 
8.6492233e+04 2.1498351e+00 
8.6542257e+04 2.1556203e+00 
8.6592281e+04 2.1599605e+00 
8.6642306e+04 2.1647847e+00 
8.6692330e+04 2.1696100e+00 
8.6742355e+04 2.1715405e+00 
8.6792379e+04 2.1734712e+00 
8.6842404e+04 2.1725059e+00 
8.6892428e+04 2.1734712e+00 
8.6942452e+04 2.1705754e+00 
8.6992477e+04 2.1681623e+00 
8.7042501e+04 2.1638198e+00 
8.7092526e+04 2.1609254e+00 
8.7142550e+04 2.1546559e+00 
8.7192574e+04 2.1493530e+00 
8.7242599e+04 2.1454978e+00 
8.7292623e+04 2.1401985e+00 
8.7342648e+04 2.1353829e+00 
8.7392672e+04 2.1334572e+00 
8.7442697e+04 2.1276817e+00 
8.7492721e+04 2.1247952e+00 
8.7542745e+04 2.1238329e+00 
8.7592770e+04 2.1238329e+00 
8.7642794e+04 2.1281629e+00 
8.7692819e+04 2.1324942e+00 
8.7742843e+04 2.1382720e+00 
8.7792868e+04 2.1488712e+00 
8.7842892e+04 2.1594784e+00 
8.7892916e+04 2.1739538e+00 
8.7942941e+04 2.1937554e+00 
8.7992965e+04 2.2159908e+00 
8.8042990e+04 2.2411430e+00 
8.8093014e+04 2.2721109e+00 
8.8143039e+04 2.3054960e+00 
8.8193063e+04 2.3436959e+00 
8.8243087e+04 2.3871586e+00 
8.8293112e+04 2.4305413e+00 
8.8343136e+04 2.4810388e+00 
8.8393161e+04 2.5395622e+00 
8.8443185e+04 2.5994096e+00 
8.8493210e+04 2.6635659e+00 
8.8543234e+04 2.7313216e+00 
8.8593258e+04 2.8036284e+00 
8.8643283e+04 2.8815126e+00 
8.8693307e+04 2.9627600e+00 
8.8743332e+04 3.0483806e+00 
8.8793356e+04 3.1362829e+00 
8.8843381e+04 3.2291758e+00 
8.8893405e+04 3.3220291e+00 
8.8943429e+04 3.4185426e+00 
8.8993454e+04 3.5161903e+00 
8.9043478e+04 3.6154454e+00 
8.9093503e+04 3.7145257e+00 
8.9143527e+04 3.8123047e+00 
8.9193552e+04 3.9131286e+00 
8.9243576e+04 4.0131192e+00 
8.9293600e+04 4.1096387e+00 
8.9343625e+04 4.2058587e+00 
8.9393649e+04 4.2987061e+00 
8.9443674e+04 4.3889604e+00 
8.9493698e+04 4.4788990e+00 
8.9543723e+04 4.5630937e+00 
8.9593747e+04 4.6409793e+00 
8.9643771e+04 4.7139659e+00 
8.9693796e+04 4.7839656e+00 
8.9743820e+04 4.8442249e+00 
8.9793845e+04 4.9000673e+00 
8.9843869e+04 4.9476647e+00 
8.9893894e+04 4.9870467e+00 
8.9943918e+04 5.0206375e+00 
8.9993942e+04 5.0450950e+00 
9.0043967e+04 5.0594764e+00 
9.0093991e+04 5.0676236e+00 
9.0144016e+04 5.0633106e+00 
9.0194040e+04 5.0518069e+00 
9.0244064e+04 5.0340667e+00 
9.0294089e+04 5.0028858e+00 
9.0344113e+04 4.9635186e+00 
9.0394138e+04 4.9164205e+00 
9.0444162e+04 4.8586750e+00 
9.0494187e+04 4.7940950e+00 
9.0544211e+04 4.7226615e+00 
9.0594235e+04 4.6404963e+00 
9.0644260e+04 4.5543833e+00 
9.0694284e+04 4.4590645e+00 
9.0744309e+04 4.3585296e+00 
9.0794333e+04 4.2563257e+00 
9.0844358e+04 4.1435618e+00 
9.0894382e+04 4.0282831e+00 
9.0944406e+04 3.9116733e+00 
9.0994431e+04 3.7916622e+00 
9.1044455e+04 3.6714532e+00 
9.1094480e+04 3.5483472e+00 
9.1144504e+04 3.4262512e+00 
9.1194529e+04 3.3051136e+00 
9.1244553e+04 3.1890128e+00 
9.1294577e+04 3.0691242e+00 
9.1344602e+04 2.9550884e+00 
9.1394626e+04 2.8454096e+00 
9.1444651e+04 2.7404904e+00 
9.1494675e+04 2.6444035e+00 
9.1544700e+04 2.5515385e+00 
9.1594724e+04 2.4661431e+00 
9.1644748e+04 2.3905358e+00 
9.1694773e+04 2.3238750e+00 
9.1744797e+04 2.2643685e+00 
9.1794822e+04 2.2169578e+00 
9.1844846e+04 2.1782990e+00 
9.1894871e+04 2.1503172e+00 
9.1944895e+04 2.1353829e+00 
9.1994919e+04 2.1267195e+00 
9.2044944e+04 2.1305690e+00 
9.2094968e+04 2.1469436e+00 
9.2144993e+04 2.1715405e+00 
9.2195017e+04 2.2101884e+00 
9.2245042e+04 2.2590456e+00 
9.2295066e+04 2.3161373e+00 
9.2345090e+04 2.3837807e+00 
9.2395115e+04 2.4608550e+00 
9.2445139e+04 2.5438743e+00 
9.2495164e+04 2.6367424e+00 
9.2545188e+04 2.7375934e+00 
9.2595213e+04 2.8458836e+00 
9.2645237e+04 2.9589238e+00 
9.2695261e+04 3.0768473e+00 
9.2745286e+04 3.1972387e+00 
9.2795310e+04 3.3234785e+00 
9.2845335e+04 3.4532146e+00 
9.2895359e+04 3.5790350e+00 
9.2945383e+04 3.7092612e+00 
9.2995408e+04 3.8368227e+00 
9.3045432e+04 3.9647441e+00 
9.3095457e+04 4.0886559e+00 
9.3145481e+04 4.2068191e+00 
9.3195506e+04 4.3218508e+00 
9.3245530e+04 4.4324651e+00 
9.3295554e+04 4.5350275e+00 
9.3345579e+04 4.6332417e+00 
9.3395603e+04 4.7212124e+00 
9.3445628e+04 4.7989182e+00 
9.3495652e+04 4.8697486e+00 
9.3545677e+04 4.9298825e+00 
9.3595701e+04 4.9788857e+00 
9.3645725e+04 5.0177593e+00 
9.3695750e+04 5.0450950e+00 
9.3745774e+04 5.0618730e+00 
9.3795799e+04 5.0666661e+00 
9.3845823e+04 5.0585175e+00 
9.3895848e+04 5.0412598e+00 
9.3945872e+04 5.0124822e+00 
9.3995896e+04 4.9692822e+00 
9.4045921e+04 4.9197865e+00 
9.4095945e+04 4.8577113e+00 
9.4145970e+04 4.7839656e+00 
9.4195994e+04 4.7018886e+00 
9.4246019e+04 4.6095400e+00 
9.4296043e+04 4.5113168e+00 
9.4346067e+04 4.4058743e+00 
9.4396092e+04 4.2938867e+00 
9.4446116e+04 4.1756406e+00 
9.4496141e+04 4.0539169e+00 
9.4546165e+04 3.9262373e+00 
9.4596190e+04 3.7940609e+00 
9.4646214e+04 3.6647525e+00 
9.4696238e+04 3.5344326e+00 
9.4746263e+04 3.4045656e+00 
9.4796287e+04 3.2756183e+00 
9.4846312e+04 3.1478901e+00 
9.4896336e+04 3.0247674e+00 
9.4946361e+04 2.9067755e+00 
9.4996385e+04 2.7923968e+00 
9.5046409e+04 2.6870668e+00 
9.5096434e+04 2.5864880e+00 
9.5146458e+04 2.4964039e+00 
9.5196483e+04 2.4146445e+00 
9.5246507e+04 2.3403125e+00 
9.5296532e+04 2.2769499e+00 
9.5346556e+04 2.2237282e+00 
9.5396580e+04 2.1826448e+00 
9.5446605e+04 2.1527274e+00 
9.5496629e+04 2.1344199e+00 
9.5546654e+04 2.1257570e+00 
9.5596678e+04 2.1320131e+00 
9.5646702e+04 2.1498351e+00 
9.5696727e+04 2.1763675e+00 
9.5746751e+04 2.2188921e+00 
9.5796776e+04 2.2682397e+00 
9.5846800e+04 2.3311276e+00 
9.5896825e+04 2.4040401e+00 
9.5946849e+04 2.4829600e+00 
9.5996873e+04 2.5740428e+00 
9.6046898e+04 2.6741128e+00 
9.6096922e+04 2.7797351e+00 
9.6146947e+04 2.8924675e+00 
9.6196971e+04 3.0103254e+00 
9.6246996e+04 3.1343486e+00 
9.6297020e+04 3.2620752e+00 
9.6347044e+04 3.3910646e+00 
9.6397069e+04 3.5233924e+00 
9.6447093e+04 3.6547019e+00 
9.6497118e+04 3.7849464e+00 
9.6547142e+04 3.9165246e+00 
9.6597167e+04 4.0444169e+00 
9.6647191e+04 4.1670165e+00 
9.6697215e+04 4.2856956e+00 
9.6747240e+04 4.3995914e+00 
9.6797264e+04 4.5079293e+00 
9.6847289e+04 4.6105084e+00 
9.6897313e+04 4.7023711e+00 
9.6947338e+04 4.7849307e+00 
9.6997362e+04 4.8567481e+00 
9.7047386e+04 4.9188247e+00 
9.7097411e+04 4.9702425e+00 
9.7147435e+04 5.0144014e+00 
9.7197460e+04 5.0422182e+00 
9.7247484e+04 5.0604353e+00 
9.7297509e+04 5.0657072e+00 
9.7347533e+04 5.0589972e+00 
9.7397557e+04 5.0431776e+00 
9.7447582e+04 5.0115228e+00 
9.7497606e+04 4.9702425e+00 
9.7547631e+04 4.9207482e+00 
9.7597655e+04 4.8572292e+00 
9.7647680e+04 4.7844481e+00 
9.7697704e+04 4.7014050e+00 
9.7747728e+04 4.6076055e+00 
9.7797753e+04 4.5093818e+00 
9.7847777e+04 4.4024916e+00 
9.7897802e+04 4.2856956e+00 
9.7947826e+04 4.1665373e+00 
9.7997851e+04 4.0429926e+00 
9.8047875e+04 3.9131286e+00 
9.8097899e+04 3.7839870e+00 
9.8147924e+04 3.6513515e+00 
9.8197948e+04 3.5190713e+00 
9.8247973e+04 3.3872063e+00 
9.8297997e+04 3.2543349e+00 
9.8348021e+04 3.1285462e+00 
9.8398046e+04 3.0050325e+00 
9.8448070e+04 2.8853214e+00 
9.8498095e+04 2.7729313e+00 
9.8548119e+04 2.6659625e+00 
9.8598144e+04 2.5673409e+00 
9.8648168e+04 2.4776762e+00 
9.8698192e+04 2.3934300e+00 
9.8748217e+04 2.3258092e+00 
9.8798241e+04 2.2643685e+00 
9.8848266e+04 2.2121224e+00 
9.8898290e+04 2.1734712e+00 
9.8948315e+04 2.1464615e+00 
9.8998339e+04 2.1296065e+00 
9.9048363e+04 2.1296065e+00 
9.9098388e+04 2.1368272e+00 
9.9148412e+04 2.1556203e+00 
9.9198437e+04 2.1903734e+00 
9.9248461e+04 2.2314675e+00 
9.9298486e+04 2.2890465e+00 
9.9348510e+04 2.3552926e+00 
9.9398534e+04 2.4295781e+00 
9.9448559e+04 2.5160742e+00 
9.9498583e+04 2.6099381e+00 
9.9548608e+04 2.7115734e+00 
9.9598632e+04 2.8227489e+00 
9.9648657e+04 2.9368868e+00 
9.9698681e+04 3.0585091e+00 
9.9748705e+04 3.1856253e+00 
9.9798730e+04 3.3123639e+00 
9.9848754e+04 3.4455132e+00 
9.9898779e+04 3.5766382e+00 
9.9948803e+04 3.7078249e+00 
9.9998828e+04 3.8392289e+00 
1.0004885e+05 3.9696362e+00 
1.0009888e+05 4.0991435e+00 
1.0014890e+05 4.2226672e+00 
1.0019893e+05 4.3387370e+00 
1.0024895e+05 4.4513254e+00 
1.0029897e+05 4.5568027e+00 
1.0034900e+05 4.6535521e+00 
1.0039902e+05 4.7400465e+00 
1.0044905e+05 4.8182030e+00 
1.0049907e+05 4.8870764e+00 
1.0054910e+05 4.9467039e+00 
1.0059912e+05 4.9937668e+00 
1.0064915e+05 5.0283122e+00 
1.0069917e+05 5.0527658e+00 
1.0074919e+05 5.0628319e+00 
1.0079922e+05 5.0633106e+00 
1.0084924e+05 5.0537243e+00 
1.0089927e+05 5.0283122e+00 
1.0094929e+05 4.9947271e+00 
1.0099932e+05 4.9481454e+00 
1.0104934e+05 4.8909259e+00 
1.0109936e+05 4.8235054e+00 
1.0114939e+05 4.7434268e+00 
1.0119941e+05 4.6564531e+00 
1.0124944e+05 4.5606737e+00 
1.0129946e+05 4.4566460e+00 
1.0134949e+05 4.3464594e+00 
1.0139951e+05 4.2322788e+00 
1.0144954e+05 4.1101155e+00 
1.0149956e+05 3.9828672e+00 
1.0154958e+05 3.8522303e+00 
1.0159961e+05 3.7212274e+00 
1.0164963e+05 3.5895782e+00 
1.0169966e+05 3.4551399e+00 
1.0174968e+05 3.3234785e+00 
1.0179971e+05 3.1938515e+00 
1.0184973e+05 3.0662286e+00 
1.0189976e+05 2.9464629e+00 
1.0194978e+05 2.8307288e+00 
1.0199980e+05 2.7178299e+00 
1.0204983e+05 2.6152027e+00 
1.0209985e+05 2.5194311e+00 
1.0214988e+05 2.4334302e+00 
1.0219990e+05 2.3581910e+00 
1.0224993e+05 2.2904983e+00 
1.0229995e+05 2.2353375e+00 
1.0234998e+05 2.1908565e+00 
1.0240000e+05 2.1575491e+00 
