0.0000000e+00 7.1854959e-04 
1.2800000e+02 5.0122058e-04 
2.5600000e+02 1.6062024e-04 
3.8400000e+02 2.0415046e-05 
5.1200000e+02 1.7116788e-06 
6.4000000e+02 6.6512553e-07 
7.6800000e+02 5.6282187e-07 
8.9600000e+02 4.8621530e-07 
1.0240000e+03 6.2582308e-07 
1.1520000e+03 7.7795761e-07 
1.2800000e+03 6.6216865e-07 
1.4080000e+03 6.9702963e-07 
1.5360000e+03 7.4525911e-07 
1.6640000e+03 5.0352344e-07 
1.7920000e+03 3.5752004e-07 
1.9200000e+03 3.5118430e-07 
2.0480000e+03 3.7355727e-07 
2.1760000e+03 4.1051265e-07 
2.3040000e+03 4.0893769e-07 
2.4320000e+03 3.4703427e-07 
2.5600000e+03 3.3007734e-07 
2.6880000e+03 3.3601791e-07 
2.8160000e+03 4.0317229e-07 
2.9440000e+03 5.4098746e-07 
3.0720000e+03 5.4601020e-07 
3.2000000e+03 4.9215129e-07 
3.3280000e+03 7.8823729e-07 
3.4560000e+03 4.9671294e-06 
3.5840000e+03 1.4883259e-05 
3.7120000e+03 1.9762903e-05 
3.8400000e+03 1.2226233e-05 
3.9680000e+03 3.2426744e-06 
4.0960000e+03 6.3312069e-07 
4.2240000e+03 5.0780062e-07 
4.3520000e+03 4.5157594e-07 
4.4800000e+03 3.9830252e-07 
4.6080000e+03 3.7253042e-07 
4.7360000e+03 3.6897549e-07 
4.8640000e+03 3.5584077e-07 
4.9920000e+03 3.4702629e-07 
5.1200000e+03 3.4273830e-07 
5.2480000e+03 3.2524301e-07 
5.3760000e+03 3.2917907e-07 
5.5040000e+03 3.3257652e-07 
5.6320000e+03 3.2859552e-07 
5.7600000e+03 3.1839721e-07 
5.8880000e+03 3.1026485e-07 
6.0160000e+03 3.2620181e-07 
6.1440000e+03 3.3058620e-07 
6.2720000e+03 3.1802267e-07 
6.4000000e+03 3.1850246e-07 
6.5280000e+03 3.2823854e-07 
6.6560000e+03 3.2462225e-07 
6.7840000e+03 2.8646608e-07 
6.9120000e+03 2.6580750e-07 
7.0400000e+03 2.6728776e-07 
7.1680000e+03 2.8216172e-07 
7.2960000e+03 2.8071156e-07 
7.4240000e+03 2.6175491e-07 
7.5520000e+03 2.6482084e-07 
7.6800000e+03 2.8118043e-07 
7.8080000e+03 2.7790159e-07 
7.9360000e+03 2.6461535e-07 
8.0640000e+03 2.5812494e-07 
8.1920000e+03 2.6124269e-07 
8.3200000e+03 2.6695164e-07 
8.4480000e+03 2.7091062e-07 
8.5760000e+03 2.7506570e-07 
8.7040000e+03 2.6037932e-07 
8.8320000e+03 2.5294389e-07 
8.9600000e+03 2.5366478e-07 
9.0880000e+03 2.5564574e-07 
9.2160000e+03 2.6177588e-07 
9.3440000e+03 2.7474695e-07 
9.4720000e+03 3.0477358e-07 
9.6000000e+03 4.5773186e-07 
9.7280000e+03 5.4578243e-07 
9.8560000e+03 4.0527112e-07 
9.9840000e+03 2.8363931e-07 
1.0112000e+04 2.6263871e-07 
1.0240000e+04 2.5588753e-07 
1.0368000e+04 2.5524858e-07 
1.0496000e+04 2.6531038e-07 
1.0624000e+04 3.2974989e-07 
1.0752000e+04 3.6610109e-07 
1.0880000e+04 3.0720494e-07 
1.1008000e+04 2.8276122e-07 
1.1136000e+04 2.7019502e-07 
1.1264000e+04 2.5705529e-07 
1.1392000e+04 2.5213950e-07 
1.1520000e+04 2.4991968e-07 
1.1648000e+04 2.5516621e-07 
1.1776000e+04 2.6269552e-07 
1.1904000e+04 2.6241244e-07 
1.2032000e+04 2.5343010e-07 
1.2160000e+04 2.4866142e-07 
1.2288000e+04 2.4635452e-07 
1.2416000e+04 2.4749536e-07 
1.2544000e+04 2.5095437e-07 
1.2672000e+04 2.5306363e-07 
1.2800000e+04 2.5344929e-07 
1.2928000e+04 2.5519759e-07 
1.3056000e+04 2.5213203e-07 
1.3184000e+04 2.4487321e-07 
1.3312000e+04 2.3750086e-07 
1.3440000e+04 2.3744219e-07 
1.3568000e+04 2.4410951e-07 
1.3696000e+04 2.4604097e-07 
1.3824000e+04 2.4918617e-07 
1.3952000e+04 2.5804474e-07 
1.4080000e+04 2.5450447e-07 
1.4208000e+04 2.4392142e-07 
1.4336000e+04 2.4587030e-07 
1.4464000e+04 2.5743574e-07 
1.4592000e+04 2.6107926e-07 
1.4720000e+04 2.5441230e-07 
1.4848000e+04 2.5249966e-07 
1.4976000e+04 2.5513651e-07 
1.5104000e+04 2.8809555e-07 
1.5232000e+04 1.1053710e-06 
1.5360000e+04 2.9488983e-06 
1.5488000e+04 3.5833509e-06 
1.5616000e+04 2.0305040e-06 
1.5744000e+04 5.3185340e-07 
1.5872000e+04 2.5679859e-07 
1.6000000e+04 2.5157871e-07 
1.6128000e+04 2.4380603e-07 
1.6256000e+04 2.3709234e-07 
1.6384000e+04 2.3641414e-07 
1.6512000e+04 2.3461465e-07 
1.6640000e+04 2.3953726e-07 
1.6768000e+04 2.4283278e-07 
1.6896000e+04 2.4138086e-07 
1.7024000e+04 2.4160465e-07 
1.7152000e+04 2.4087547e-07 
1.7280000e+04 2.3807367e-07 
1.7408000e+04 2.4228655e-07 
1.7536000e+04 2.4704957e-07 
1.7664000e+04 2.5063358e-07 
1.7792000e+04 2.5534362e-07 
1.7920000e+04 2.6369133e-07 
1.8048000e+04 2.6104573e-07 
1.8176000e+04 2.4550235e-07 
1.8304000e+04 2.3728452e-07 
1.8432000e+04 2.3681343e-07 
1.8560000e+04 2.3959248e-07 
1.8688000e+04 2.4238952e-07 
1.8816000e+04 2.4127090e-07 
1.8944000e+04 2.3735045e-07 
1.9072000e+04 2.4053321e-07 
1.9200000e+04 2.4733563e-07 
1.9328000e+04 2.8422977e-07 
1.9456000e+04 3.4497069e-07 
1.9584000e+04 3.2120624e-07 
1.9712000e+04 3.2004593e-07 
1.9840000e+04 7.3588484e-07 
1.9968000e+04 1.1336815e-06 
2.0096000e+04 8.5679716e-07 
2.0224000e+04 3.6862158e-07 
2.0352000e+04 3.2603103e-07 
2.0480000e+04 3.4846951e-07 
2.0608000e+04 2.7731639e-07 
2.0736000e+04 2.4485331e-07 
2.0864000e+04 2.3653253e-07 
2.0992000e+04 2.3668788e-07 
2.1120000e+04 2.4362834e-07 
2.1248000e+04 2.4815387e-07 
2.1376000e+04 2.4763753e-07 
2.1504000e+04 2.4155796e-07 
2.1632000e+04 2.3389988e-07 
2.1760000e+04 2.3524068e-07 
2.1888000e+04 2.3948888e-07 
2.2016000e+04 2.3535357e-07 
2.2144000e+04 2.3638403e-07 
2.2272000e+04 2.4162480e-07 
2.2400000e+04 2.4258202e-07 
2.2528000e+04 2.4662165e-07 
2.2656000e+04 2.4919467e-07 
2.2784000e+04 2.4639132e-07 
2.2912000e+04 2.4513818e-07 
2.3040000e+04 2.4676032e-07 
2.3168000e+04 2.4946348e-07 
2.3296000e+04 2.5107565e-07 
2.3424000e+04 2.4874498e-07 
2.3552000e+04 2.5047484e-07 
2.3680000e+04 2.5412865e-07 
2.3808000e+04 2.4702055e-07 
2.3936000e+04 2.4921820e-07 
2.4064000e+04 2.4996359e-07 
2.4192000e+04 2.4966735e-07 
2.4320000e+04 2.5233891e-07 
2.4448000e+04 2.5453662e-07 
2.4576000e+04 2.6405348e-07 
2.4704000e+04 2.6838464e-07 
2.4832000e+04 2.7646908e-07 
2.4960000e+04 3.3048531e-07 
2.5088000e+04 4.0664170e-07 
2.5216000e+04 3.6909543e-07 
2.5344000e+04 2.9020103e-07 
2.5472000e+04 2.6710703e-07 
2.5600000e+04 2.7610446e-07 
2.5728000e+04 2.8802788e-07 
2.5856000e+04 2.8358014e-07 
2.5984000e+04 2.8176206e-07 
2.6112000e+04 2.7931455e-07 
2.6240000e+04 2.8209885e-07 
2.6368000e+04 2.9182738e-07 
2.6496000e+04 3.1159627e-07 
2.6624000e+04 3.4101501e-07 
2.6752000e+04 4.1341926e-07 
2.6880000e+04 5.5464210e-07 
2.7008000e+04 6.4883000e-07 
2.7136000e+04 5.7469265e-07 
2.7264000e+04 4.5806118e-07 
2.7392000e+04 4.2213566e-07 
2.7520000e+04 4.4215599e-07 
2.7648000e+04 4.8062049e-07 
2.7776000e+04 5.2363993e-07 
2.7904000e+04 6.1479341e-07 
2.8032000e+04 7.7992979e-07 
2.8160000e+04 1.2965867e-06 
2.8288000e+04 7.3170659e-06 
2.8416000e+04 2.2934933e-05 
2.8544000e+04 3.1888107e-05 
2.8672000e+04 2.0731461e-05 
2.8800000e+04 5.8831306e-06 
2.8928000e+04 1.1435087e-06 
2.9056000e+04 7.7268993e-07 
2.9184000e+04 6.2735722e-07 
2.9312000e+04 5.4100883e-07 
2.9440000e+04 4.8352206e-07 
2.9568000e+04 4.4692996e-07 
2.9696000e+04 4.1177393e-07 
2.9824000e+04 3.8133356e-07 
2.9952000e+04 3.6638457e-07 
3.0080000e+04 3.4563871e-07 
3.0208000e+04 3.2010462e-07 
3.0336000e+04 3.1349052e-07 
3.0464000e+04 3.0953228e-07 
3.0592000e+04 2.9232669e-07 
3.0720000e+04 2.8631169e-07 
3.0848000e+04 2.9267258e-07 
3.0976000e+04 2.8993509e-07 
3.1104000e+04 2.8168441e-07 
3.1232000e+04 2.7860946e-07 
3.1360000e+04 2.7582874e-07 
3.1488000e+04 2.6971782e-07 
3.1616000e+04 2.6466330e-07 
3.1744000e+04 2.6538757e-07 
3.1872000e+04 2.6305747e-07 
3.2000000e+04 2.6233494e-07 
3.2128000e+04 2.6936002e-07 
3.2256000e+04 2.6566570e-07 
3.2384000e+04 2.5112391e-07 
3.2512000e+04 2.4976771e-07 
3.2640000e+04 2.5571927e-07 
3.2768000e+04 2.5574735e-07 
3.2896000e+04 2.4694489e-07 
3.3024000e+04 2.4560265e-07 
3.3152000e+04 2.5249412e-07 
3.3280000e+04 2.6052689e-07 
3.3408000e+04 2.6526317e-07 
3.3536000e+04 2.5777430e-07 
3.3664000e+04 2.4552230e-07 
3.3792000e+04 2.4449577e-07 
3.3920000e+04 2.5394928e-07 
3.4048000e+04 2.6592105e-07 
3.4176000e+04 2.5500881e-07 
3.4304000e+04 2.4976524e-07 
3.4432000e+04 2.5284254e-07 
3.4560000e+04 2.5108420e-07 
3.4688000e+04 2.4528816e-07 
3.4816000e+04 2.4388072e-07 
3.4944000e+04 2.4600422e-07 
3.5072000e+04 2.4733563e-07 
3.5200000e+04 2.4826994e-07 
3.5328000e+04 2.4634102e-07 
3.5456000e+04 2.4577395e-07 
3.5584000e+04 2.4722323e-07 
3.5712000e+04 2.4707398e-07 
3.5840000e+04 2.4971999e-07 
3.5968000e+04 2.4626178e-07 
3.6096000e+04 2.3739084e-07 
3.6224000e+04 2.3610077e-07 
3.6352000e+04 2.3964222e-07 
3.6480000e+04 2.4456824e-07 
3.6608000e+04 2.4781460e-07 
3.6736000e+04 2.4110989e-07 
3.6864000e+04 2.3656187e-07 
3.6992000e+04 2.3935900e-07 
3.7120000e+04 2.3638714e-07 
3.7248000e+04 2.3488271e-07 
3.7376000e+04 2.3707410e-07 
3.7504000e+04 2.3427822e-07 
3.7632000e+04 2.3883189e-07 
3.7760000e+04 2.4390241e-07 
3.7888000e+04 2.4392008e-07 
3.8016000e+04 2.4120229e-07 
3.8144000e+04 2.3450313e-07 
3.8272000e+04 2.3723268e-07 
3.8400000e+04 2.3891658e-07 
3.8528000e+04 2.3612152e-07 
3.8656000e+04 2.3740779e-07 
3.8784000e+04 2.3953146e-07 
3.8912000e+04 2.3839304e-07 
3.9040000e+04 2.4153886e-07 
3.9168000e+04 2.4714345e-07 
3.9296000e+04 2.4234907e-07 
3.9424000e+04 2.4353341e-07 
3.9552000e+04 2.4585410e-07 
3.9680000e+04 2.4115650e-07 
3.9808000e+04 2.4028034e-07 
3.9936000e+04 2.4441337e-07 
4.0064000e+04 2.4266592e-07 
4.0192000e+04 2.4379156e-07 
4.0320000e+04 2.4700890e-07 
4.0448000e+04 2.4695194e-07 
4.0576000e+04 2.4591674e-07 
4.0704000e+04 2.4698014e-07 
4.0832000e+04 2.4107865e-07 
4.0960000e+04 2.3675651e-07 
4.1088000e+04 2.4731364e-07 
4.1216000e+04 2.7918853e-07 
4.1344000e+04 3.6351238e-07 
4.1472000e+04 5.2480777e-07 
4.1600000e+04 8.0762169e-07 
4.1728000e+04 9.4839396e-07 
4.1856000e+04 6.5967816e-07 
4.1984000e+04 3.3116129e-07 
4.2112000e+04 2.4346710e-07 
4.2240000e+04 2.3524197e-07 
4.2368000e+04 2.3760779e-07 
4.2496000e+04 2.4292717e-07 
4.2624000e+04 2.4791393e-07 
4.2752000e+04 2.4712554e-07 
4.2880000e+04 2.4589622e-07 
4.3008000e+04 2.4681179e-07 
4.3136000e+04 2.4670695e-07 
4.3264000e+04 2.4470336e-07 
4.3392000e+04 2.4178271e-07 
4.3520000e+04 2.4082468e-07 
4.3648000e+04 2.4267231e-07 
4.3776000e+04 2.4953800e-07 
4.3904000e+04 2.5596253e-07 
4.4032000e+04 2.9677668e-07 
4.4160000e+04 1.0651353e-06 
4.4288000e+04 2.4612093e-06 
4.4416000e+04 2.6267389e-06 
4.4544000e+04 1.3053728e-06 
4.4672000e+04 3.4773188e-07 
4.4800000e+04 2.4452851e-07 
4.4928000e+04 2.4142858e-07 
4.5056000e+04 2.3697001e-07 
4.5184000e+04 2.3441896e-07 
4.5312000e+04 2.3769417e-07 
4.5440000e+04 2.4273550e-07 
4.5568000e+04 2.4504698e-07 
4.5696000e+04 2.4498752e-07 
4.5824000e+04 2.4071920e-07 
4.5952000e+04 2.3493971e-07 
4.6080000e+04 2.3231993e-07 
4.6208000e+04 2.3145023e-07 
4.6336000e+04 2.3861381e-07 
4.6464000e+04 2.4530942e-07 
4.6592000e+04 2.4366659e-07 
4.6720000e+04 2.4306058e-07 
4.6848000e+04 2.4150069e-07 
4.6976000e+04 2.3273634e-07 
4.7104000e+04 2.3021620e-07 
4.7232000e+04 2.3721783e-07 
4.7360000e+04 2.4091301e-07 
4.7488000e+04 2.4753015e-07 
4.7616000e+04 2.7962875e-07 
4.7744000e+04 2.8435088e-07 
4.7872000e+04 2.4695765e-07 
4.8000000e+04 2.3586138e-07 
4.8128000e+04 2.3841294e-07 
4.8256000e+04 2.3889902e-07 
4.8384000e+04 2.4042311e-07 
4.8512000e+04 2.4337169e-07 
4.8640000e+04 2.3985385e-07 
4.8768000e+04 2.3416635e-07 
4.8896000e+04 2.3743881e-07 
4.9024000e+04 2.4379665e-07 
4.9152000e+04 2.4270989e-07 
4.9280000e+04 2.3424735e-07 
4.9408000e+04 2.3268217e-07 
4.9536000e+04 2.3756137e-07 
4.9664000e+04 2.4080776e-07 
4.9792000e+04 2.4328244e-07 
4.9920000e+04 2.5227601e-07 
5.0048000e+04 2.5813515e-07 
5.0176000e+04 2.4640241e-07 
5.0304000e+04 2.3791061e-07 
5.0432000e+04 2.3480561e-07 
5.0560000e+04 2.3842657e-07 
5.0688000e+04 2.4049015e-07 
5.0816000e+04 2.3875086e-07 
5.0944000e+04 2.3802427e-07 
5.1072000e+04 2.3765294e-07 
5.1200000e+04 2.3680381e-07 
5.1328000e+04 2.3687429e-07 
5.1456000e+04 2.4044343e-07 
5.1584000e+04 2.4120362e-07 
5.1712000e+04 2.4012053e-07 
5.1840000e+04 2.4530081e-07 
5.1968000e+04 2.5772309e-07 
5.2096000e+04 2.5792917e-07 
5.2224000e+04 2.4177288e-07 
5.2352000e+04 2.3776647e-07 
5.2480000e+04 2.3955042e-07 
5.2608000e+04 2.3888853e-07 
5.2736000e+04 2.3841844e-07 
5.2864000e+04 2.3860909e-07 
5.2992000e+04 2.3773593e-07 
5.3120000e+04 2.3567603e-07 
5.3248000e+04 2.3912182e-07 
5.3376000e+04 2.3859153e-07 
5.3504000e+04 2.3971407e-07 
5.3632000e+04 2.4437122e-07 
5.3760000e+04 2.4254766e-07 
5.3888000e+04 2.3813092e-07 
5.4016000e+04 2.3743463e-07 
5.4144000e+04 2.3597948e-07 
5.4272000e+04 2.3396358e-07 
5.4400000e+04 2.3473473e-07 
5.4528000e+04 2.3544921e-07 
5.4656000e+04 2.3658447e-07 
5.4784000e+04 2.3733585e-07 
5.4912000e+04 2.3953069e-07 
5.5040000e+04 2.4011734e-07 
5.5168000e+04 2.3869791e-07 
5.5296000e+04 2.3599814e-07 
5.5424000e+04 2.3789050e-07 
5.5552000e+04 2.3957725e-07 
5.5680000e+04 2.3340399e-07 
5.5808000e+04 2.3443312e-07 
5.5936000e+04 2.3886466e-07 
5.6064000e+04 2.3687012e-07 
5.6192000e+04 2.3910843e-07 
5.6320000e+04 2.4171342e-07 
5.6448000e+04 2.3968300e-07 
5.6576000e+04 2.4437205e-07 
5.6704000e+04 2.6339561e-07 
5.6832000e+04 2.6625762e-07 
5.6960000e+04 2.5023380e-07 
5.7088000e+04 2.5210960e-07 
5.7216000e+04 2.6183022e-07 
5.7344000e+04 2.5319287e-07 
5.7472000e+04 2.4688904e-07 
5.7600000e+04 2.4550019e-07 
5.7728000e+04 2.4048171e-07 
5.7856000e+04 2.3851740e-07 
5.7984000e+04 2.3819446e-07 
5.8112000e+04 2.3966064e-07 
5.8240000e+04 2.4465260e-07 
5.8368000e+04 2.4722542e-07 
5.8496000e+04 2.4458598e-07 
5.8624000e+04 2.4602664e-07 
5.8752000e+04 2.4977345e-07 
5.8880000e+04 2.5237577e-07 
5.9008000e+04 2.5084060e-07 
5.9136000e+04 2.4286905e-07 
5.9264000e+04 2.3999189e-07 
5.9392000e+04 2.4015955e-07 
5.9520000e+04 2.3870524e-07 
5.9648000e+04 2.4087123e-07 
5.9776000e+04 2.4020437e-07 
5.9904000e+04 2.4219426e-07 
6.0032000e+04 2.4975233e-07 
6.0160000e+04 2.4781596e-07 
6.0288000e+04 2.4481434e-07 
6.0416000e+04 2.4325894e-07 
6.0544000e+04 2.3917826e-07 
6.0672000e+04 2.4050681e-07 
6.0800000e+04 2.4066344e-07 
6.0928000e+04 2.3921820e-07 
6.1056000e+04 2.3644944e-07 
6.1184000e+04 2.3976881e-07 
6.1312000e+04 2.4324774e-07 
6.1440000e+04 2.4276960e-07 
6.1568000e+04 2.4566413e-07 
6.1696000e+04 2.5197346e-07 
6.1824000e+04 2.5391444e-07 
6.1952000e+04 2.4801631e-07 
6.2080000e+04 2.4577096e-07 
6.2208000e+04 2.4630287e-07 
6.2336000e+04 2.4464532e-07 
6.2464000e+04 2.4252583e-07 
6.2592000e+04 2.4013528e-07 
6.2720000e+04 2.3920899e-07 
6.2848000e+04 2.3634354e-07 
6.2976000e+04 2.3715950e-07 
6.3104000e+04 2.3766415e-07 
6.3232000e+04 2.3852186e-07 
6.3360000e+04 2.3855802e-07 
6.3488000e+04 2.3625222e-07 
6.3616000e+04 2.3789939e-07 
6.3744000e+04 2.4484390e-07 
6.3872000e+04 2.4727402e-07 
6.4000000e+04 2.4637833e-07 
6.4128000e+04 2.4551366e-07 
6.4256000e+04 2.4525448e-07 
6.4384000e+04 2.4987878e-07 
6.4512000e+04 2.5716511e-07 
6.4640000e+04 3.0817958e-07 
6.4768000e+04 7.5632232e-07 
6.4896000e+04 1.4363110e-06 
6.5024000e+04 1.5805481e-06 
6.5152000e+04 2.0695709e-06 
6.5280000e+04 2.0941359e-06 
6.5408000e+04 1.0606959e-06 
6.5536000e+04 4.0352526e-07 
6.5664000e+04 2.9962382e-07 
6.5792000e+04 2.6926332e-07 
6.5920000e+04 2.6386249e-07 
6.6048000e+04 2.6350293e-07 
6.6176000e+04 3.1615210e-07 
6.6304000e+04 1.1293357e-06 
6.6432000e+04 2.8090765e-06 
6.6560000e+04 3.2438140e-06 
6.6688000e+04 1.7525656e-06 
6.6816000e+04 4.6134244e-07 
6.6944000e+04 2.6128944e-07 
6.7072000e+04 2.5535792e-07 
6.7200000e+04 2.5203875e-07 
6.7328000e+04 2.5909461e-07 
6.7456000e+04 2.6136837e-07 
6.7584000e+04 2.5685358e-07 
6.7712000e+04 2.5467696e-07 
6.7840000e+04 2.5034893e-07 
6.7968000e+04 2.5164280e-07 
6.8096000e+04 2.6632048e-07 
6.8224000e+04 2.6056378e-07 
6.8352000e+04 2.4690641e-07 
6.8480000e+04 2.4650387e-07 
6.8608000e+04 2.4645084e-07 
6.8736000e+04 2.4144606e-07 
6.8864000e+04 2.4239537e-07 
6.8992000e+04 2.4851704e-07 
6.9120000e+04 2.5030249e-07 
6.9248000e+04 2.4551071e-07 
6.9376000e+04 2.4179252e-07 
6.9504000e+04 2.4620527e-07 
6.9632000e+04 2.4983353e-07 
6.9760000e+04 2.4499289e-07 
6.9888000e+04 2.4002773e-07 
7.0016000e+04 2.4011629e-07 
7.0144000e+04 2.4192238e-07 
7.0272000e+04 2.4481085e-07 
7.0400000e+04 2.4377175e-07 
7.0528000e+04 2.4404895e-07 
7.0656000e+04 2.4678201e-07 
7.0784000e+04 2.4644544e-07 
7.0912000e+04 2.4396724e-07 
7.1040000e+04 2.4411889e-07 
7.1168000e+04 2.4382234e-07 
7.1296000e+04 2.4350825e-07 
7.1424000e+04 2.4675248e-07 
7.1552000e+04 2.4739839e-07 
7.1680000e+04 2.4867862e-07 
7.1808000e+04 2.4586058e-07 
7.1936000e+04 2.4200446e-07 
7.2064000e+04 2.4009415e-07 
7.2192000e+04 2.4434388e-07 
7.2320000e+04 2.4651797e-07 
7.2448000e+04 2.4485468e-07 
7.2576000e+04 2.4430469e-07 
7.2704000e+04 2.4595317e-07 
7.2832000e+04 2.4909127e-07 
7.2960000e+04 2.5034095e-07 
7.3088000e+04 2.4874416e-07 
7.3216000e+04 2.4517828e-07 
7.3344000e+04 2.4080856e-07 
7.3472000e+04 2.4237730e-07 
7.3600000e+04 2.4620743e-07 
7.3728000e+04 2.4772754e-07 
7.3856000e+04 2.5066359e-07 
7.3984000e+04 2.5606684e-07 
7.4112000e+04 2.6180089e-07 
7.4240000e+04 2.8810629e-07 
7.4368000e+04 3.1901379e-07 
7.4496000e+04 3.0297426e-07 
7.4624000e+04 2.6798273e-07 
7.4752000e+04 2.5373356e-07 
7.4880000e+04 2.4858772e-07 
7.5008000e+04 2.4888513e-07 
7.5136000e+04 2.5844085e-07 
7.5264000e+04 2.6294339e-07 
7.5392000e+04 2.6036304e-07 
7.5520000e+04 2.6908188e-07 
7.5648000e+04 3.0488303e-07 
7.5776000e+04 3.4714671e-07 
7.5904000e+04 3.7569407e-07 
7.6032000e+04 3.4734191e-07 
7.6160000e+04 2.9218967e-07 
7.6288000e+04 2.6088182e-07 
7.6416000e+04 2.5867789e-07 
7.6544000e+04 4.3813964e-07 
7.6672000e+04 1.0108337e-06 
7.6800000e+04 1.2533628e-06 
7.6928000e+04 8.4278054e-07 
7.7056000e+04 5.0547214e-07 
7.7184000e+04 3.9716971e-07 
7.7312000e+04 3.4087088e-07 
7.7440000e+04 3.0360061e-07 
7.7568000e+04 2.8054149e-07 
7.7696000e+04 2.6553826e-07 
7.7824000e+04 2.6539368e-07 
7.7952000e+04 2.6847454e-07 
7.8080000e+04 2.6418746e-07 
7.8208000e+04 2.6696102e-07 
7.8336000e+04 2.7555600e-07 
7.8464000e+04 2.6735967e-07 
7.8592000e+04 2.6210461e-07 
7.8720000e+04 2.6171296e-07 
7.8848000e+04 2.5619789e-07 
7.8976000e+04 2.5240735e-07 
7.9104000e+04 2.5548943e-07 
7.9232000e+04 2.5872191e-07 
7.9360000e+04 2.7088655e-07 
7.9488000e+04 2.7541324e-07 
7.9616000e+04 2.5961714e-07 
7.9744000e+04 2.5415460e-07 
7.9872000e+04 2.5586672e-07 
8.0000000e+04 2.6113946e-07 
8.0128000e+04 2.6897257e-07 
8.0256000e+04 2.7106535e-07 
8.0384000e+04 2.6768657e-07 
8.0512000e+04 2.6250234e-07 
8.0640000e+04 2.6467754e-07 
8.0768000e+04 2.6747622e-07 
8.0896000e+04 2.5974657e-07 
8.1024000e+04 2.5532933e-07 
8.1152000e+04 2.6069199e-07 
8.1280000e+04 2.6321896e-07 
8.1408000e+04 2.8588636e-07 
8.1536000e+04 4.0425297e-07 
8.1664000e+04 4.6368348e-07 
8.1792000e+04 3.5080200e-07 
8.1920000e+04 2.7048651e-07 
8.2048000e+04 2.6281785e-07 
8.2176000e+04 2.6186069e-07 
8.2304000e+04 2.7063444e-07 
8.2432000e+04 2.8195362e-07 
8.2560000e+04 2.7569490e-07 
8.2688000e+04 2.7588536e-07 
8.2816000e+04 3.3706880e-07 
8.2944000e+04 5.3669055e-07 
8.3072000e+04 7.6802104e-07 
8.3200000e+04 7.7851985e-07 
8.3328000e+04 6.0833122e-07 
8.3456000e+04 6.4315373e-07 
8.3584000e+04 6.5538842e-07 
8.3712000e+04 6.8398754e-07 
8.3840000e+04 9.6700410e-07 
8.3968000e+04 7.8777009e-07 
8.4096000e+04 3.7091135e-07 
8.4224000e+04 2.6777596e-07 
8.4352000e+04 2.6629417e-07 
8.4480000e+04 2.5812776e-07 
8.4608000e+04 2.5649314e-07 
8.4736000e+04 2.5633602e-07 
8.4864000e+04 2.5805522e-07 
8.4992000e+04 2.6160552e-07 
8.5120000e+04 2.5955728e-07 
8.5248000e+04 2.5747786e-07 
8.5376000e+04 2.6081480e-07 
8.5504000e+04 2.6511498e-07 
8.5632000e+04 2.7115553e-07 
8.5760000e+04 2.7050135e-07 
8.5888000e+04 2.6956624e-07 
8.6016000e+04 2.7237715e-07 
8.6144000e+04 2.7026326e-07 
8.6272000e+04 2.6556478e-07 
8.6400000e+04 2.6115782e-07 
8.6528000e+04 2.5917598e-07 
8.6656000e+04 2.6302627e-07 
8.6784000e+04 2.6911496e-07 
8.6912000e+04 2.7322750e-07 
8.7040000e+04 2.7023299e-07 
8.7168000e+04 2.7100731e-07 
8.7296000e+04 2.8212764e-07 
8.7424000e+04 2.9867294e-07 
8.7552000e+04 3.1148170e-07 
8.7680000e+04 3.1010106e-07 
8.7808000e+04 2.9783462e-07 
8.7936000e+04 2.9297382e-07 
8.8064000e+04 3.0687758e-07 
8.8192000e+04 3.3686493e-07 
8.8320000e+04 3.9802447e-07 
8.8448000e+04 4.3020134e-07 
8.8576000e+04 3.9361254e-07 
8.8704000e+04 3.4791938e-07 
8.8832000e+04 3.4927086e-07 
8.8960000e+04 3.5852281e-07 
8.9088000e+04 3.2841086e-07 
8.9216000e+04 3.3908066e-07 
8.9344000e+04 3.4798128e-07 
8.9472000e+04 3.0747455e-07 
8.9600000e+04 2.7833124e-07 
8.9728000e+04 2.7138279e-07 
8.9856000e+04 2.8134349e-07 
8.9984000e+04 3.0352996e-07 
9.0112000e+04 3.6420792e-07 
9.0240000e+04 5.4372549e-07 
9.0368000e+04 7.7518138e-07 
9.0496000e+04 9.7451300e-07 
9.0624000e+04 1.1563171e-06 
9.0752000e+04 1.2530986e-06 
9.0880000e+04 1.0950656e-06 
9.1008000e+04 7.3297463e-07 
9.1136000e+04 4.8720710e-07 
9.1264000e+04 4.2320210e-07 
9.1392000e+04 3.6468450e-07 
9.1520000e+04 3.2253217e-07 
9.1648000e+04 3.0172606e-07 
9.1776000e+04 2.8647520e-07 
9.1904000e+04 2.8279536e-07 
9.2032000e+04 2.9363659e-07 
9.2160000e+04 3.0780691e-07 
9.2288000e+04 3.1307499e-07 
9.2416000e+04 3.1889996e-07 
9.2544000e+04 3.3553016e-07 
9.2672000e+04 3.7055153e-07 
9.2800000e+04 3.9511113e-07 
9.2928000e+04 4.1893588e-07 
9.3056000e+04 4.7952199e-07 
9.3184000e+04 5.3662984e-07 
9.3312000e+04 5.6201912e-07 
9.3440000e+04 6.1154708e-07 
9.3568000e+04 7.3189057e-07 
9.3696000e+04 9.4360058e-07 
9.3824000e+04 1.3277680e-06 
9.3952000e+04 1.8941040e-06 
9.4080000e+04 2.3583652e-06 
9.4208000e+04 2.5336165e-06 
9.4336000e+04 2.0575196e-06 
9.4464000e+04 1.2129616e-06 
9.4592000e+04 7.2113409e-07 
9.4720000e+04 7.7371209e-07 
9.4848000e+04 1.0251929e-06 
9.4976000e+04 1.3067926e-06 
9.5104000e+04 1.7894827e-06 
9.5232000e+04 2.5644808e-06 
9.5360000e+04 3.3907916e-06 
9.5488000e+04 3.5151297e-06 
9.5616000e+04 2.8770769e-06 
9.5744000e+04 2.7946026e-06 
9.5872000e+04 3.3582573e-06 
9.6000000e+04 3.1744009e-06 
9.6128000e+04 2.6595171e-06 
9.6256000e+04 2.1560400e-06 
9.6384000e+04 1.8373792e-06 
9.6512000e+04 1.8552771e-06 
9.6640000e+04 2.2019080e-06 
9.6768000e+04 2.9863097e-06 
9.6896000e+04 3.5610419e-06 
9.7024000e+04 3.1823226e-06 
9.7152000e+04 2.0491309e-06 
9.7280000e+04 1.0307856e-06 
9.7408000e+04 5.7407590e-07 
9.7536000e+04 4.3446443e-07 
9.7664000e+04 4.6366210e-07 
9.7792000e+04 6.1980273e-07 
9.7920000e+04 1.0222413e-06 
9.8048000e+04 1.5066533e-06 
9.8176000e+04 2.0335315e-06 
9.8304000e+04 2.0529187e-06 
9.8432000e+04 1.3225172e-06 
9.8560000e+04 7.2012449e-07 
9.8688000e+04 7.1022913e-07 
9.8816000e+04 8.4227543e-07 
9.8944000e+04 9.1831606e-07 
9.9072000e+04 8.2321998e-07 
9.9200000e+04 6.4186560e-07 
9.9328000e+04 4.5366914e-07 
9.9456000e+04 4.0910834e-07 
9.9584000e+04 4.9769233e-07 
9.9712000e+04 5.9952885e-07 
9.9840000e+04 7.0969514e-07 
9.9968000e+04 7.4144356e-07 
1.0009600e+05 6.6561063e-07 
1.0022400e+05 5.6437074e-07 
1.0035200e+05 5.0589910e-07 
1.0048000e+05 4.8803321e-07 
1.0060800e+05 4.9165817e-07 
1.0073600e+05 4.9429900e-07 
1.0086400e+05 4.8886932e-07 
1.0099200e+05 4.7607224e-07 
1.0112000e+05 5.2351635e-07 
1.0124800e+05 6.4622861e-07 
1.0137600e+05 7.8404929e-07 
1.0150400e+05 9.0583057e-07 
1.0163200e+05 8.0524251e-07 
1.0176000e+05 6.0807747e-07 
1.0188800e+05 5.3496615e-07 
1.0201600e+05 5.3467551e-07 
1.0214400e+05 4.9738037e-07 
1.0227200e+05 5.0549710e-07 
1.0240000e+05 5.5639993e-07 
