0.0034415908
0.0032954465
0.0016633915
0.00096514937
0.0032783339
0.017721016
0.0045989486
0.0013928604
0.0023865495
0.0027418197
0.0020068171
0.00047463726
0.0003632177
0.0035495411
0.00067697308
0.00076753448
0.005507085
0.0043703266
0.0012505531
0.0041379854
0.0022953888
0.0022323004
0.0059676259
0.0026278731
0.00063718425
0.00011935466
0.00046001939
0.0007294144
0.0012591004
0.0006935416
0.00036304572
0.00091136165
0.00026877853
9.6457596e-05
0.0023838053
0.0048826328
0.0017856553
0.00041515418
0.0012698576
0.0047213272
0.0085246628
0.0059609241
0.0063087423
0.0054259337
0.0058490941
0.0075988504
0.0078531671
0.012193248
0.013749831
0.0042579263
0.0032694077
0.0051241689
0.0077810106
0.011829302
0.0072593549
0.0031527844
0.0049933428
0.0109841
0.010782777
0.0043153088
0.0056691784
0.015773801
0.02028445
0.017352166
0.017359694
0.020586606
0.013368006
0.0045329523
0.0057466417
0.014893214
0.015918847
0.011532374
0.011115924
0.013618537
0.017717766
0.012645865
0.0039297254
0.0017155181
0.0075847036
0.017561628
0.019765813
0.021943688
0.012423863
0.0083915563
0.0077773021
0.016125916
0.031192254
0.037937544
0.041278612
0.037185054
0.040448844
0.039207138
0.034861531
0.041420911
0.042140637
0.033181243
0.03279075
0.031828962
0.029052032
0.027429657
0.02704151
0.036544159
0.045398775
0.049329568
0.044259641
0.032171346
0.040179893
0.046619192
0.024937298
0.020983763
0.029311348
0.0046269391
0.0010832892
0.00066217728
0.0014899874
0.009057642
0.010407432
0.0018683529
0.00020371399
0.00012669957
0.00019179226
9.3555631e-05
0.00096093153
0.0045089014
0.015559657
0.032837421
0.043399073
0.042372771
0.03973759
0.056039203
0.076423191
0.069048837
0.059214879
0.066337302
0.068228424
0.066252649
0.073440462
0.069836482
0.041498348
0.036163874
0.051929154
0.053550687
0.076754205
0.10091454
0.095576167
0.086419299
0.07560835
0.079313926
0.085888319
0.042681616
0.0081961313
0.0036691774
0.0023235867
0.004392039
0.0020408384
0.0013575333
0.0013619962
0.0060435697
0.0048371125
0.0038873553
0.014102546
0.076604091
0.10603619
0.10177351
0.083080448
0.091860615
0.12335057
0.133159
0.13941798
0.15050124
0.14158109
0.14499137
0.15558039
0.15964812
0.15458658
0.15666756
0.14845064
0.14105295
0.15176052
0.164647
0.1607279
0.15281713
0.15305896
0.14250536
0.13326089
0.13202721
0.12279886
0.12285886
0.13561052
0.13381243
0.14452854
0.14368019
0.10865819
0.092175126
0.052096583
0.018969378
0.025054323
0.060753729
0.10406438
0.12281066
0.089357689
0.050878491
0.041310608
0.05355192
0.077887654
0.08618249
0.068723783
0.05621291
0.040932588
0.016974239
0.0091748321
0.0086545805
0.0081565119
0.018207198
0.030843627
0.033972733
0.028891351
0.027268015
0.023196759
0.012447434
0.0013410338
0.00021297722
0.0014709074
0.0029729868
0.0040561305
0.0078138672
0.011636513
0.032420889
0.049624335
0.047500204
0.056070834
0.066423006
0.074268587
0.076043174
0.090678886
0.10787675
0.13266458
0.15032469
0.16818252
0.17859775
0.16806032
0.14836089
0.1534425
0.17315479
0.17866826
0.18187959
0.18931156
0.21441077
0.22785252
0.23133053
0.20685665
0.19806035
0.21815009
0.22472587
0.21588404
0.21654442
0.25235713
0.28051499
0.27440509
0.25065252
0.21590671
0.22459671
0.24933879
0.26936454
0.2651993
0.24693534
0.27034447
0.30296439
0.3057304
0.30341563
0.30999181
0.33410624
0.3414447
0.33614635
0.33307505
0.33163467
0.31950822
0.33142152
0.33716339
0.34653237
0.35153612
0.34719461
0.34857953
0.33841836
0.32949981
0.34512588
0.35688731
0.35838875
0.33746776
0.33127636
0.34077847
0.35750794
0.37069365
0.37819135
0.38278785
0.37225518
0.36624938
0.35978207
0.36709958
0.38249835
0.37212682
0.35246345
0.35670134
0.36883053
0.37894928
0.3815881
0.37470567
0.37248453
0.37160295
0.3858313
0.3839902
0.38516024
0.3993175
0.40004107
0.39068905
0.38410819
0.37184465
0.36719298
0.37289649
0.35156229
0.28531936
0.25314805
0.20223649
0.12910123
0.072113544
0.06182956
0.097541831
0.24620613
0.33137646
0.33437279
0.35230029
0.3501358
0.3194336
0.29700601
0.31314889
0.34507152
0.33435535
0.31998158
0.34445959
0.32571644
0.28963789
0.28315818
0.26087487
0.17298619
0.0092456145
0.0012883075
0.00074494159
0.0010528638
0.022148956
0.30562833
0.34975719
0.35297677
0.36084682
0.37075776
0.3807084
0.39219645
0.4038406
0.41472474
0.42831209
0.42736784
0.4262948
0.43848917
0.43694702
0.43843651
0.41225138
0.40649986
0.4302589
0.42079794
0.41351441
0.42964351
0.37852737
0.23808192
0.21093453
0.32489064
0.39695618
0.39667994
0.4277418
0.43425772
0.44477606
0.44669151
0.43446961
0.42971939
0.44031695
0.44165578
0.43099397
0.41961285
0.42019311
0.42864731
0.44142178
0.40528542
0.38187623
0.40799209
0.42562962
0.42620912
0.42852592
0.44184721
0.44960764
0.45002344
0.44340378
0.43577531
0.4465054
0.44924408
0.43790266
0.43437776
0.40061718
0.33146176
0.28819272
0.34146559
0.40256989
0.42309019
0.41652992
0.42205423
0.44082987
0.44871229
0.44395384
0.42499751
0.41376916
0.42406738
0.44064423
0.44814363
0.44555572
0.44941673
0.41986424
0.39900786
0.41358337
0.42310637
0.4201251
0.42001292
0.45485988
0.47058004
0.44849047
0.44616905
0.45208183
0.44819087
0.44450814
0.44632778
0.43736774
0.4345381
0.43686455
0.44325307
0.44068849
0.39046982
0.2601912
0.23250788
0.32709792
0.3234832
0.25475916
0.2914297
0.3903681
0.4226326
0.42910907
0.43819109
0.44569704
0.44718328
0.42150244
0.40768868
0.40933752
0.38930628
0.3602823
0.35829681
0.36204898
0.40444326
0.41534376
0.40942729
0.40972492
0.40452078
0.42560819
0.43636951
0.39676991
0.37577915
0.3858059
0.40105686
0.41696167
0.4274224
0.43747663
0.43029264
0.41848403
0.40555122
0.39986318
0.40141493
0.3968983
0.40715107
0.42085406
0.44012758
0.44518518
0.43702576
0.41969863
0.41200548
0.40181082
0.40468553
0.41432783
0.41174531
0.40346327
0.40556839
0.40803811
0.42338988
0.39328027
0.38205341
0.39173713
0.37387863
0.39646459
0.39676437
0.39845899
0.38962704
0.15972883
0.034132555
0.023453541
0.024516264
0.0099083781
0.0087091876
0.016474945
0.10408939
0.22417645
0.33938017
0.33218464
0.33721447
0.30999824
0.048949305
0.006745745
0.0038058728
0.0061146743
0.029055672
0.27844271
0.36769134
0.37319931
0.31624931
0.29004613
0.33853987
0.39685044
0.37463754
0.36160418
0.34793055
0.35487118
0.40131184
0.42206162
0.42505658
0.41450408
0.38765806
0.35969636
0.32576975
0.31580085
0.35949793
0.39780378
0.4074671
0.40642533
0.42487898
0.4224467
0.39678925
0.38211739
0.38308463
0.39774251
0.40288502
0.38835233
0.38840106
0.3943367
0.38777649
0.38683608
0.3955555
0.40093583
0.41106176
0.417018
0.40242246
0.38130063
0.39341232
0.38993275
0.38896692
0.39021277
0.38598132
0.38103306
0.37952623
0.3783097
0.37188533
0.37492281
0.38018033
0.372789
0.36502892
0.38008517
0.38934496
0.38128698
0.38060984
0.40049553
0.39247522
0.34487259
0.24296023
0.1843081
0.20988065
0.28203005
0.31729537
0.32342082
0.32656097
0.33556181
0.33045602
0.31983691
0.30688256
0.31860259
0.34436283
0.31612408
0.090590745
0.017538581
0.022922583
0.056591138
0.18857223
0.16566329
0.16354625
0.23593624
0.32559034
0.37994945
0.39101815
0.36716747
0.35522598
0.32499364
0.29735443
0.33814493
0.39123589
0.37262607
0.35145351
0.34619144
0.3593168
0.40322983
0.4211773
0.39216262
0.36684382
0.3752366
0.38531795
0.3716386
0.3612574
0.34616557
0.34451497
0.35299152
0.37572816
0.38666934
0.39609504
0.39000449
0.37004468
0.33775681
0.29418987
0.17801905
0.14322451
0.23495856
0.35616252
0.36086732
0.35539904
0.34726459
0.34524062
0.3463327
0.34524029
0.31522882
0.22926649
0.17447634
0.1484922
0.14259093
0.19056641
0.11505846
0.054632783
0.051954191
0.080138601
0.20798661
0.3264336
0.36667505
0.35634682
0.3536202
0.38324493
0.39931327
0.38796312
0.36656967
0.36104065
0.37482244
0.38613972
0.39426741
0.40143096
0.38375708
0.36695343
0.37882602
0.39608276
0.38542277
0.36149153
0.35898969
0.37404892
0.34401131
0.30615792
0.32837883
0.35669392
0.35558924
0.34833309
0.32930824
0.31843159
0.32318121
0.30383998
0.25395438
0.19402117
0.14636821
0.16810817
0.22193833
0.21705683
0.20714219
0.25083539
0.26630977
0.26029614
0.28668913
0.30308378
0.27337781
0.19797881
0.11909974
0.071098171
0.032925494
0.025170984
0.055034358
0.087236032
0.090748474
0.079893418
0.076218732
0.090594932
0.14759772
0.23360154
0.25757602
0.18885382
0.1180859
0.069025733
0.026619239
0.023864154
0.055739768
0.18675928
0.31675658
0.36302453
0.34811488
0.29851064
0.23653466
0.17572193
0.14251828
0.13387521
0.12403317
0.11186645
0.088226661
0.055429641
0.031128608
0.023558179
0.057112385
0.13675936
0.12764026
0.065433227
0.044771671
0.022044284
0.0016623636
0.0021237668
0.0072977715
0.017723387
0.010224321
0.015092662
0.028464383
0.048030015
0.069488622
0.077567838
0.071461469
0.088638954
0.13225158
0.16349627
0.17256005
0.16475941
0.13097949
0.11351015
0.16365944
0.24219911
0.27476645
0.23753218
0.18433915
0.2217001
0.18325822
0.10273758
0.07398209
0.065212578
0.07596416
0.10726273
0.1301816
0.15600958
0.22628927
0.29391411
0.34872556
0.37057215
0.36545026
0.3813239
0.38106248
0.38015684
0.35092476
0.31795931
0.31590953
0.31816983
0.262003
0.21147119
0.20337771
0.22158702
0.24379283
0.26479295
0.28101462
0.29712391
0.32020402
0.29267892
0.26425871
0.29029569
0.30262104
0.2922931
