0.00012033419
0.0001099725
0.00010372084
0.00010338788
0.0001066785
0.00011209661
0.00011918581
0.00012476176
0.00012406013
0.00011909987
0.00011390415
0.00010819254
0.0001008034
9.1570233e-05
8.5263702e-05
8.0463098e-05
7.5702854e-05
7.1029302e-05
6.5142827e-05
6.061111e-05
5.6739096e-05
5.2477553e-05
4.93224e-05
4.5723809e-05
4.2361677e-05
3.9096794e-05
3.662012e-05
3.443149e-05
3.2174805e-05
3.0397954e-05
2.8677638e-05
2.729828e-05
2.5995314e-05
2.459286e-05
2.3224624e-05
2.2844459e-05
2.2094566e-05
2.0739224e-05
2.0126407e-05
1.9637493e-05
1.8763178e-05
1.8550938e-05
1.8278817e-05
1.7552789e-05
1.6872671e-05
1.6467407e-05
1.6118052e-05
1.580621e-05
1.573259e-05
1.5452566e-05
1.4950884e-05
1.4666855e-05
1.4242474e-05
1.3876323e-05
1.351617e-05
1.3256267e-05
1.3195945e-05
1.2918831e-05
1.2664879e-05
1.2318412e-05
1.2205457e-05
1.2259381e-05
1.1980606e-05
1.1942979e-05
1.1937906e-05
1.1608725e-05
1.1397296e-05
1.141563e-05
1.1343575e-05
1.1234415e-05
1.1105715e-05
1.1024173e-05
1.094419e-05
1.0726651e-05
1.0728878e-05
1.064781e-05
1.0315475e-05
1.0138191e-05
1.010857e-05
9.8323144e-06
9.5835594e-06
9.6300337e-06
9.6404219e-06
9.3904682e-06
9.1045013e-06
8.8782344e-06
8.8023507e-06
8.8767229e-06
8.8338074e-06
8.5684887e-06
8.3667974e-06
8.3333525e-06
8.2058759e-06
7.9553465e-06
7.7109744e-06
7.7902514e-06
7.9494785e-06
7.8071371e-06
7.5494759e-06
7.4659411e-06
7.4790269e-06
7.3761025e-06
7.2621287e-06
7.3808742e-06
7.288153e-06
7.0052047e-06
6.85039e-06
6.7815336e-06
6.6961948e-06
6.6244647e-06
6.6385974e-06
6.7514743e-06
6.5966951e-06
6.5184613e-06
6.6604853e-06
6.6426437e-06
6.5158852e-06
6.3882831e-06
6.2973813e-06
6.2974023e-06
6.2330091e-06
6.1563437e-06
6.1246833e-06
6.1956189e-06
6.0926436e-06
5.9406666e-06
5.9027225e-06
5.8770297e-06
5.9371455e-06
5.9542817e-06
5.8940636e-06
5.9246363e-06
5.8251285e-06
5.6974568e-06
5.6849844e-06
5.6974131e-06
5.6723584e-06
5.7503476e-06
5.7898419e-06
5.7094549e-06
5.6561948e-06
5.4866159e-06
5.4818288e-06
5.5410524e-06
5.6138697e-06
5.5072869e-06
5.249507e-06
5.1168477e-06
5.1623078e-06
5.1984598e-06
5.1504298e-06
5.1212655e-06
4.9940509e-06
5.0761168e-06
5.3433687e-06
5.3188023e-06
5.1544125e-06
5.0941339e-06
5.0889907e-06
5.0257786e-06
4.8474303e-06
4.7666799e-06
4.7566837e-06
4.771382e-06
4.6960004e-06
4.760001e-06
4.9317468e-06
4.8641605e-06
4.783315e-06
4.7350277e-06
4.6487785e-06
4.691728e-06
4.6881546e-06
4.6947735e-06
4.7062722e-06
4.6822747e-06
4.6393502e-06
4.5705992e-06
4.5284651e-06
4.5586812e-06
4.5599427e-06
4.4888675e-06
4.4388767e-06
4.4096528e-06
4.4267476e-06
4.3937721e-06
4.2894958e-06
4.2669299e-06
4.3258283e-06
4.3374284e-06
4.338252e-06
4.2926195e-06
4.2979109e-06
4.3132886e-06
4.2167753e-06
4.1277926e-06
4.1102994e-06
4.0919595e-06
4.1957069e-06
4.2346423e-06
4.134778e-06
4.0908903e-06
4.0799232e-06
4.0490418e-06
4.0736968e-06
4.1278881e-06
4.0666e-06
3.9559468e-06
3.9405882e-06
3.978344e-06
3.9441852e-06
3.8730682e-06
3.8377434e-06
3.8345761e-06
3.7946536e-06
3.7811535e-06
3.8356161e-06
3.9147526e-06
3.8515554e-06
3.8300318e-06
3.8795542e-06
3.8998019e-06
3.8939697e-06
3.8383459e-06
3.7899777e-06
3.721294e-06
3.657929e-06
3.7187208e-06
3.7196151e-06
3.5723319e-06
3.5610849e-06
3.5920407e-06
3.5985342e-06
3.584315e-06
3.6278352e-06
3.6919353e-06
3.6686199e-06
3.6032272e-06
3.5535859e-06
3.5358696e-06
3.5031396e-06
3.4730606e-06
3.4754255e-06
3.5047053e-06
3.512969e-06
3.4776472e-06
3.4598195e-06
3.4423781e-06
3.4562088e-06
3.4938323e-06
3.503028e-06
3.4898758e-06
3.4152686e-06
3.3227468e-06
3.3002443e-06
3.3442825e-06
3.3967087e-06
3.3984397e-06
3.3475631e-06
3.3316824e-06
3.273007e-06
3.2295529e-06
3.2518124e-06
3.2638202e-06
3.2292303e-06
3.1993736e-06
3.2197279e-06
3.246194e-06
3.1521624e-06
3.1481366e-06
3.2170847e-06
3.2245252e-06
3.2374628e-06
3.2605001e-06
3.2313867e-06
3.1479533e-06
3.1176601e-06
3.1692259e-06
3.1692537e-06
3.141562e-06
3.1847658e-06
3.1520724e-06
3.0791643e-06
3.1042127e-06
3.1031291e-06
3.0565122e-06
3.0670647e-06
3.0954418e-06
3.0773292e-06
3.0429944e-06
3.0080089e-06
2.9941236e-06
2.9607529e-06
2.9409637e-06
2.9518915e-06
2.9676592e-06
2.9902371e-06
3.0084746e-06
3.0120739e-06
2.9796317e-06
2.958069e-06
2.9538726e-06
2.9855885e-06
3.0212022e-06
3.0699823e-06
3.107923e-06
3.0234785e-06
2.9633156e-06
2.925068e-06
2.9164032e-06
2.9080641e-06
2.8980778e-06
2.8911272e-06
2.8513746e-06
2.8154279e-06
2.7596989e-06
2.7532978e-06
2.8432653e-06
2.8591744e-06
2.8279721e-06
2.8163402e-06
2.8328793e-06
2.8752611e-06
2.8216111e-06
2.7388105e-06
2.6949817e-06
2.7295732e-06
2.7698256e-06
2.7561289e-06
2.7372532e-06
2.7388796e-06
2.7924709e-06
2.8156599e-06
2.7322958e-06
2.6887897e-06
2.7067367e-06
2.6590033e-06
2.6143925e-06
2.6500177e-06
2.6414336e-06
2.6464791e-06
2.6936357e-06
2.6724226e-06
2.6520929e-06
2.6427883e-06
2.6347602e-06
2.6863524e-06
2.6679518e-06
2.6325856e-06
2.6177647e-06
2.6020957e-06
2.640674e-06
2.5910169e-06
2.5487948e-06
2.5202492e-06
2.5083098e-06
2.5602326e-06
2.561917e-06
2.5763311e-06
2.5654692e-06
2.5382135e-06
2.5348743e-06
2.5255067e-06
2.5122151e-06
2.5074974e-06
2.5173924e-06
2.5271431e-06
2.5266438e-06
2.5578779e-06
2.5466018e-06
2.4750707e-06
2.4476813e-06
2.4411218e-06
2.4820126e-06
2.444029e-06
2.4235785e-06
2.4820481e-06
2.5276815e-06
2.5587346e-06
2.5659679e-06
2.5088634e-06
2.4857927e-06
2.4641918e-06
2.4497836e-06
2.4566198e-06
2.450658e-06
2.4980664e-06
2.5155909e-06
2.5136969e-06
2.5146576e-06
2.4477054e-06
2.3983173e-06
2.409429e-06
2.3957539e-06
2.413374e-06
2.4663843e-06
2.4735384e-06
2.4365484e-06
2.4294425e-06
2.4151925e-06
2.4037956e-06
2.3808204e-06
2.3678483e-06
2.3697964e-06
2.3283935e-06
2.3187856e-06
2.3485975e-06
2.342993e-06
2.3222201e-06
2.3634639e-06
2.359795e-06
2.3202067e-06
2.3038158e-06
2.3037626e-06
2.3182104e-06
2.2957104e-06
2.2575666e-06
2.3018283e-06
2.3466025e-06
2.3412701e-06
2.3385905e-06
2.3300915e-06
2.2631953e-06
2.220293e-06
2.2744448e-06
2.3268244e-06
2.2928211e-06
2.2290153e-06
2.2726476e-06
2.2859888e-06
2.2371014e-06
2.2223319e-06
2.2651095e-06
2.2557206e-06
2.2750694e-06
2.3114014e-06
2.2679587e-06
2.2612976e-06
2.2664776e-06
2.2730244e-06
2.2743775e-06
2.268041e-06
2.2176569e-06
2.1488861e-06
2.1505195e-06
2.2190816e-06
2.2346244e-06
2.2119591e-06
2.1676492e-06
2.1813798e-06
2.2347986e-06
2.2352306e-06
2.211124e-06
2.1568994e-06
2.1009066e-06
2.1242245e-06
2.1735787e-06
2.1958097e-06
2.2873674e-06
2.2771335e-06
2.1656247e-06
2.1348069e-06
2.1537755e-06
2.1223223e-06
2.1486289e-06
2.1495375e-06
2.1354256e-06
2.1744427e-06
2.1589606e-06
2.1293899e-06
2.1559429e-06
2.1871235e-06
2.1413634e-06
2.1161095e-06
2.1298551e-06
2.1341248e-06
2.1249732e-06
2.1178621e-06
2.0992143e-06
2.0976545e-06
2.0800865e-06
2.1025405e-06
2.1377857e-06
2.1345911e-06
2.1223409e-06
2.1082872e-06
2.0582788e-06
2.0124751e-06
2.0430898e-06
2.0692937e-06
2.0635875e-06
2.0475184e-06
2.0519069e-06
2.0734283e-06
2.071328e-06
2.0785271e-06
2.0622172e-06
2.0758496e-06
2.0816331e-06
2.0551242e-06
2.053356e-06
2.0261923e-06
2.0254317e-06
2.0474015e-06
2.0548987e-06
2.0449145e-06
2.0305463e-06
2.031378e-06
2.0308896e-06
2.0302075e-06
1.9972269e-06
2.0101099e-06
2.0703912e-06
2.0685532e-06
2.0558373e-06
2.0793032e-06
2.0447035e-06
2.0162238e-06
1.9993158e-06
2.0044699e-06
1.9857303e-06
1.9923341e-06
2.0113439e-06
2.0196157e-06
2.0080959e-06
1.987619e-06
1.9720355e-06
1.9510007e-06
1.9866418e-06
1.9882652e-06
1.974412e-06
1.9652311e-06
1.9928987e-06
2.031416e-06
2.0052009e-06
1.9801696e-06
1.9358508e-06
1.9363504e-06
1.9985343e-06
2.0069012e-06
1.9892084e-06
1.9748177e-06
1.977736e-06
1.9775298e-06
1.9582826e-06
1.9616718e-06
1.9682391e-06
1.9579536e-06
1.9173672e-06
1.9088602e-06
1.9364652e-06
1.9351517e-06
1.9371862e-06
1.9620554e-06
1.9684035e-06
1.9409865e-06
1.9270565e-06
1.9492472e-06
1.9716827e-06
1.9666213e-06
1.9383629e-06
1.9208524e-06
1.8913879e-06
1.9069518e-06
1.9458303e-06
1.9575043e-06
1.9249778e-06
1.9100385e-06
1.886918e-06
1.861108e-06
1.8621606e-06
1.8643517e-06
1.877449e-06
1.8948278e-06
1.8463237e-06
1.8217208e-06
1.8545846e-06
1.9049993e-06
1.9114902e-06
1.8988433e-06
1.8785687e-06
1.8586616e-06
1.8588248e-06
1.8656335e-06
1.826295e-06
1.8091196e-06
1.8740077e-06
1.9101537e-06
1.8641081e-06
1.8271714e-06
1.83923e-06
1.8266981e-06
1.8006202e-06
1.7728968e-06
1.7856046e-06
1.8325801e-06
1.8310756e-06
1.8388121e-06
1.8278276e-06
1.7965068e-06
1.8002979e-06
1.8044617e-06
1.8290743e-06
1.8617354e-06
1.8425205e-06
1.8545276e-06
1.8841314e-06
1.8812499e-06
1.8578556e-06
1.8298999e-06
1.854324e-06
1.9661247e-06
1.9217277e-06
1.8514697e-06
1.8171063e-06
1.8233577e-06
1.8411353e-06
1.8159535e-06
1.8024182e-06
1.8149888e-06
1.7956352e-06
1.7825312e-06
1.7813866e-06
1.7648156e-06
1.7842464e-06
1.8448322e-06
1.8816341e-06
1.8796353e-06
1.827035e-06
1.810767e-06
1.7957436e-06
1.7895751e-06
1.7771337e-06
1.737987e-06
1.7222773e-06
1.7747723e-06
1.8185813e-06
1.8223731e-06
1.8002623e-06
1.7845932e-06
1.7940507e-06
1.8105225e-06
1.8145882e-06
1.7966448e-06
1.7929086e-06
1.7824783e-06
1.7645308e-06
1.7777367e-06
1.8170524e-06
1.8095566e-06
1.7708987e-06
1.7731596e-06
1.7853124e-06
1.8091037e-06
1.8162426e-06
1.7941434e-06
1.7740125e-06
1.7631887e-06
1.7836215e-06
1.795856e-06
1.7785723e-06
1.7881669e-06
1.8225431e-06
1.7939345e-06
1.7432847e-06
1.7309445e-06
1.7817504e-06
1.8251804e-06
1.8202494e-06
1.8107153e-06
1.8023172e-06
1.7658255e-06
1.7491573e-06
1.7575063e-06
1.7597829e-06
1.7678798e-06
1.7656762e-06
1.7821945e-06
1.7991558e-06
1.7815352e-06
1.7797503e-06
1.7702941e-06
1.791299e-06
1.8281728e-06
1.8174056e-06
1.8098964e-06
1.7987963e-06
1.7421404e-06
1.6886199e-06
1.6992453e-06
1.7254134e-06
1.765459e-06
1.7678565e-06
1.7215777e-06
1.7002457e-06
1.7237301e-06
1.744556e-06
1.7241351e-06
1.7092561e-06
1.7310548e-06
1.7272292e-06
1.728563e-06
1.7113067e-06
1.7189013e-06
1.7438034e-06
1.7242563e-06
1.719243e-06
1.7363714e-06
1.7672471e-06
1.7798382e-06
1.7683826e-06
1.769647e-06
1.7552172e-06
1.7660368e-06
1.792763e-06
1.7573674e-06
1.7820595e-06
1.7975664e-06
1.7619095e-06
1.7756923e-06
1.7875308e-06
1.7561811e-06
1.7383762e-06
1.7684972e-06
1.7814805e-06
1.763816e-06
1.760264e-06
1.7155339e-06
1.6739426e-06
1.6852138e-06
1.7307489e-06
1.742789e-06
1.7104032e-06
1.7047955e-06
1.7472244e-06
1.7564915e-06
1.7176883e-06
1.6969911e-06
1.6970005e-06
1.7413104e-06
1.7650675e-06
1.7163403e-06
1.6769945e-06
1.7008991e-06
1.704133e-06
1.6915482e-06
1.6865429e-06
1.6638043e-06
1.6622905e-06
1.6742606e-06
1.6955013e-06
1.6794932e-06
1.6405885e-06
1.6528088e-06
1.6954342e-06
1.7141632e-06
1.6856505e-06
1.6882213e-06
1.6795559e-06
1.6564513e-06
1.6612652e-06
1.6651603e-06
1.664484e-06
1.6972967e-06
1.8203832e-06
1.8132638e-06
1.712318e-06
1.7061849e-06
1.6957563e-06
1.6550806e-06
1.6511474e-06
1.647475e-06
1.638835e-06
1.6361113e-06
1.649158e-06
1.6739629e-06
1.6982102e-06
1.7214794e-06
1.7181127e-06
1.7171867e-06
1.7138283e-06
1.7071856e-06
1.6665248e-06
1.6422484e-06
1.6406894e-06
1.6408408e-06
1.615166e-06
1.6059106e-06
1.5809907e-06
1.5698288e-06
1.5666915e-06
1.5747781e-06
1.5942489e-06
1.6175849e-06
1.6463755e-06
1.6318683e-06
1.6100083e-06
1.6101196e-06
1.6221023e-06
1.6164521e-06
