9.187987100259303e-16
8.396831452335085e-16
7.91949270567292e-16
7.894069904514726e-16
8.145321640300334e-16
8.559015577059171e-16
9.100303785764929e-16
9.52604942523523e-16
9.47247722444047e-16
9.093741929891745e-16
8.697028341371647e-16
8.260924529132482e-16
7.696734725702468e-16
6.991746232485869e-16
6.510217869886798e-16
6.143672936768015e-16
5.780209647854973e-16
5.423365632962854e-16
4.973910192526525e-16
4.627895835858434e-16
4.3322523891869323e-16
4.0068668764644026e-16
3.7659585771411214e-16
3.491192048300822e-16
3.234480090997839e-16
2.9851934760477906e-16
2.7960897079204816e-16
2.628979228286717e-16
2.4566724826365523e-16
2.3210029437708073e-16
2.1896500737646219e-16
2.084330683567709e-16
1.9848441220171098e-16
1.8777612616869985e-16
1.7732910797868223e-16
1.7442639918414086e-16
1.6870067218122112e-16
1.5835210473547718e-16
1.5367300672449662e-16
1.4993995668681724e-16
1.432642189421553e-16
1.4164368334694414e-16
1.3956593284419035e-16
1.3402242447102805e-16
1.2882945694396517e-16
1.257351074459551e-16
1.2306764507851727e-16
1.2068660917066845e-16
1.2012449161262358e-16
1.1798639860700062e-16
1.1415585988443784e-16
1.1198718713390904e-16
1.0874687184729338e-16
1.059511654360506e-16
1.032012561059428e-16
1.0121679482247986e-16
1.0075621270707123e-16
9.864033869212898e-17
9.670131562637763e-17
9.405590427099679e-17
9.319344856916358e-17
9.360517944664271e-17
9.147662304561089e-17
9.11893261513355e-17
9.115059180778807e-17
8.863716583828558e-17
8.702282254597547e-17
8.716280982265564e-17
8.66126416530696e-17
8.577916226382512e-17
8.479648731516475e-17
8.417388218180294e-17
8.356318062454807e-17
8.190218508720053e-17
8.191918910515443e-17
8.130020314759422e-17
7.876269515176635e-17
7.740906231883471e-17
7.71828943728031e-17
7.507357457834203e-17
7.317423264474442e-17
7.352908214254186e-17
7.360840012157583e-17
7.169990564360402e-17
6.951643626694463e-17
6.778879979187826e-17
6.720939799699357e-17
6.77772588968907e-17
6.744958223209479e-17
6.542376995625067e-17
6.388377782048733e-17
6.362841289903861e-17
6.265507908893448e-17
6.074218891579608e-17
5.887631214173604e-17
5.948162311224846e-17
6.06973844356194e-17
5.961055205071461e-17
5.764320778900701e-17
5.700538684649454e-17
5.710530205895126e-17
5.631943391997768e-17
5.544919928078866e-17
5.635586771991959e-17
5.564790501246248e-17
5.3487483830053486e-17
5.2305412910283703e-17
5.177966730550564e-17
5.112807211584955e-17
5.058038468511993e-17
5.06882933894473e-17
5.155015276716635e-17
5.0368352903812086e-17
4.977100717421997e-17
5.085541608570823e-17
5.07191884760422e-17
4.9751337640923586e-17
4.877704558912518e-17
4.808297471384829e-17
4.8083135057080015e-17
4.7591467733816007e-17
4.7006097353015484e-17
4.676435778856664e-17
4.7305978900363004e-17
4.651972211993732e-17
4.5359318152007576e-17
4.506960007493327e-17
4.487342547570296e-17
4.5332433173283977e-17
4.5463274777442745e-17
4.5003485979261506e-17
4.5236920527846654e-17
4.44771394691341e-17
4.350231599405343e-17
4.3407084331041226e-17
4.350198232742363e-17
4.3310679871819886e-17
4.390615798453211e-17
4.4207712446263874e-17
4.3593926190646455e-17
4.3187264449907173e-17
4.189246307577056e-17
4.185591169079206e-17
4.2308107091642744e-17
4.286409572054008e-17
4.205029426352315e-17
4.008204368078674e-17
3.9069137924634286e-17
3.9416243607879004e-17
3.969227829897435e-17
3.932555042186357e-17
3.910286955935217e-17
3.8131536221948535e-17
3.8758141537172045e-17
4.079871455280442e-17
4.0611140459107685e-17
3.9355959897528133e-17
3.8895709158131706e-17
3.8856438810066826e-17
3.837378964827807e-17
3.7012030467655185e-17
3.6395469510589886e-17
3.631914460521461e-17
3.6431371887249525e-17
3.5855803822681264e-17
3.634447349105137e-17
3.7655819996083496e-17
3.713977210266745e-17
3.6522485019824225e-17
3.615379255635533e-17
3.549524610583475e-17
3.582318237395821e-17
3.579589806423371e-17
3.584643596025304e-17
3.5934233042088014e-17
3.5751002722892384e-17
3.5423257339568597e-17
3.48983165051059e-17
3.4576606135608223e-17
3.480731790341099e-17
3.4816949950401935e-17
3.4274262937884255e-17
3.389256358416638e-17
3.36694276522926e-17
3.379995315122313e-17
3.3548172282772864e-17
3.275198185737276e-17
3.257968236534498e-17
3.302939473672165e-17
3.311796604730405e-17
3.312425455614412e-17
3.277583253132093e-17
3.2816234444478206e-17
3.293364921182875e-17
3.2196732334419705e-17
3.151731453990409e-17
3.138374710080614e-17
3.124371477531324e-17
3.2035866841891696e-17
3.2333153883042204e-17
3.157065080708646e-17
3.123555101420129e-17
3.115181290674633e-17
3.091602131265495e-17
3.110427190208169e-17
3.15180437198388e-17
3.1050085052232025e-17
3.020520449567332e-17
3.0087935564309715e-17
3.037621589707298e-17
3.01154000692851e-17
2.957239389738238e-17
2.9302675202538264e-17
2.927849162549947e-17
2.897366768891911e-17
2.8870589133562384e-17
2.9286432433165416e-17
2.989067063110374e-17
2.940813523665556e-17
2.92437941136953e-17
2.962191704980671e-17
2.977651617613142e-17
2.973198504298785e-17
2.9307275526210116e-17
2.893796535952951e-17
2.8413538386947507e-17
2.7929721773724e-17
2.8393890996287886e-17
2.8400719327341397e-17
2.7276154362317812e-17
2.7190279108645836e-17
2.7426638775901007e-17
2.7476219193765236e-17
2.736765002803104e-17
2.769994381436118e-17
2.8189373204233945e-17
2.801135098591229e-17
2.7512052088357804e-17
2.7133021304139202e-17
2.6997750409089075e-17
2.674784402937148e-17
2.6518179073810058e-17
2.653623601231889e-17
2.6759798762604717e-17
2.6822895351363414e-17
2.655319956269526e-17
2.641707808497784e-17
2.628390615918479e-17
2.6389508975132248e-17
2.667677914553569e-17
2.6746991919625787e-17
2.664656971714117e-17
2.6076914500127232e-17
2.537047428983224e-17
2.5198658881656407e-17
2.553490780103554e-17
2.5935202388397302e-17
2.5948419251925902e-17
2.5559956467986394e-17
2.5438701098466658e-17
2.4990691419502967e-17
2.4658902332583138e-17
2.4828862340506253e-17
2.4920546600401546e-17
2.4656439155128297e-17
2.442847154720547e-17
2.4583884606315936e-17
2.47859636541694e-17
2.4067995529053217e-17
2.4037256967994038e-17
2.4563702738217268e-17
2.4620513872292696e-17
2.471929751965702e-17
2.4895196335467222e-17
2.4672904114407947e-17
2.4035857400642915e-17
2.3804556944117982e-17
2.4198282040214574e-17
2.4198494304111798e-17
2.3987057319839702e-17
2.4316935268145322e-17
2.4067308343774434e-17
2.3510626421284728e-17
2.370188077391895e-17
2.3693607063162394e-17
2.3337668758467714e-17
2.3418241232405082e-17
2.363491151434471e-17
2.3496614713450337e-17
2.3234455056672833e-17
2.296732705032973e-17
2.2861307341979823e-17
2.260650896661649e-17
2.2455410667517575e-17
2.253884870406747e-17
2.265924127429274e-17
2.2831632391024352e-17
2.2970882852377832e-17
2.2998364918754786e-17
2.2750656004850906e-17
2.258601633806397e-17
2.2553975179131888e-17
2.279613850783599e-17
2.3068063067425e-17
2.3440518252064844e-17
2.37302103688064e-17
2.308544351020383e-17
2.262607618566025e-17
2.233404076711804e-17
2.2267881622633562e-17
2.220420932531908e-17
2.212796001032447e-17
2.2074889454783215e-17
2.1771362771301353e-17
2.149689562618084e-17
2.107138286616612e-17
2.1022507958521447e-17
2.1709445087065358e-17
2.1830917301717516e-17
2.159267551033768e-17
2.150386139429011e-17
2.1630143905893748e-17
2.195374556198648e-17
2.154410678191166e-17
2.0911891744195672e-17
2.0577241675898503e-17
2.084136133779893e-17
2.114870419019564e-17
2.1044124516774377e-17
2.090000114825512e-17
2.0912419349781937e-17
2.1321609932347144e-17
2.14986670371217e-17
2.086214945602133e-17
2.0529963328718196e-17
2.066699570869961e-17
2.030253248885202e-17
1.9961911544021417e-17
2.0233923910618274e-17
2.0168380942267107e-17
2.0206905312534906e-17
2.0566964438284695e-17
2.0404994104536228e-17
2.024976887606863e-17
2.0178724607791193e-17
2.011742691738451e-17
2.051135358782954e-17
2.0370857794043063e-17
2.0100822993970702e-17
1.998765961287824e-17
1.9868020655842035e-17
2.0162581098514176e-17
1.9783429675102188e-17
1.9461047391109698e-17
1.924309054562035e-17
1.9151928546536935e-17
1.9548379477572697e-17
1.9561240531834728e-17
1.9671297835467095e-17
1.9588362971249115e-17
1.9380255017883126e-17
1.9354758916961865e-17
1.9283233618989287e-17
1.9181747042861744e-17
1.9145725554087114e-17
1.9221277757793364e-17
1.9295728174435968e-17
1.9291915823217115e-17
1.9530400420062126e-17
1.9444302976483345e-17
1.8898134988759024e-17
1.8689006183484443e-17
1.863892182974911e-17
1.895113911638999e-17
1.8661119441332213e-17
1.850497185751264e-17
1.8951410172805513e-17
1.929983906948149e-17
1.9536941660376944e-17
1.9592170741232774e-17
1.9156155499540648e-17
1.8980001661638096e-17
1.8815070322877274e-17
1.8705058068057628e-17
1.8757255134755626e-17
1.871173445481061e-17
1.9073716172262593e-17
1.9207522599129717e-17
1.9193061166707318e-17
1.9200396487788733e-17
1.8689190196431317e-17
1.8312092693463695e-17
1.8396934878599897e-17
1.8292520129645542e-17
1.8427056499986577e-17
1.8831810919807637e-17
1.8886435277618137e-17
1.8604002128038127e-17
1.854974579612138e-17
1.8440941460313997e-17
1.8353921661383244e-17
1.8178497003415397e-17
1.8079449935027542e-17
1.809432444215641e-17
1.777819707127925e-17
1.7704836988612322e-17
1.7932462530974155e-17
1.788966997658591e-17
1.7731060742389896e-17
1.8045973322402004e-17
1.8017959832742798e-17
1.771568764416431e-17
1.7590536697653063e-17
1.7590130494799387e-17
1.7700445111141694e-17
1.7528648791445826e-17
1.7237405926591816e-17
1.757536135607993e-17
1.791722992396112e-17
1.78765149597324e-17
1.785605516336542e-17
1.77911619668723e-17
1.7280383257466133e-17
1.6952807379844438e-17
1.736627759961807e-17
1.776621637771326e-17
1.7506587853379282e-17
1.701940555936814e-17
1.7352555273139967e-17
1.7454420564710034e-17
1.708114610251004e-17
1.696837518056568e-17
1.7294998924806655e-17
1.7223310992984767e-17
1.7371046665452827e-17
1.7648455727105732e-17
1.7316753683654545e-17
1.726589357409338e-17
1.7305444904583362e-17
1.735543228884047e-17
1.7365763737737383e-17
1.7317382076415036e-17
1.6932679723028868e-17
1.6407587707804838e-17
1.6420059357075563e-17
1.6943557865992012e-17
1.7062233236559525e-17
1.688917478656829e-17
1.655085133118642e-17
1.6655689844396026e-17
1.706356332184357e-17
1.7066861811181726e-17
1.688279847072038e-17
1.6468772394410128e-17
1.604124541798938e-17
1.621928672479099e-17
1.6596125387970273e-17
1.6765867787221776e-17
1.7464946716102596e-17
1.738680687805213e-17
1.6535393480109786e-17
1.6300087496948748e-17
1.644492019338355e-17
1.6204762682154302e-17
1.6405623884985916e-17
1.6412561402144838e-17
1.6304811513970785e-17
1.6602722366646596e-17
1.6484510464372663e-17
1.6258726578557972e-17
1.6461469141975056e-17
1.6699545245348786e-17
1.6350148944508128e-17
1.6157325518820682e-17
1.6262278562910082e-17
1.629487939607477e-17
1.6225003342771272e-17
1.617070730681619e-17
1.602832404413065e-17
1.6016414359710136e-17
1.5882275793291603e-17
1.605372088495609e-17
1.6322831802598085e-17
1.6298439779358065e-17
1.6204904700445252e-17
1.6097599192084813e-17
1.5715765455467974e-17
1.53660362515367e-17
1.559979148658528e-17
1.5799868534659885e-17
1.5756299460906617e-17
1.5633605583536625e-17
1.5667113501269303e-17
1.58314378263672e-17
1.5815401212577988e-17
1.587036916302788e-17
1.574583668326754e-17
1.584992540098407e-17
1.5894084690537896e-17
1.5691678847907418e-17
1.567817794779692e-17
1.547077245049369e-17
1.5464964971348765e-17
1.5632713006213404e-17
1.5689957067014464e-17
1.561372378634302e-17
1.5504016947202833e-17
1.5510367302717992e-17
1.550663817727179e-17
1.5501430076397814e-17
1.524961026744841e-17
1.534797702241027e-17
1.5808248377365052e-17
1.5794214526893894e-17
1.5697123645932978e-17
1.5876294990748588e-17
1.561211271863387e-17
1.5394659045476426e-17
1.5265559837768975e-17
1.5304913411606507e-17
1.516182921993661e-17
1.5212251821536946e-17
1.5357399096121592e-17
1.542055753155538e-17
1.5332599342949495e-17
1.517625018478148e-17
1.5057264053760122e-17
1.4896655110402847e-17
1.5168788879732288e-17
1.5181184175083144e-17
1.5075409562816e-17
1.5005309792527295e-17
1.5216562763852514e-17
1.5510657447613476e-17
1.5310494883148625e-17
1.5119371095717372e-17
1.4780979685346822e-17
1.4784794327183273e-17
1.5259592778931537e-17
1.532347734014324e-17
1.5188385876804793e-17
1.5078507241344913e-17
1.5100789605779068e-17
1.5099215187951452e-17
1.4952255271309217e-17
1.4978133141829807e-17
1.5028277051622635e-17
1.4949743227345663e-17
1.463985015402547e-17
1.4574895874396457e-17
1.478567087018332e-17
1.4775641782809076e-17
1.4791175987805577e-17
1.498106207819582e-17
1.5029532310065213e-17
1.4820192767971808e-17
1.47138317576001e-17
1.4883266450554547e-17
1.505457028746729e-17
1.5015924514466903e-17
1.480016055355607e-17
1.466646102217676e-17
1.444148801499103e-17
1.456032449232945e-17
1.4857177079675933e-17
1.4946312645726133e-17
1.4697960068277795e-17
1.4583892656774127e-17
1.4407358576350647e-17
1.4210289109179523e-17
1.421832612278449e-17
1.4235056030166074e-17
1.4335059049630642e-17
1.446775299988533e-17
1.4097405183433758e-17
1.3909552397929514e-17
1.4160480393094897e-17
1.4545416389475843e-17
1.4594976955320903e-17
1.4498412916407055e-17
1.4343608398037905e-17
1.4191609886223786e-17
1.4192855982195983e-17
1.4244843075614347e-17
1.3944478207954085e-17
1.3813337296429443e-17
1.4308783375187555e-17
1.4584772253930974e-17
1.4233196048678167e-17
1.395116986549104e-17
1.4043242003299242e-17
1.3947556034463836e-17
1.3748441045779529e-17
1.3536762019581465e-17
1.3633791053867295e-17
1.3992467410128328e-17
1.3980979962884665e-17
1.4040051172988088e-17
1.395618020971257e-17
1.371703362438233e-17
1.3745980158942286e-17
1.3777772404095603e-17
1.3965699252902118e-17
1.421507955411184e-17
1.4068366260630765e-17
1.4160045175751664e-17
1.4386081793041115e-17
1.4364080411032064e-17
1.4185455760282682e-17
1.3972003032526158e-17
1.4158490609943218e-17
1.5012132778806414e-17
1.4673144280782525e-17
1.4136696910596202e-17
1.3874318881607888e-17
1.3922050771072188e-17
1.405778971565109e-17
1.3865516801725871e-17
1.3762169480571224e-17
1.3858150939076511e-17
1.371037861672691e-17
1.3610324440136035e-17
1.360158497046831e-17
1.3475058889860297e-17
1.3623420664471254e-17
1.408601699628592e-17
1.436701392863327e-17
1.4351752307130686e-17
1.3950128398024083e-17
1.3825915841187975e-17
1.3711206293218247e-17
1.3664107377749624e-17
1.3569112411888995e-17
1.3270212012411738e-17
1.3150262294921685e-17
1.3551082197252115e-17
1.388558108478795e-17
1.3914532964122297e-17
1.3745708338987569e-17
1.3626068618412164e-17
1.369828033812433e-17
1.382404898784728e-17
1.3855092201046723e-17
1.3718087308476465e-17
1.3689559956936566e-17
1.3609920527899952e-17
1.3472884330222548e-17
1.3573716553256846e-17
1.3873907333979819e-17
1.3816673962727537e-17
1.3521505742853275e-17
1.3538768600595513e-17
1.3631559992328844e-17
1.381321589369686e-17
1.3867724193549163e-17
1.3698988138961476e-17
1.3545280826420783e-17
1.3462636870637489e-17
1.36186493080189e-17
1.3712064511277529e-17
1.358009668680075e-17
1.365335521875426e-17
1.391583098076e-17
1.36973931055755e-17
1.331066202853853e-17
1.3216439764346932e-17
1.3604362726072993e-17
1.393596780004595e-17
1.3898317682160604e-17
1.3825521091422273e-17
1.376139830598059e-17
1.3482769872227448e-17
1.335550163151835e-17
1.3419249519213498e-17
1.3436632252609926e-17
1.349845525798528e-17
1.3481629908203865e-17
1.3607753603654189e-17
1.3737259777754523e-17
1.36027195897175e-17
1.3589091178560828e-17
1.3516889384858245e-17
1.3677270029995123e-17
1.3958815947026303e-17
1.3876604154429443e-17
1.3819268468924543e-17
1.3734514854335382e-17
1.3301924849488396e-17
1.2893274852675829e-17
1.2974403946689008e-17
1.3174207647730494e-17
1.3479971501064403e-17
1.3498277353351994e-17
1.3144920574687941e-17
1.2982042392832285e-17
1.3161354992399649e-17
1.3320368902370946e-17
1.3164447326154175e-17
1.3050840328787293e-17
1.3217281948083042e-17
1.3188071992499552e-17
1.3198256078331124e-17
1.3066497463594774e-17
1.312448521157532e-17
1.3314622506361919e-17
1.3165372735662935e-17
1.31270942250171e-17
1.3257876273118378e-17
1.3493624345475431e-17
1.3589762329516437e-17
1.3502294333076083e-17
1.3511948522703791e-17
1.340177134341724e-17
1.348438323055419e-17
1.3688448243863333e-17
1.3418188963266576e-17
1.3606722825736016e-17
1.372512408573121e-17
1.345286967720838e-17
1.355810675787968e-17
1.3648498345911657e-17
1.340913109775301e-17
1.3273183706972877e-17
1.3503169348997735e-17
1.3602301933775841e-17
1.346742655203061e-17
1.3440305639694623e-17
1.3098773792600036e-17
1.2781207913872624e-17
1.286726794403067e-17
1.3214946281674375e-17
1.330687716473083e-17
1.3059598886934987e-17
1.3016781899292385e-17
1.3340743182347677e-17
1.3411501123425616e-17
1.3115223481095717e-17
1.2957192246073078e-17
1.295726401875775e-17
1.3295587474139615e-17
1.3476982245101693e-17
1.3104930972697936e-17
1.2804510366676169e-17
1.2987031357956254e-17
1.3011723452101341e-17
1.2915633571029849e-17
1.2877416143519904e-17
1.2703798019296061e-17
1.2692239562906923e-17
1.2783635968524323e-17
1.2945817039091613e-17
1.2823588920632796e-17
1.2526536286016269e-17
1.2619843066708687e-17
1.2945304704289324e-17
1.3088307960804163e-17
1.2870602319711167e-17
1.2890231385430018e-17
1.2824067659710348e-17
1.2647654982019453e-17
1.2684410995503182e-17
1.2714151610829734e-17
1.2708987795229274e-17
1.2959525621864145e-17
1.3899339297608394e-17
1.3844979887899827e-17
1.3074219135510704e-17
1.3027390512918406e-17
1.2947764064048169e-17
1.263718915022358e-17
1.2607157626462344e-17
1.2579117412931184e-17
1.2513147626167969e-17
1.2492351109014386e-17
1.2591967777644434e-17
1.278136291232995e-17
1.29665005524438e-17
1.3144170015655671e-17
1.311846394145478e-17
1.3111393568475296e-17
1.308575086802789e-17
1.3035031249679278e-17
1.272457010319529e-17
1.253921027317463e-17
1.2527306697067705e-17
1.2528462695414457e-17
1.2332425533239902e-17
1.2261756926248208e-17
1.2071483721484246e-17
1.1986258239670322e-17
1.1962303724391129e-17
1.2024048085229022e-17
1.2172715275519438e-17
1.2350894782916006e-17
1.2570722299442048e-17
1.2459954140815738e-17
1.2293044471991219e-17
1.2293894291119315e-17
1.2385386902675745e-17
1.2342245410873719e-17
