42.55301809753857
38.396140397762366
47.97746297763798
56.62935642838283
26.321529101146236
8.01403980026592
8.654641181208124
41.237723546095225
44.81049805501048
50.55000892554319
67.04479107296673
149.8179745183303
179.04809084941348
57.48489139438092
134.11686690108007
128.76016521927775
48.566271603687916
54.78490435745393
100.1193519193043
54.21908504618195
72.08400153015643
71.19999608117324
42.89723382571514
62.89189347636263
123.84505050212756
275.51079897131393
136.84446424890055
106.21793972527875
78.39561454137292
103.45643915476039
139.6668152233213
86.74248112693614
157.11864601501745
255.99106095427825
50.06463227444702
35.3881233633527
58.3132078065834
116.77507551781521
66.53460020688387
34.497180454448454
25.11261571303619
30.476521103191775
29.90011151265198
31.71103802159748
30.036106818994316
26.282033968097622
25.863478339004143
20.750933526208765
19.84824857108669
35.935277233006296
40.504887434202395
32.34276819434123
25.951741998242902
20.857533310204463
26.48254376683999
40.223021368823076
32.36395663924602
21.676887875149742
21.82520484721316
34.24453367171606
30.082908540606216
18.320946815823117
16.00962372746285
17.558998325418393
17.82478815804434
16.137779744418445
20.036423586083203
35.14041625448247
31.45355607632445
19.542747471485168
18.94613414649942
22.460094723064092
23.033827509185617
20.65224061746812
18.319057843291514
21.864947016300025
38.67232773899585
58.34323514599632
27.941143835465525
17.997051184975426
16.724199623489074
16.130213596620642
21.828984301723054
26.239207594697394
26.75088454680905
18.2533187955926
13.06317744965447
12.04117028539194
11.599068622423857
12.01327409935215
11.353611628599204
11.620408839786075
12.295370466053406
11.015976532731964
10.6951999644268
12.363240278722001
12.826273433622326
12.92431097167956
13.23455386343005
13.617861111368324
13.879926693955088
11.834275305211287
10.507993329630859
10.324084837891915
10.89523784966905
12.478816694268014
10.977237443365954
10.14890735103036
13.985488281401011
15.252674902626326
12.995348987422828
33.98919305679261
69.37293508887909
88.47677116874678
60.773063019201985
24.703016630839382
22.785843530964645
53.40691256144943
160.92813883524084
205.7822765172254
166.9255317243118
238.03226472520595
74.4649218446209
34.99609959108105
18.571832186397014
12.454387379526345
10.790517049029594
10.964670099021632
11.543694108659357
9.740794930767212
8.230201013376881
8.80507837240875
9.469042304074586
8.78271543833865
8.697048105924074
8.92023095531986
8.464583003122794
8.881208485333609
11.861318832382176
12.655047215884194
10.450607355825241
10.045015800881888
8.338151288123445
7.304387545774317
7.679865680256901
8.018243444243227
8.275721826659115
7.913659053022575
7.696650365464515
11.32717002253409
26.24099799345805
39.34552242750213
48.56507101911737
36.102209473027166
56.17893382013334
69.03171197840305
67.21756801558774
31.663292804164882
35.60238493486448
39.48688793650763
20.01764721558183
8.224526164453577
6.906239230046482
7.131597532713734
7.896877920916572
7.621802275182099
6.735903448340043
6.396519704442686
6.161653856486247
5.8672125110071205
6.005325415179589
6.012207863398823
5.797108877762177
5.750144650987989
5.90929601854
5.866156176130655
6.034232225155919
6.159816266495104
5.879906560814287
5.670991247870917
5.786776515936373
5.902130191600677
5.863026186037333
6.1069695066130745
6.408507662177956
6.42959251625527
6.578306088646257
6.57691091748336
6.333746234228232
6.433803144455132
6.1858689142970835
6.1740962852523396
7.29020875016041
8.05824606684128
10.762953134700929
17.853835447308803
15.500087092978067
9.775691698916726
7.5178981832922425
6.945930068081705
8.141655115913757
10.95271966682343
12.243867772541641
10.656354034147894
8.817944254432042
8.49738612505177
9.509579343882745
10.346853668310306
12.234186626674894
19.511467356196288
26.54137596832399
26.96910578272489
27.663922753372653
18.49320911224837
14.035256429254192
13.366149967355314
14.809789611032816
15.643835652868672
16.80053116201468
23.034675644266777
71.80296831480675
182.04371010254616
69.43578097472992
48.32274549799428
41.00978352943216
29.085367772408762
23.486535072687285
14.21585818600351
11.440633995253414
11.292293401399752
10.358945203044428
9.588882952461587
9.08543542485592
8.973123636933733
8.28608189016942
7.6903330306691595
6.8233678102881345
6.2576813320369356
5.797280874116415
5.58579300906717
5.76536165478307
6.180684660350559
6.088534702140029
5.735617681791818
5.663978241022272
5.569100699614504
5.427978640662818
5.01574150224339
4.862669410637051
4.887086770723432
5.284620159305062
5.431743860480207
5.020975134756619
4.811631840140848
4.922972425754965
4.998496995509731
4.6120684440020465
4.310205656327794
4.327595054407119
4.5973900561953425
4.996993766557871
4.82588724687367
4.5549228835249105
4.355971364177972
4.372393270761375
4.561921841181293
4.335198094636216
4.050616529578664
3.922260646786993
3.9533681658942768
3.992708580245338
3.8008422504881416
3.767811970929425
3.8538430091496125
3.8599197623419155
3.786204809376882
3.8687420383154874
3.841282535580266
3.805729928558342
3.707987471419149
3.73110487325157
3.74152081021389
3.656766596801532
3.783848102164335
3.872729239593997
3.6964454537483866
3.6273163279562266
3.6616570488164837
3.825291315472496
3.848871845629911
3.7373065805089314
3.597923436547401
3.4697892987368935
3.4034544167356247
3.394469638826682
3.501787292823669
3.5863000640109948
3.6713119077886045
3.630180712173326
3.486626560682526
3.5504469263181373
3.711867297892366
3.7294647597932595
3.6883659492729084
3.6798522874511184
3.716686468700072
3.68100670996628
3.6367339925712345
3.608257650868835
3.5017181961989983
3.516625558662669
3.507142685700545
3.4072528358921317
3.3660710027267697
3.400090078961558
3.39005308519802
3.4825599975030745
3.6439101808607726
3.6311312634258783
3.77306334668468
4.392560999551949
4.810076766784818
5.662729920656711
7.289546946030417
9.802243020660253
10.50649162164105
8.334947346168681
4.88030053493084
3.954301688281108
3.91267606974982
3.773784688658187
3.877634868330064
4.2016223833232305
4.310381351208214
4.095499652411886
3.8466095267291074
3.881653526741794
3.9549143327338196
3.8048015003459423
3.967104379861195
4.338995907532682
4.5000489316217305
4.736945849053644
6.124273152501508
28.977042304877553
77.92666164297076
104.8163044818622
87.80156389446212
18.742538722386936
4.23994127554525
3.8233775614645467
3.8637353358370907
3.7372319443769344
3.6088335482249674
3.5033909595915644
3.4129284454331517
3.4095040989736813
3.3451533536523206
3.2806804277548363
3.2822803089758152
3.2635861164218722
3.188125584206164
3.195118234266352
3.177436589888179
3.355222255983852
3.4181095054049524
3.2767580651189694
3.349235955898225
3.4511638066973087
3.3331785164392773
3.6124480903795657
5.001118617085208
5.407043834499148
4.108410134342108
3.4683396742740986
3.4504830040705863
3.3230627339439573
3.3483623655450905
3.326682627952844
3.3319511772886523
3.348382108531081
3.3586587861047414
3.2669906475156667
3.247542324713959
3.3366388322351566
3.415804916757304
3.486752573907343
3.4598995595671562
3.3772893281061
3.6476104410038928
3.738557217329129
3.477147534112495
3.3773824757349855
3.362774336094731
3.3800719276795586
3.370480618509023
3.3359886604516427
3.2916160883918373
3.33462687227485
3.375240972048388
3.295216072526222
3.253796208196707
3.3195254888082686
3.3544604964301983
3.541604405120903
4.1052067366742
4.612598608751979
4.076151392715415
3.55265916781664
3.474362018305081
3.5245838498944164
3.4347037169818324
3.2903410214002164
3.2460168792155932
3.305944230059432
3.410834790405071
3.4406558889870755
3.4429271072411374
3.4014506014343198
3.3505526273364046
3.3723006883078113
3.3418349354549126
3.455301421550622
3.547592243295634
3.534278433809381
3.553951315253008
3.5317637322092343
3.4423198227267395
3.277343013892403
3.2014274093660036
3.283078116098574
3.284360572334927
3.315477857166747
3.335479126865409
3.3970654582795055
3.4465378061829544
3.451657677255353
3.469304422089202
3.4687473518394056
3.4417872086974235
3.4696596770541777
3.84593979321525
5.086719558167871
5.322812274726412
4.214710024610306
4.394906393468767
5.24594993825919
4.7447006622779195
3.7347527436778005
3.5230528570803705
3.569757763716201
3.512812487828656
3.4300263414502488
3.3432329862159635
3.438764294000306
3.5851732497843263
3.6640006221109385
3.8677793909487574
4.295931693851392
4.304559573368955
4.069411672949933
3.675117866949618
3.6330085741590943
3.631758625616067
3.6824366157730184
3.7319362874926854
3.557472481622597
3.551450357999752
3.833822337016333
3.9609442113209803
3.934324807675341
3.8739086433819536
3.677873047402507
3.564925170763047
3.522757763277888
3.5893628119744903
3.669107334166386
3.763638374430898
3.7827733165569444
3.775638750049163
3.787318507040815
3.7552267006849323
3.719551010871836
3.578218141772045
3.528684160006392
3.571163425610263
3.6194665180746344
3.6027943615461995
3.7433424563394837
3.776486162599808
3.6992649504631503
3.697581780597132
3.7772735573264056
3.8079616174082953
3.7923539765878505
3.6945989453478254
3.9092495583671774
4.03737206080668
3.974786373654263
4.083510003490668
3.8977426059510756
3.851448605089389
3.8440558850703734
3.9661633256531474
7.3091064479503505
16.90305042858535
20.39994276752464
19.989578749828077
31.732724590266173
33.922658708984194
24.215714974963426
9.27230241032424
6.0677208443492425
4.555462586898194
4.61004350667891
4.619256518275311
4.843264608367295
14.13740336547312
38.66669325304386
51.78707091663188
40.50548313904876
18.462449267349783
5.2003305637396835
4.261858163702063
4.195801948529947
4.7209598806746955
4.993266816362352
4.421981225689126
3.9788134684307055
4.181096476479125
4.278002022812375
4.395487755511424
4.398270528135547
4.068943647212684
3.855204405908567
3.7908792859867
3.794265919962355
4.020902108487875
4.413780944925422
4.788003611542842
4.8646172956075855
4.387585157853184
4.0578000568214465
3.9840087931102275
3.9610301865552944
3.8269757880134936
3.8660331410495505
4.062827446184977
4.110775093401013
4.091612837983991
4.032219133899619
3.993795536688454
4.128841676649307
4.188985531237569
4.157998388316203
4.164447427824757
4.1502192422106186
4.129264514914656
4.137573485512981
4.048446917758458
3.9486365582559704
4.040041876034164
4.165769423463047
4.1014983306951445
4.223270164535671
4.264785442289601
4.190346058588542
4.20244008305355
4.202634223557709
4.165736105415106
4.18621751781653
4.256421814197586
4.266041171012603
4.265073658211324
4.229205671161152
4.250362091531032
4.19717325677819
4.235093019066228
4.329916589480803
4.314893069086233
4.1012100159940825
4.133437515074409
4.587259020559219
5.906690470752678
6.902900945896385
6.317419581407292
5.3905130590535935
5.059947568687438
4.877286727079832
4.754615928899595
4.69766728511336
4.727587664160945
4.7823150084112935
4.860789761710294
4.771974285997667
4.628644809370354
4.938124864026389
10.70036155511596
25.167808149951178
21.614063720865154
13.56808946375246
6.920778007350699
7.602065532766057
7.81055041402591
6.161150135084267
4.967745417988568
4.487232335920423
4.38411928446733
4.56216215126014
4.618898808506985
5.015034317454596
5.680996745838383
5.061906128155204
4.355346005955596
4.453640477207673
4.686222156337272
4.794820689528604
4.6026845814910295
4.168780902482435
4.051745887610931
4.263903000878015
4.473835133264844
4.398348348434833
4.272070872384292
4.453678412562597
4.716566347014697
4.980070300317051
5.000945277283018
4.778730728696988
4.5164361949826
4.3832332526668605
4.289392634648308
4.321127543624907
4.41579537179815
4.703591285475317
5.370029072366613
7.645697943632676
8.734354655806278
6.375764266556818
4.7166384974513775
4.700720626799841
4.808138507108096
4.913362535143974
4.894180435250643
4.87980093630205
4.870688596748112
5.16829510952697
6.487522342923556
7.878869801869105
8.65135428666762
8.683192041251832
7.318466819876694
9.930780896848743
15.117274055580673
15.609132913344434
12.247889072614669
6.986044240001388
5.1189249293997054
4.744851812244503
4.892914279826069
4.882156626064565
4.6126249248250755
4.552218513327127
4.595508995008554
4.680875958399271
4.710668704799467
4.714427250689769
4.7218576300581585
4.636291307194184
4.550362559236175
4.707297096503117
4.787404936017629
4.630224225837357
4.492877743059919
4.607393255138803
4.87873387119732
4.906426948775479
4.801374918409729
5.181743300391461
5.601921599377022
5.324240126257964
4.980447801429065
5.059109717955645
5.253729227302539
5.457355306560888
5.579622693579775
5.493293720807814
5.572952031665355
6.125455309240187
7.340497242529089
8.844368278131107
8.348090987744497
7.046221540712232
6.970280908138204
7.101438555746064
6.368834537794612
6.199667957445686
6.231754677325895
5.789051282280045
5.644271248508475
6.06361136064102
7.502348539847166
10.050397594445274
13.436065560749725
20.466515283551946
23.270987492203503
15.471866031576154
12.215261302052728
12.183221018299468
13.173447601595477
13.446130089534718
12.262859546147352
9.23851062458213
7.015963174183046
6.685020542829583
8.010570927890768
10.726484933398272
14.560471734564501
23.532030525512393
25.118076107807962
16.295095358623705
8.127940107899548
5.670393058975597
5.210066204976447
5.429390376461966
6.030160881816555
7.062664008064099
8.309299404574515
9.19508623298508
9.612342550821909
10.328524931324049
11.042257323023371
12.381105128264256
15.86823330897957
22.009192675431805
25.56771004086563
15.801304767883458
9.665856622754498
10.07159357756534
14.960028281344224
18.55883279441438
26.057866251814996
93.80303982254839
84.26705313053358
45.48793713902009
28.859556870988456
38.079635010320814
30.884666522743913
22.345613651927213
17.173763867903684
14.314250068996227
13.379803140279929
13.680018460027211
12.27596618950877
10.072884431033598
9.005010206707297
8.584056783880587
8.851380154111144
10.087465154856563
10.80799232684753
8.779679990222881
6.895043183959388
6.338648780708961
7.13734861957424
8.999269009675011
7.9949909057005595
8.51782848257331
11.896566973212765
14.173467482565542
14.823177147075654
13.640231924761741
11.272384085668621
10.059980925898245
9.048792835943281
7.260488794660946
6.18545040335482
5.539857074057061
5.362468993584356
5.41820402231266
5.241372535894341
5.240740785655675
5.237172271722216
5.4521102038967975
5.793294183219545
5.822688303988922
5.800300741284644
6.554199746465959
7.507323644996364
7.584659409694468
7.141150852304881
6.705429211375903
6.38489340348956
6.212740291916497
6.069000630548422
5.859110734629024
6.2039938822422105
6.578028005570634
6.172222283200834
6.044672547646451
6.182071473102047
