0.0018988329
0.00058833667
5.94419e-05
1.8151322e-06
1.3189643e-06
1.4435709e-06
2.1828389e-06
5.4835264e-06
7.3979118e-06
4.8613201e-06
1.8782923e-06
1.3102449e-06
1.2746796e-06
1.1160796e-06
9.4496392e-07
8.9008489e-07
9.0224535e-07
9.053901e-07
8.0612182e-07
7.1090398e-07
6.7465095e-07
6.5648163e-07
6.7403346e-07
7.4307673e-07
8.2994399e-07
1.0329892e-06
3.9722117e-06
1.5542118e-05
2.66886e-05
2.1425134e-05
7.7937339e-06
1.5450327e-06
8.8414828e-07
7.3618384e-07
6.5952321e-07
5.9679678e-07
5.4074104e-07
5.1825026e-07
5.0671349e-07
4.8185956e-07
4.5209734e-07
4.3680527e-07
4.2497055e-07
4.1704644e-07
4.227233e-07
4.105068e-07
3.9318925e-07
3.7875358e-07
3.5666963e-07
3.467155e-07
3.4762272e-07
3.4806916e-07
3.4438449e-07
3.3335155e-07
3.270805e-07
3.2966301e-07
3.3426821e-07
3.2694155e-07
3.3300111e-07
3.654244e-07
3.5360171e-07
3.1549152e-07
3.06451e-07
3.0022909e-07
2.951613e-07
3.1421416e-07
3.5511326e-07
3.2302373e-07
2.8801333e-07
2.8563255e-07
2.8379569e-07
3.0040746e-07
3.2641356e-07
3.091692e-07
2.9768162e-07
3.4247162e-07
5.2427504e-07
5.9320303e-07
4.0451758e-07
2.8192483e-07
2.682082e-07
2.7657535e-07
3.323232e-07
3.840812e-07
3.393246e-07
3.0020371e-07
2.7708234e-07
2.632259e-07
2.5850497e-07
2.5475947e-07
2.5582713e-07
2.57127e-07
2.6011531e-07
2.5959517e-07
2.5639176e-07
2.569252e-07
2.6214002e-07
2.6391029e-07
2.8018317e-07
2.7932344e-07
2.6748094e-07
2.7445299e-07
2.7139293e-07
2.6365399e-07
2.6584777e-07
2.6932247e-07
2.7238403e-07
2.7993164e-07
3.0697464e-07
3.2924848e-07
3.3870705e-07
9.2703948e-07
2.3159462e-06
2.6880341e-06
1.4744163e-06
5.4118527e-07
5.7696616e-07
1.56659e-06
9.1256379e-06
2.1886586e-05
2.3779963e-05
1.188443e-05
2.4411916e-06
6.6008391e-07
4.9355498e-07
4.172104e-07
3.7233863e-07
3.3812185e-07
3.278229e-07
3.2612735e-07
3.0917124e-07
2.918982e-07
2.8156012e-07
2.7219389e-07
2.690733e-07
2.7502855e-07
2.734823e-07
2.6704899e-07
3.0471068e-07
3.2698389e-07
2.8304262e-07
2.5150743e-07
2.4899938e-07
2.5557165e-07
2.5903941e-07
2.6314123e-07
2.6446898e-07
2.5941966e-07
2.5771911e-07
3.3631798e-07
9.7670568e-07
1.7066271e-06
1.4175827e-06
1.0728454e-06
3.4251825e-06
5.4243751e-06
4.0057562e-06
1.37949e-06
1.1216877e-06
1.3466488e-06
7.9634822e-07
3.2304359e-07
2.5827831e-07
2.5571171e-07
2.6186902e-07
2.616417e-07
2.57701e-07
2.5056369e-07
2.4375009e-07
2.4364815e-07
2.4720939e-07
2.5342035e-07
2.5331715e-07
2.4649765e-07
2.4298052e-07
2.4524641e-07
2.4261479e-07
2.4430901e-07
2.4770659e-07
2.4478587e-07
2.4378889e-07
2.5043829e-07
2.5488649e-07
2.52658e-07
2.5028709e-07
2.4877775e-07
2.5053015e-07
2.5419172e-07
2.5647117e-07
2.6041934e-07
2.7100882e-07
2.9956328e-07
3.5449114e-07
3.8119751e-07
4.4201184e-07
6.2020575e-07
5.8532095e-07
4.1020627e-07
3.2285425e-07
3.1975722e-07
3.8959712e-07
5.3827443e-07
6.1963198e-07
5.0160321e-07
3.7899525e-07
3.5770734e-07
3.8023316e-07
4.4571513e-07
5.5761393e-07
8.4258346e-07
1.3122591e-06
1.5170596e-06
1.201264e-06
7.9113499e-07
6.1439999e-07
5.8307342e-07
6.1136041e-07
7.0626402e-07
8.7297803e-07
1.3338582e-06
6.2896215e-06
1.9931547e-05
2.8252722e-05
1.882932e-05
5.5997662e-06
1.2484569e-06
8.4783966e-07
6.9150923e-07
6.1229684e-07
5.8199953e-07
5.5249478e-07
4.8852803e-07
4.2606942e-07
3.8789878e-07
3.7507419e-07
3.649092e-07
3.4439657e-07
3.3041675e-07
3.1725159e-07
3.0467254e-07
3.1039741e-07
3.2271885e-07
3.2260371e-07
3.0224763e-07
2.8850135e-07
2.865828e-07
2.7879153e-07
2.7381552e-07
2.7499232e-07
2.7379085e-07
2.8765683e-07
3.1885867e-07
3.0407534e-07
2.7963245e-07
2.7599685e-07
2.7120555e-07
2.6886391e-07
2.6583757e-07
2.5968041e-07
2.637307e-07
2.9165889e-07
2.9591604e-07
2.6914952e-07
2.657039e-07
2.7619086e-07
2.9003283e-07
2.774178e-07
2.5950683e-07
2.5582852e-07
2.5731111e-07
2.5471275e-07
2.5743998e-07
2.6414338e-07
2.5892538e-07
2.5561289e-07
2.5904026e-07
2.5512307e-07
2.5378594e-07
2.5263137e-07
2.5246527e-07
2.5525e-07
2.6048514e-07
2.6197603e-07
2.6134828e-07
2.6076299e-07
2.5566959e-07
2.5263054e-07
2.5267269e-07
2.509654e-07
2.5488339e-07
2.5845389e-07
2.5891657e-07
2.5880601e-07
2.6200564e-07
2.603999e-07
2.5733402e-07
2.617351e-07
2.6004076e-07
2.5474296e-07
2.547975e-07
2.550679e-07
2.5339142e-07
2.5616441e-07
2.5984897e-07
2.6082398e-07
2.5993259e-07
2.5665764e-07
2.5725322e-07
2.6005077e-07
2.5937609e-07
2.555565e-07
2.6001879e-07
2.6340254e-07
2.6100273e-07
2.5775563e-07
2.5596987e-07
2.5474014e-07
2.62654e-07
2.7368026e-07
2.8228536e-07
3.1242976e-07
3.3562927e-07
3.8948423e-07
4.985269e-07
7.0914058e-07
8.6908665e-07
6.4446215e-07
3.5656859e-07
2.7810032e-07
2.7373915e-07
2.7907086e-07
2.8884969e-07
2.9504724e-07
2.9490246e-07
2.9449154e-07
2.9352569e-07
2.9295325e-07
3.0158333e-07
3.075441e-07
2.9909199e-07
3.1365852e-07
3.3577081e-07
3.58048e-07
4.3982996e-07
1.7461925e-06
5.0871918e-06
6.6664775e-06
4.0674395e-06
1.0858837e-06
3.3108495e-07
3.02031e-07
2.8798897e-07
2.8320304e-07
2.8816609e-07
2.8747181e-07
2.797866e-07
2.7797211e-07
2.8678645e-07
2.9581796e-07
2.9151994e-07
2.8301309e-07
2.8212023e-07
2.8349828e-07
2.8188026e-07
2.7496273e-07
2.7568157e-07
2.793216e-07
2.786982e-07
2.8399143e-07
2.8922003e-07
3.063013e-07
3.83637e-07
4.0210512e-07
3.2671116e-07
2.939627e-07
2.9156604e-07
2.9648419e-07
2.9837403e-07
2.9105109e-07
2.847861e-07
2.8346153e-07
2.875839e-07
2.9256333e-07
2.9726812e-07
2.9979526e-07
2.9367817e-07
2.9404794e-07
3.0047508e-07
3.0655801e-07
3.0444247e-07
2.9558808e-07
2.9439229e-07
3.009165e-07
2.9868673e-07
2.9682914e-07
3.0583183e-07
3.1023114e-07
3.0830412e-07
3.0566096e-07
3.0380036e-07
3.0788399e-07
3.108203e-07
3.0409839e-07
3.0409137e-07
3.0839519e-07
3.3358074e-07
3.6158735e-07
3.3365183e-07
3.1209481e-07
3.1147417e-07
3.0775152e-07
3.0211325e-07
3.0032305e-07
3.0230439e-07
3.0468425e-07
3.0214608e-07
3.0535037e-07
3.1216916e-07
3.1798427e-07
3.1680432e-07
3.1145228e-07
3.1057536e-07
3.0721e-07
3.0631105e-07
3.1227887e-07
3.1635278e-07
3.1062891e-07
3.0769272e-07
3.1747669e-07
3.2220478e-07
3.1726483e-07
3.1170885e-07
3.1175097e-07
3.1458387e-07
3.1689441e-07
3.1766882e-07
3.1931026e-07
3.1943824e-07
3.1436014e-07
3.1564119e-07
3.1367782e-07
3.1907754e-07
3.7383299e-07
3.9655751e-07
3.4433003e-07
3.5621485e-07
4.0159597e-07
3.7112073e-07
3.265132e-07
3.1944174e-07
3.2207072e-07
3.2606539e-07
3.2508808e-07
3.1990365e-07
3.1713631e-07
3.215319e-07
3.2852591e-07
3.3108094e-07
3.4243664e-07
3.5966934e-07
3.6045645e-07
3.4365587e-07
3.373635e-07
3.3247684e-07
3.3319895e-07
3.3543955e-07
3.362984e-07
3.4070663e-07
3.4014411e-07
3.3277377e-07
3.2948171e-07
3.3206351e-07
3.3545464e-07
3.3434932e-07
3.3203546e-07
3.2879726e-07
3.2790786e-07
3.2833083e-07
3.3127802e-07
3.3902481e-07
3.3600278e-07
3.3584971e-07
3.3968729e-07
3.4092028e-07
3.4336017e-07
3.4017921e-07
3.3351557e-07
3.3737092e-07
3.4386534e-07
3.4934908e-07
3.4848597e-07
3.4050805e-07
3.3686862e-07
3.4268263e-07
3.4921524e-07
3.5731713e-07
3.6054553e-07
3.5776074e-07
3.4954593e-07
3.4825993e-07
3.4760592e-07
3.4071448e-07
3.4375284e-07
3.6313543e-07
5.6392355e-07
1.3008988e-06
1.7043632e-06
1.7035007e-06
3.3624267e-06
3.8542121e-06
2.1003993e-06
7.1551858e-07
4.9640272e-07
3.9824437e-07
3.8281229e-07
3.956946e-07
4.249211e-07
1.1346104e-06
3.9009365e-06
6.1115575e-06
4.4887101e-06
1.4916828e-06
4.2416784e-07
3.7683884e-07
3.7378496e-07
3.9312363e-07
4.170611e-07
4.002973e-07
3.8371283e-07
3.7406824e-07
3.7043682e-07
3.7582032e-07
3.6264973e-07
3.5673699e-07
3.6087701e-07
3.6735617e-07
3.6218614e-07
3.5537184e-07
3.6621284e-07
3.872324e-07
3.9705114e-07
3.8120086e-07
3.6683622e-07
3.5997158e-07
3.6221397e-07
3.6277197e-07
3.5991863e-07
3.6379228e-07
3.6300904e-07
3.6240692e-07
3.6818352e-07
3.726781e-07
3.7620055e-07
3.7893534e-07
3.6640026e-07
3.5834452e-07
3.6121912e-07
3.6445553e-07
3.6711867e-07
3.6414076e-07
3.5803188e-07
3.5529069e-07
3.5515185e-07
3.671739e-07
3.7172512e-07
3.7322928e-07
3.7144565e-07
3.6255656e-07
3.6353634e-07
3.6881752e-07
3.723039e-07
3.684294e-07
3.6580738e-07
3.7170022e-07
3.6595119e-07
3.5696738e-07
3.5601232e-07
3.5906331e-07
3.6455438e-07
3.6843466e-07
3.6838611e-07
3.7075338e-07
4.0325111e-07
5.076713e-07
5.6900302e-07
5.0225128e-07
4.3102401e-07
4.0817108e-07
3.9343584e-07
3.8537337e-07
3.9651528e-07
4.1071013e-07
4.1914015e-07
4.2222931e-07
4.0306475e-07
3.9662936e-07
4.1668622e-07
6.9044404e-07
1.556695e-06
1.8919403e-06
1.1492444e-06
5.3460212e-07
5.3348276e-07
5.5532337e-07
5.046237e-07
4.5377723e-07
4.2618171e-07
4.1864527e-07
4.0681229e-07
3.9639121e-07
3.9400646e-07
4.0663858e-07
4.0855173e-07
4.0181868e-07
3.9052648e-07
3.8331953e-07
3.862443e-07
3.8673443e-07
3.8909997e-07
3.9538497e-07
3.8855094e-07
3.8325345e-07
3.8768164e-07
3.9187475e-07
3.9861226e-07
4.0582282e-07
4.0133193e-07
3.8813948e-07
3.7646666e-07
3.7981175e-07
3.8942949e-07
3.9346821e-07
3.9200299e-07
3.920357e-07
4.0221374e-07
4.5044493e-07
6.1527084e-07
6.8473292e-07
5.1159492e-07
3.9995683e-07
3.9267627e-07
3.8929696e-07
3.8118495e-07
3.8155929e-07
3.8657097e-07
3.9450555e-07
4.0991003e-07
4.6291436e-07
5.4047985e-07
5.9789403e-07
6.2160331e-07
5.4233686e-07
6.9320134e-07
9.0372754e-07
1.044397e-06
8.8087995e-07
5.2580441e-07
4.2377215e-07
4.1022429e-07
4.0015624e-07
3.9323459e-07
3.9470831e-07
4.0243373e-07
4.0105837e-07
3.9362291e-07
3.9076667e-07
3.9575369e-07
3.9984266e-07
4.0655286e-07
4.0928043e-07
4.0770169e-07
4.0353765e-07
4.020292e-07
3.9910054e-07
3.8952655e-07
3.8793627e-07
3.9060239e-07
4.0413093e-07
4.1198601e-07
4.0818273e-07
4.0741037e-07
4.0364534e-07
4.0651804e-07
4.1739688e-07
4.0957713e-07
4.0227249e-07
4.0739516e-07
4.1500419e-07
4.4072715e-07
5.1017071e-07
5.8848491e-07
6.0264125e-07
5.4399004e-07
5.2601115e-07
5.3759641e-07
4.9188441e-07
4.8781141e-07
5.0501558e-07
4.9350297e-07
5.1197196e-07
5.7578973e-07
6.9549378e-07
8.6491622e-07
9.3946034e-07
9.9818567e-07
1.158363e-06
1.4762743e-06
1.7169812e-06
1.8402561e-06
1.706095e-06
1.2062494e-06
7.6491909e-07
5.5240861e-07
4.7137965e-07
4.8805356e-07
5.7618246e-07
6.8645147e-07
7.4730593e-07
8.6297263e-07
8.8439776e-07
6.2054085e-07
4.4644491e-07
4.1491126e-07
4.1934592e-07
4.4203028e-07
4.8380298e-07
5.4867422e-07
5.8524768e-07
5.9234526e-07
6.2101185e-07
6.6886338e-07
6.8725086e-07
7.0998351e-07
8.1445165e-07
8.6319056e-07
7.7640374e-07
6.2212905e-07
5.1898536e-07
5.567947e-07
7.6367127e-07
1.1611593e-06
1.5076959e-06
1.9179126e-06
2.5303027e-06
2.6687312e-06
2.1552989e-06
1.8534589e-06
2.0963514e-06
2.2461809e-06
2.050632e-06
1.7206272e-06
1.4114077e-06
1.1428899e-06
9.3614278e-07
8.8233674e-07
9.4702045e-07
1.0603175e-06
1.2161261e-06
1.2335126e-06
9.4245644e-07
5.9723266e-07
4.8234227e-07
4.9902195e-07
5.4400198e-07
5.929341e-07
6.1239166e-07
7.7921936e-07
1.2656511e-06
1.5527961e-06
1.4346419e-06
1.1528488e-06
8.5207273e-07
6.4010402e-07
5.0963939e-07
4.2782824e-07
4.0941435e-07
4.1473271e-07
4.2176828e-07
4.262622e-07
4.3998887e-07
4.594196e-07
4.6239063e-07
4.6125683e-07
4.7978426e-07
5.1531339e-07
5.4820151e-07
5.6193767e-07
5.6850405e-07
5.6735729e-07
5.4877904e-07
5.0826361e-07
4.8009201e-07
4.5977535e-07
4.4251539e-07
4.3792608e-07
4.5297082e-07
4.7200632e-07
4.678287e-07
4.5371894e-07
4.4626651e-07
