0.0000000e+00 1.8743245e-07 
1.2800000e+02 8.9862098e-08 
2.5600000e+02 8.5706153e-09 
3.8400000e+02 8.1635233e-11 
5.1200000e+02 6.6569103e-13 
6.4000000e+02 2.1206242e-12 
7.6800000e+02 1.7016463e-12 
8.9600000e+02 4.1386024e-13 
1.0240000e+03 6.2733933e-13 
1.1520000e+03 7.5395110e-13 
1.2800000e+03 9.4153591e-13 
1.4080000e+03 5.1431629e-13 
1.5360000e+03 3.1097493e-13 
1.6640000e+03 2.3340219e-13 
1.7920000e+03 1.7550111e-13 
1.9200000e+03 1.6428254e-13 
2.0480000e+03 3.0787048e-13 
2.1760000e+03 2.8817655e-13 
2.3040000e+03 1.5678169e-13 
2.4320000e+03 1.2526777e-13 
2.5600000e+03 1.5236532e-13 
2.6880000e+03 1.2949506e-13 
2.8160000e+03 7.3745392e-14 
2.9440000e+03 8.2898498e-14 
3.0720000e+03 2.1007406e-13 
3.2000000e+03 2.3050707e-13 
3.3280000e+03 9.1425470e-14 
3.4560000e+03 2.4737204e-12 
3.5840000e+03 3.2636841e-11 
3.7120000e+03 7.5613467e-11 
3.8400000e+03 3.7589751e-11 
3.9680000e+03 3.4219611e-12 
4.0960000e+03 1.0918721e-13 
4.2240000e+03 2.3155826e-13 
4.3520000e+03 2.7129045e-13 
4.4800000e+03 2.2452563e-13 
4.6080000e+03 1.9705486e-13 
4.7360000e+03 1.8132718e-13 
4.8640000e+03 1.3348427e-13 
4.9920000e+03 1.0448006e-13 
5.1200000e+03 1.2659569e-13 
5.2480000e+03 1.6575229e-13 
5.3760000e+03 2.1709217e-13 
5.5040000e+03 1.8286667e-13 
5.6320000e+03 1.1726826e-13 
5.7600000e+03 8.7195401e-14 
5.8880000e+03 5.4850618e-14 
6.0160000e+03 6.8698377e-14 
6.1440000e+03 7.1283061e-14 
6.2720000e+03 4.8528195e-14 
6.4000000e+03 3.6556566e-14 
6.5280000e+03 4.5879756e-14 
6.6560000e+03 6.0483140e-14 
6.7840000e+03 8.2872653e-14 
6.9120000e+03 6.4559814e-14 
7.0400000e+03 4.2433179e-14 
7.1680000e+03 4.6435190e-14 
7.2960000e+03 4.1983378e-14 
7.4240000e+03 3.5727636e-14 
7.5520000e+03 4.3817956e-14 
7.6800000e+03 3.3672108e-14 
7.8080000e+03 1.7524155e-14 
7.9360000e+03 1.8222770e-14 
8.0640000e+03 1.7367470e-14 
8.1920000e+03 1.8873903e-14 
8.3200000e+03 3.4886153e-14 
8.4480000e+03 2.7227816e-14 
8.5760000e+03 1.4719544e-14 
8.7040000e+03 1.4189530e-14 
8.8320000e+03 9.1959851e-15 
8.9600000e+03 1.4998087e-14 
9.0880000e+03 2.7216339e-14 
9.2160000e+03 2.0326497e-14 
9.3440000e+03 1.0041787e-14 
9.4720000e+03 9.0885212e-15 
9.6000000e+03 9.3413038e-15 
9.7280000e+03 3.7486134e-14 
9.8560000e+03 4.3128627e-14 
9.9840000e+03 1.4172558e-14 
1.0112000e+04 8.7277199e-15 
1.0240000e+04 8.2255861e-15 
1.0368000e+04 1.0448787e-14 
1.0496000e+04 1.7758561e-14 
1.0624000e+04 2.2644381e-14 
1.0752000e+04 2.1091578e-14 
1.0880000e+04 8.5055008e-15 
1.1008000e+04 2.1866529e-16 
1.1136000e+04 1.0547939e-14 
1.1264000e+04 1.4232281e-14 
1.1392000e+04 1.9663858e-14 
1.1520000e+04 2.0111474e-14 
1.1648000e+04 3.3028400e-14 
1.1776000e+04 4.5843300e-14 
1.1904000e+04 2.9966362e-14 
1.2032000e+04 1.0719799e-14 
1.2160000e+04 1.4454932e-14 
1.2288000e+04 1.0002240e-14 
1.2416000e+04 8.9042111e-15 
1.2544000e+04 9.8622850e-15 
1.2672000e+04 1.0783380e-14 
1.2800000e+04 1.1882720e-14 
1.2928000e+04 1.2325785e-14 
1.3056000e+04 1.1066011e-14 
1.3184000e+04 1.0352612e-14 
1.3312000e+04 9.3429039e-15 
1.3440000e+04 9.3856129e-15 
1.3568000e+04 1.4877017e-14 
1.3696000e+04 1.9038953e-14 
1.3824000e+04 1.4683484e-14 
1.3952000e+04 1.0486599e-14 
1.4080000e+04 8.0979086e-15 
1.4208000e+04 6.9539224e-15 
1.4336000e+04 1.0700866e-14 
1.4464000e+04 1.0903338e-14 
1.4592000e+04 1.3531227e-14 
1.4720000e+04 1.5541469e-14 
1.4848000e+04 6.9091423e-15 
1.4976000e+04 1.1008884e-14 
1.5104000e+04 1.6650305e-14 
1.5232000e+04 9.7806327e-15 
1.5360000e+04 1.4206615e-14 
1.5488000e+04 1.7908311e-14 
1.5616000e+04 4.3479802e-15 
1.5744000e+04 7.6656194e-15 
1.5872000e+04 1.7601211e-14 
1.6000000e+04 2.6538057e-14 
1.6128000e+04 2.0522267e-14 
1.6256000e+04 1.5169762e-14 
1.6384000e+04 1.2064666e-14 
1.6512000e+04 1.1210486e-14 
1.6640000e+04 1.4748922e-14 
1.6768000e+04 1.3105125e-14 
1.6896000e+04 8.7453695e-15 
1.7024000e+04 8.1866988e-15 
1.7152000e+04 6.8956372e-15 
1.7280000e+04 1.0939793e-14 
1.7408000e+04 1.6341508e-14 
1.7536000e+04 1.4013030e-14 
1.7664000e+04 1.0817152e-14 
1.7792000e+04 9.4454279e-15 
1.7920000e+04 1.0268410e-14 
1.8048000e+04 1.3628260e-14 
1.8176000e+04 1.7519038e-14 
1.8304000e+04 1.5995457e-14 
1.8432000e+04 1.2325731e-14 
1.8560000e+04 1.2931433e-14 
1.8688000e+04 1.5564693e-14 
1.8816000e+04 1.7495549e-14 
1.8944000e+04 1.5645496e-14 
1.9072000e+04 1.0706179e-14 
1.9200000e+04 9.6669312e-15 
1.9328000e+04 9.9595015e-15 
1.9456000e+04 6.2341456e-14 
1.9584000e+04 1.4046735e-13 
1.9712000e+04 8.0139522e-14 
1.9840000e+04 1.5919767e-14 
1.9968000e+04 6.0248645e-15 
2.0096000e+04 9.5244908e-15 
2.0224000e+04 3.6740698e-14 
2.0352000e+04 2.6115752e-14 
2.0480000e+04 1.5209922e-14 
2.0608000e+04 4.6801569e-15 
2.0736000e+04 5.2561164e-15 
2.0864000e+04 8.4770287e-15 
2.0992000e+04 8.5986092e-15 
2.1120000e+04 9.1275220e-15 
2.1248000e+04 1.0995982e-14 
2.1376000e+04 9.6607979e-15 
2.1504000e+04 8.2685967e-15 
2.1632000e+04 8.2071826e-15 
2.1760000e+04 9.0052426e-15 
2.1888000e+04 1.1069073e-14 
2.2016000e+04 1.3205076e-14 
2.2144000e+04 1.3157663e-14 
2.2272000e+04 1.2923541e-14 
2.2400000e+04 1.4044453e-14 
2.2528000e+04 1.7068107e-14 
2.2656000e+04 2.1066629e-14 
2.2784000e+04 2.1475040e-14 
2.2912000e+04 1.9575280e-14 
2.3040000e+04 2.0013406e-14 
2.3168000e+04 2.4483047e-14 
2.3296000e+04 3.2189078e-14 
2.3424000e+04 3.5969383e-14 
2.3552000e+04 3.5381844e-14 
2.3680000e+04 4.1335255e-14 
2.3808000e+04 5.4162160e-14 
2.3936000e+04 7.8543651e-14 
2.4064000e+04 7.6762652e-14 
2.4192000e+04 5.3992706e-14 
2.4320000e+04 5.1241001e-14 
2.4448000e+04 4.4906424e-14 
2.4576000e+04 4.1667434e-14 
2.4704000e+04 4.0022171e-14 
2.4832000e+04 3.1925661e-14 
2.4960000e+04 2.2936394e-14 
2.5088000e+04 1.5106470e-14 
2.5216000e+04 1.8319866e-14 
2.5344000e+04 1.9271136e-14 
2.5472000e+04 1.7038263e-14 
2.5600000e+04 1.6774825e-14 
2.5728000e+04 1.6577849e-14 
2.5856000e+04 1.5716500e-14 
2.5984000e+04 1.5830804e-14 
2.6112000e+04 1.4798462e-14 
2.6240000e+04 1.2491233e-14 
2.6368000e+04 1.3126093e-14 
2.6496000e+04 1.5383211e-14 
2.6624000e+04 1.0816202e-14 
2.6752000e+04 6.9083380e-15 
2.6880000e+04 2.2512249e-15 
2.7008000e+04 1.4669755e-14 
2.7136000e+04 2.6061213e-14 
2.7264000e+04 1.6459815e-14 
2.7392000e+04 2.6991956e-15 
2.7520000e+04 2.7426863e-15 
2.7648000e+04 1.0938712e-15 
2.7776000e+04 1.6930327e-15 
2.7904000e+04 1.1610625e-15 
2.8032000e+04 1.1805993e-14 
2.8160000e+04 7.9752252e-14 
2.8288000e+04 5.0006570e-12 
2.8416000e+04 4.9819256e-11 
2.8544000e+04 9.3885816e-11 
2.8672000e+04 3.8210012e-11 
2.8800000e+04 2.8216823e-12 
2.8928000e+04 4.8750354e-14 
2.9056000e+04 1.4799273e-14 
2.9184000e+04 6.1959592e-15 
2.9312000e+04 5.6971690e-15 
2.9440000e+04 8.8415315e-15 
2.9568000e+04 8.3336361e-15 
2.9696000e+04 6.4143374e-15 
2.9824000e+04 8.9488836e-15 
2.9952000e+04 1.0574958e-14 
3.0080000e+04 7.1082980e-15 
3.0208000e+04 5.6624957e-15 
3.0336000e+04 5.9995555e-15 
3.0464000e+04 5.8783269e-15 
3.0592000e+04 4.8365958e-15 
3.0720000e+04 4.7411665e-15 
3.0848000e+04 7.7868230e-15 
3.0976000e+04 1.1476380e-14 
3.1104000e+04 1.7527964e-14 
3.1232000e+04 3.9455754e-14 
3.1360000e+04 5.7869948e-14 
3.1488000e+04 4.3672710e-14 
3.1616000e+04 2.2213488e-14 
3.1744000e+04 1.3950091e-14 
3.1872000e+04 2.1101075e-14 
3.2000000e+04 3.2010320e-14 
3.2128000e+04 1.7680507e-14 
3.2256000e+04 5.1717367e-15 
3.2384000e+04 4.3123133e-15 
3.2512000e+04 7.9760654e-15 
3.2640000e+04 7.8407172e-15 
3.2768000e+04 7.4836267e-15 
3.2896000e+04 9.1925123e-15 
3.3024000e+04 7.6656024e-15 
3.3152000e+04 6.6162506e-15 
3.3280000e+04 7.1942430e-15 
3.3408000e+04 6.7522379e-15 
3.3536000e+04 6.1412345e-15 
3.3664000e+04 9.4077332e-15 
3.3792000e+04 1.3404355e-14 
3.3920000e+04 2.5337112e-14 
3.4048000e+04 4.0436750e-14 
3.4176000e+04 2.3771870e-14 
3.4304000e+04 6.3395050e-15 
3.4432000e+04 3.9523044e-15 
3.4560000e+04 3.4677794e-15 
3.4688000e+04 5.3119744e-15 
3.4816000e+04 8.0056853e-15 
3.4944000e+04 8.4174661e-15 
3.5072000e+04 7.5738273e-15 
3.5200000e+04 5.7322561e-15 
3.5328000e+04 5.1033261e-15 
3.5456000e+04 5.5056608e-15 
3.5584000e+04 7.4567250e-15 
3.5712000e+04 7.9480210e-15 
3.5840000e+04 6.1920963e-15 
3.5968000e+04 5.1519343e-15 
3.6096000e+04 5.8339614e-15 
3.6224000e+04 7.1913368e-15 
3.6352000e+04 8.6401926e-15 
3.6480000e+04 7.6754560e-15 
3.6608000e+04 5.3773218e-15 
3.6736000e+04 5.7031647e-15 
3.6864000e+04 6.4397696e-15 
3.6992000e+04 8.8341369e-15 
3.7120000e+04 1.0973404e-14 
3.7248000e+04 1.0613110e-14 
3.7376000e+04 1.1337561e-14 
3.7504000e+04 1.5756827e-14 
3.7632000e+04 1.5452820e-14 
3.7760000e+04 1.2690630e-14 
3.7888000e+04 1.9010628e-14 
3.8016000e+04 1.4529622e-14 
3.8144000e+04 8.9812293e-15 
3.8272000e+04 9.5605117e-15 
3.8400000e+04 8.8373963e-15 
3.8528000e+04 6.6578166e-15 
3.8656000e+04 7.6287929e-15 
3.8784000e+04 1.0934990e-14 
3.8912000e+04 1.9583407e-14 
3.9040000e+04 9.1959243e-14 
3.9168000e+04 2.0520375e-13 
3.9296000e+04 1.0419390e-13 
3.9424000e+04 1.3943077e-14 
3.9552000e+04 9.3857366e-15 
3.9680000e+04 1.0331650e-14 
3.9808000e+04 1.4161950e-14 
3.9936000e+04 2.5236495e-14 
4.0064000e+04 2.2515959e-14 
4.0192000e+04 8.8975263e-15 
4.0320000e+04 7.0496786e-15 
4.0448000e+04 9.0046692e-15 
4.0576000e+04 7.3718031e-15 
4.0704000e+04 5.4753383e-15 
4.0832000e+04 4.5001484e-15 
4.0960000e+04 9.0094160e-15 
4.1088000e+04 4.7850433e-14 
4.1216000e+04 1.0474194e-13 
4.1344000e+04 1.9416196e-13 
4.1472000e+04 3.2402046e-13 
4.1600000e+04 1.1176786e-12 
4.1728000e+04 2.1519034e-12 
4.1856000e+04 1.1981528e-12 
4.1984000e+04 2.1147231e-13 
4.2112000e+04 1.9190858e-14 
4.2240000e+04 4.9894577e-15 
4.2368000e+04 5.1378689e-15 
4.2496000e+04 4.8003140e-15 
4.2624000e+04 3.8770464e-15 
4.2752000e+04 2.5030139e-15 
4.2880000e+04 2.1868834e-15 
4.3008000e+04 3.1361859e-15 
4.3136000e+04 4.9279365e-15 
4.3264000e+04 5.6458829e-15 
4.3392000e+04 2.9573611e-15 
4.3520000e+04 2.2535396e-15 
4.3648000e+04 1.8472930e-14 
4.3776000e+04 3.5866770e-14 
4.3904000e+04 1.5560319e-14 
4.4032000e+04 2.3085356e-15 
4.4160000e+04 4.9842671e-15 
4.4288000e+04 1.2500233e-13 
4.4416000e+04 6.1461995e-13 
4.4544000e+04 6.2431044e-13 
4.4672000e+04 1.3383560e-13 
4.4800000e+04 3.8072318e-15 
4.4928000e+04 1.6750458e-15 
4.5056000e+04 5.7211015e-15 
4.5184000e+04 7.6877363e-15 
4.5312000e+04 7.1575902e-15 
4.5440000e+04 6.2328996e-15 
4.5568000e+04 5.9187782e-15 
4.5696000e+04 8.0902302e-15 
4.5824000e+04 8.5315395e-15 
4.5952000e+04 1.0509975e-14 
4.6080000e+04 9.8559415e-15 
4.6208000e+04 7.0973331e-15 
4.6336000e+04 8.0021879e-15 
4.6464000e+04 7.2784609e-15 
4.6592000e+04 9.0612603e-15 
4.6720000e+04 1.0733885e-14 
4.6848000e+04 8.5110870e-15 
4.6976000e+04 8.2673804e-15 
4.7104000e+04 1.0581369e-14 
4.7232000e+04 1.3704216e-14 
4.7360000e+04 1.3691612e-14 
4.7488000e+04 1.1617944e-14 
4.7616000e+04 1.1090216e-14 
4.7744000e+04 1.3074570e-14 
4.7872000e+04 2.1926007e-14 
4.8000000e+04 3.3261086e-14 
4.8128000e+04 2.0071371e-14 
4.8256000e+04 8.7384018e-15 
4.8384000e+04 9.0485548e-15 
4.8512000e+04 1.1300824e-14 
4.8640000e+04 1.0729526e-14 
4.8768000e+04 1.0600952e-14 
4.8896000e+04 1.0141820e-14 
4.9024000e+04 9.9619079e-15 
4.9152000e+04 8.2397053e-15 
4.9280000e+04 5.7028391e-15 
4.9408000e+04 6.7848029e-15 
4.9536000e+04 4.0629269e-15 
4.9664000e+04 4.2812806e-15 
4.9792000e+04 6.5298223e-15 
4.9920000e+04 5.8466839e-15 
5.0048000e+04 5.8983690e-15 
5.0176000e+04 6.8048717e-15 
5.0304000e+04 6.1604414e-15 
5.0432000e+04 5.0647988e-15 
5.0560000e+04 4.5230933e-15 
5.0688000e+04 4.3524602e-15 
5.0816000e+04 3.9107185e-15 
5.0944000e+04 1.8273461e-15 
5.1072000e+04 2.3234417e-15 
5.1200000e+04 4.2536644e-15 
5.1328000e+04 5.1850639e-15 
5.1456000e+04 5.7630267e-15 
5.1584000e+04 6.3284614e-15 
5.1712000e+04 5.8963874e-15 
5.1840000e+04 3.6684425e-15 
5.1968000e+04 3.2141402e-15 
5.2096000e+04 4.8804018e-15 
5.2224000e+04 5.5581010e-15 
5.2352000e+04 4.4436064e-15 
5.2480000e+04 4.5281022e-15 
5.2608000e+04 2.3571847e-15 
5.2736000e+04 3.1788759e-15 
5.2864000e+04 2.7071855e-15 
5.2992000e+04 1.8427875e-15 
5.3120000e+04 4.4731535e-15 
5.3248000e+04 5.4102963e-15 
5.3376000e+04 7.2125440e-15 
5.3504000e+04 1.0174857e-14 
5.3632000e+04 1.0751105e-14 
5.3760000e+04 8.8278350e-15 
5.3888000e+04 1.1101107e-14 
5.4016000e+04 1.3923068e-14 
5.4144000e+04 7.1823252e-15 
5.4272000e+04 4.0123455e-15 
5.4400000e+04 2.0566072e-15 
5.4528000e+04 3.6007396e-15 
5.4656000e+04 4.6634864e-15 
5.4784000e+04 3.6632184e-15 
5.4912000e+04 3.6894472e-15 
5.5040000e+04 3.5723161e-15 
5.5168000e+04 3.9532679e-15 
5.5296000e+04 5.9700911e-15 
5.5424000e+04 5.8492906e-15 
5.5552000e+04 5.6839608e-15 
5.5680000e+04 6.1785137e-15 
5.5808000e+04 5.5694390e-15 
5.5936000e+04 8.8363290e-15 
5.6064000e+04 8.1516291e-15 
5.6192000e+04 5.0487200e-15 
5.6320000e+04 4.8079835e-15 
5.6448000e+04 3.2651178e-15 
5.6576000e+04 6.1768315e-15 
5.6704000e+04 1.1410768e-14 
5.6832000e+04 7.3187213e-15 
5.6960000e+04 8.9497882e-15 
5.7088000e+04 5.7592819e-14 
5.7216000e+04 9.2064309e-14 
5.7344000e+04 3.7954618e-14 
5.7472000e+04 3.5517135e-15 
5.7600000e+04 1.8198937e-15 
5.7728000e+04 2.6155467e-15 
5.7856000e+04 3.4416221e-15 
5.7984000e+04 2.6724374e-15 
5.8112000e+04 2.1580932e-15 
5.8240000e+04 3.5006326e-15 
5.8368000e+04 5.0216856e-15 
5.8496000e+04 1.0520019e-14 
5.8624000e+04 8.1900612e-14 
5.8752000e+04 2.3217843e-13 
5.8880000e+04 1.4554147e-13 
5.9008000e+04 2.0796914e-14 
5.9136000e+04 1.2187018e-15 
5.9264000e+04 2.2374699e-15 
5.9392000e+04 2.5909260e-15 
5.9520000e+04 4.1590648e-15 
5.9648000e+04 5.8774104e-15 
5.9776000e+04 1.3901835e-14 
5.9904000e+04 7.4069494e-14 
6.0032000e+04 1.0357660e-13 
6.0160000e+04 3.4723513e-14 
6.0288000e+04 6.0849356e-15 
6.0416000e+04 4.3256859e-15 
6.0544000e+04 4.5054089e-15 
6.0672000e+04 3.7024979e-15 
6.0800000e+04 3.6620843e-15 
6.0928000e+04 2.2533219e-15 
6.1056000e+04 1.8941872e-15 
6.1184000e+04 3.2862295e-15 
6.1312000e+04 2.8633779e-15 
6.1440000e+04 2.7506298e-15 
6.1568000e+04 3.7920882e-15 
6.1696000e+04 4.3400435e-15 
6.1824000e+04 7.8787219e-15 
6.1952000e+04 1.5572215e-14 
6.2080000e+04 1.2990747e-14 
6.2208000e+04 7.9836006e-15 
6.2336000e+04 9.4893558e-15 
6.2464000e+04 7.1745851e-15 
6.2592000e+04 5.8089952e-15 
6.2720000e+04 8.6329674e-15 
6.2848000e+04 3.5841183e-15 
6.2976000e+04 8.2274470e-15 
6.3104000e+04 2.8208893e-15 
6.3232000e+04 7.3716896e-15 
6.3360000e+04 8.1045086e-15 
6.3488000e+04 1.8184196e-14 
6.3616000e+04 6.2441880e-14 
6.3744000e+04 9.2674234e-14 
6.3872000e+04 9.3702505e-14 
6.4000000e+04 1.0169853e-13 
6.4128000e+04 4.0643727e-14 
6.4256000e+04 5.6255621e-15 
6.4384000e+04 2.8085152e-15 
6.4512000e+04 3.9670077e-15 
6.4640000e+04 6.2063082e-15 
6.4768000e+04 4.5457460e-14 
6.4896000e+04 1.3089595e-13 
6.5024000e+04 1.2407797e-13 
6.5152000e+04 3.1611668e-13 
6.5280000e+04 6.9389432e-13 
6.5408000e+04 3.6187728e-13 
6.5536000e+04 5.4320697e-14 
6.5664000e+04 1.8410807e-14 
6.5792000e+04 1.0387977e-14 
6.5920000e+04 3.9146191e-15 
6.6048000e+04 6.8943806e-15 
6.6176000e+04 7.0352193e-15 
6.6304000e+04 1.5685296e-13 
6.6432000e+04 1.1088682e-12 
6.6560000e+04 1.5719398e-12 
6.6688000e+04 4.9685858e-13 
6.6816000e+04 4.0453978e-14 
6.6944000e+04 7.5685231e-15 
6.7072000e+04 8.6310904e-15 
6.7200000e+04 5.9067550e-15 
6.7328000e+04 4.4932366e-15 
6.7456000e+04 1.1131376e-14 
6.7584000e+04 1.6496324e-14 
6.7712000e+04 9.9888071e-15 
6.7840000e+04 7.6870103e-15 
6.7968000e+04 8.3490411e-15 
6.8096000e+04 3.0570391e-14 
6.8224000e+04 2.6840882e-14 
6.8352000e+04 1.0875935e-14 
6.8480000e+04 3.7404484e-15 
6.8608000e+04 3.6606854e-15 
6.8736000e+04 5.4955388e-15 
6.8864000e+04 5.6014263e-15 
6.8992000e+04 2.3214017e-14 
6.9120000e+04 1.2705855e-13 
6.9248000e+04 2.4057652e-13 
6.9376000e+04 1.4245884e-13 
6.9504000e+04 2.5970266e-14 
6.9632000e+04 6.1296077e-15 
6.9760000e+04 5.8042522e-15 
6.9888000e+04 4.7674021e-15 
7.0016000e+04 3.3488424e-15 
7.0144000e+04 3.8780256e-15 
7.0272000e+04 3.8768164e-15 
7.0400000e+04 3.4039666e-15 
7.0528000e+04 1.9051457e-15 
7.0656000e+04 1.8283054e-15 
7.0784000e+04 3.5095764e-15 
7.0912000e+04 3.8066131e-15 
7.1040000e+04 4.4459980e-15 
7.1168000e+04 3.6589494e-15 
7.1296000e+04 3.1921525e-15 
7.1424000e+04 3.6276520e-15 
7.1552000e+04 2.7575060e-15 
7.1680000e+04 2.1036813e-15 
7.1808000e+04 4.2076226e-15 
7.1936000e+04 3.7679748e-15 
7.2064000e+04 3.6064291e-15 
7.2192000e+04 1.2264874e-15 
7.2320000e+04 2.5277704e-15 
7.2448000e+04 4.0916676e-15 
7.2576000e+04 4.2232389e-15 
7.2704000e+04 4.8859562e-15 
7.2832000e+04 5.8894646e-15 
7.2960000e+04 5.9124649e-15 
7.3088000e+04 8.1738552e-15 
7.3216000e+04 6.6654234e-15 
7.3344000e+04 4.6517449e-15 
7.3472000e+04 4.6443655e-15 
7.3600000e+04 3.8064293e-15 
7.3728000e+04 4.3877268e-15 
7.3856000e+04 7.0069585e-15 
7.3984000e+04 1.0508752e-14 
7.4112000e+04 5.5587113e-15 
7.4240000e+04 1.6742625e-15 
7.4368000e+04 3.0209633e-15 
7.4496000e+04 4.8323175e-15 
7.4624000e+04 7.1077203e-15 
7.4752000e+04 1.1165846e-14 
7.4880000e+04 1.6548752e-14 
7.5008000e+04 1.3255336e-14 
7.5136000e+04 5.8365241e-15 
7.5264000e+04 5.0568307e-15 
7.5392000e+04 6.1662474e-15 
7.5520000e+04 6.4838564e-15 
7.5648000e+04 1.5348222e-14 
7.5776000e+04 2.4622040e-14 
7.5904000e+04 2.1069868e-14 
7.6032000e+04 1.3219204e-14 
7.6160000e+04 9.7904091e-15 
7.6288000e+04 1.0259215e-14 
7.6416000e+04 1.2145261e-14 
7.6544000e+04 4.2059601e-14 
7.6672000e+04 2.6063047e-13 
7.6800000e+04 4.0221816e-13 
7.6928000e+04 1.5182492e-13 
7.7056000e+04 2.8239758e-14 
7.7184000e+04 2.2239355e-14 
7.7312000e+04 4.0420592e-14 
7.7440000e+04 3.2978753e-14 
7.7568000e+04 1.7954183e-14 
7.7696000e+04 1.3839212e-14 
7.7824000e+04 1.1311748e-14 
7.7952000e+04 9.8840308e-15 
7.8080000e+04 5.9273494e-15 
7.8208000e+04 1.2121388e-13 
7.8336000e+04 3.6530967e-13 
7.8464000e+04 2.2201686e-13 
7.8592000e+04 2.2590443e-14 
7.8720000e+04 6.3107957e-15 
7.8848000e+04 1.0281384e-14 
7.8976000e+04 1.2557541e-14 
7.9104000e+04 1.1045108e-14 
7.9232000e+04 9.7158787e-15 
7.9360000e+04 9.3074572e-15 
7.9488000e+04 9.6098488e-15 
7.9616000e+04 9.8409330e-15 
7.9744000e+04 9.1495161e-15 
7.9872000e+04 9.3445454e-15 
8.0000000e+04 1.1741282e-14 
8.0128000e+04 1.1843254e-14 
8.0256000e+04 1.2316504e-14 
8.0384000e+04 1.5326666e-14 
8.0512000e+04 1.5989592e-14 
8.0640000e+04 1.3668932e-14 
8.0768000e+04 1.6930811e-14 
8.0896000e+04 2.4844229e-14 
8.1024000e+04 2.7539237e-14 
8.1152000e+04 2.3809485e-14 
8.1280000e+04 2.6219817e-14 
8.1408000e+04 4.3668875e-14 
8.1536000e+04 8.9413997e-14 
8.1664000e+04 1.4824123e-13 
8.1792000e+04 1.3780866e-13 
8.1920000e+04 1.0963072e-13 
8.2048000e+04 1.2833131e-13 
8.2176000e+04 1.7774127e-13 
8.2304000e+04 1.8736969e-13 
8.2432000e+04 1.6273362e-13 
8.2560000e+04 1.7550843e-13 
8.2688000e+04 2.3143472e-13 
8.2816000e+04 3.4588207e-13 
8.2944000e+04 5.4703871e-13 
8.3072000e+04 9.5595038e-13 
8.3200000e+04 9.3116487e-13 
8.3328000e+04 4.0423521e-13 
8.3456000e+04 1.9141532e-13 
8.3584000e+04 2.0203278e-13 
8.3712000e+04 2.0663899e-13 
8.3840000e+04 1.6204575e-13 
8.3968000e+04 1.0411179e-13 
8.4096000e+04 1.4343411e-13 
8.4224000e+04 3.0779949e-13 
8.4352000e+04 3.8375580e-13 
8.4480000e+04 3.9104093e-13 
8.4608000e+04 4.2467763e-13 
8.4736000e+04 4.5318423e-13 
8.4864000e+04 4.2545516e-13 
8.4992000e+04 3.9023117e-13 
8.5120000e+04 3.4909602e-13 
8.5248000e+04 3.2871606e-13 
8.5376000e+04 3.4777847e-13 
8.5504000e+04 3.3690894e-13 
8.5632000e+04 3.4123111e-13 
8.5760000e+04 3.9808654e-13 
8.5888000e+04 3.7857730e-13 
8.6016000e+04 3.7143625e-13 
8.6144000e+04 4.3535116e-13 
8.6272000e+04 4.3753342e-13 
8.6400000e+04 4.0480905e-13 
8.6528000e+04 4.0979438e-13 
8.6656000e+04 4.9386287e-13 
8.6784000e+04 5.5232191e-13 
8.6912000e+04 5.0899405e-13 
8.7040000e+04 4.0921078e-13 
8.7168000e+04 3.0009494e-13 
8.7296000e+04 2.2966785e-13 
8.7424000e+04 2.3937715e-13 
8.7552000e+04 2.1788928e-13 
8.7680000e+04 1.5083697e-13 
8.7808000e+04 7.0443712e-14 
8.7936000e+04 3.9645696e-14 
8.8064000e+04 1.0414883e-13 
8.8192000e+04 3.1653415e-13 
8.8320000e+04 6.9827667e-13 
8.8448000e+04 1.1414227e-12 
8.8576000e+04 1.6396899e-12 
8.8704000e+04 1.9665068e-12 
8.8832000e+04 1.8494034e-12 
8.8960000e+04 1.7301998e-12 
8.9088000e+04 1.5674726e-12 
8.9216000e+04 1.6347179e-12 
8.9344000e+04 1.6639486e-12 
8.9472000e+04 1.6872282e-12 
8.9600000e+04 1.6378475e-12 
8.9728000e+04 1.7800844e-12 
8.9856000e+04 1.8119225e-12 
8.9984000e+04 1.8933845e-12 
9.0112000e+04 1.8155309e-12 
9.0240000e+04 1.3933007e-12 
9.0368000e+04 6.7442362e-13 
9.0496000e+04 1.5309478e-12 
9.0624000e+04 3.8288374e-12 
9.0752000e+04 5.6026568e-12 
9.0880000e+04 7.2410459e-12 
9.1008000e+04 5.6195370e-12 
9.1136000e+04 3.2597018e-12 
9.1264000e+04 2.3561290e-12 
9.1392000e+04 1.9860222e-12 
9.1520000e+04 2.5583106e-12 
9.1648000e+04 2.8911526e-12 
9.1776000e+04 3.2144437e-12 
9.1904000e+04 4.2718706e-12 
9.2032000e+04 3.6717873e-12 
9.2160000e+04 2.3215089e-12 
9.2288000e+04 2.3318600e-12 
9.2416000e+04 1.3140454e-12 
9.2544000e+04 3.2880269e-13 
9.2672000e+04 8.3602689e-13 
9.2800000e+04 1.1672694e-12 
9.2928000e+04 1.1626213e-12 
9.3056000e+04 1.5546350e-12 
9.3184000e+04 2.1367461e-12 
9.3312000e+04 1.8612471e-12 
9.3440000e+04 1.3820353e-12 
9.3568000e+04 1.8242148e-12 
9.3696000e+04 2.2451576e-12 
9.3824000e+04 1.7663897e-12 
9.3952000e+04 1.3613365e-12 
9.4080000e+04 2.1752786e-12 
9.4208000e+04 3.3119692e-12 
9.4336000e+04 3.0317957e-12 
9.4464000e+04 1.8219890e-12 
9.4592000e+04 1.9256712e-12 
9.4720000e+04 3.8654340e-12 
9.4848000e+04 5.4345872e-12 
9.4976000e+04 4.3855787e-12 
9.5104000e+04 3.7649476e-12 
9.5232000e+04 8.6834455e-12 
9.5360000e+04 1.5374802e-11 
9.5488000e+04 1.5066847e-11 
9.5616000e+04 9.0296980e-12 
9.5744000e+04 6.1014735e-12 
9.5872000e+04 1.0284252e-11 
9.6000000e+04 1.5468267e-11 
9.6128000e+04 1.6908853e-11 
9.6256000e+04 1.3454458e-11 
9.6384000e+04 7.7314648e-12 
9.6512000e+04 3.7796346e-12 
9.6640000e+04 3.5957617e-12 
9.6768000e+04 6.1248714e-12 
9.6896000e+04 9.4548076e-12 
9.7024000e+04 1.1739941e-11 
9.7152000e+04 1.0430263e-11 
9.7280000e+04 5.6894927e-12 
9.7408000e+04 1.8490461e-12 
9.7536000e+04 8.9438152e-13 
9.7664000e+04 1.5530723e-12 
9.7792000e+04 2.8267803e-12 
9.7920000e+04 4.0413580e-12 
9.8048000e+04 4.9241071e-12 
9.8176000e+04 5.5681063e-12 
9.8304000e+04 9.5089431e-12 
9.8432000e+04 1.2081342e-11 
9.8560000e+04 8.6215054e-12 
9.8688000e+04 4.0223935e-12 
9.8816000e+04 1.2248564e-12 
9.8944000e+04 3.1648688e-13 
9.9072000e+04 5.3082197e-13 
9.9200000e+04 1.9551223e-13 
9.9328000e+04 7.3581695e-13 
9.9456000e+04 1.3031346e-12 
9.9584000e+04 1.7294249e-12 
9.9712000e+04 2.0389844e-12 
9.9840000e+04 2.0838238e-12 
9.9968000e+04 2.0324133e-12 
1.0009600e+05 1.9390459e-12 
1.0022400e+05 1.8968178e-12 
1.0035200e+05 1.9175484e-12 
1.0048000e+05 1.9203168e-12 
1.0060800e+05 1.9527409e-12 
1.0073600e+05 1.8330329e-12 
1.0086400e+05 1.5443525e-12 
1.0099200e+05 1.3234802e-12 
1.0112000e+05 1.0972079e-12 
1.0124800e+05 7.4641129e-13 
1.0137600e+05 4.8624733e-13 
1.0150400e+05 3.5671428e-13 
1.0163200e+05 2.5422438e-13 
1.0176000e+05 1.7431965e-13 
1.0188800e+05 2.2523969e-13 
1.0201600e+05 2.9209987e-13 
1.0214400e+05 2.4450702e-13 
1.0227200e+05 2.3033200e-13 
1.0240000e+05 2.6623568e-13 
