0.0000000e+00 2.1691275e+00 
5.0024426e+01 2.1937554e+00 
1.0004885e+02 2.2280815e+00 
1.5007328e+02 2.2779176e+00 
2.0009770e+02 2.3388624e+00 
2.5012213e+02 2.4078968e+00 
3.0014656e+02 2.4892027e+00 
3.5017098e+02 2.5802658e+00 
4.0019541e+02 2.6798687e+00 
4.5021983e+02 2.7841141e+00 
5.0024426e+02 2.9015265e+00 
5.5026869e+02 3.0194705e+00 
6.0029311e+02 3.1435370e+00 
6.5031754e+02 3.2751348e+00 
7.0034196e+02 3.4074581e+00 
7.5036639e+02 3.5440297e+00 
8.0039082e+02 3.6795883e+00 
8.5041524e+02 3.8132656e+00 
9.0043967e+02 3.9466791e+00 
9.5046409e+02 4.0777006e+00 
1.0004885e+03 4.2048988e+00 
1.0505129e+03 4.3281221e+00 
1.1005374e+03 4.4474564e+00 
1.1505618e+03 4.5577712e+00 
1.2005862e+03 4.6608047e+00 
1.2506106e+03 4.7588739e+00 
1.3006351e+03 4.8466334e+00 
1.3506595e+03 4.9226713e+00 
1.4006839e+03 4.9899278e+00 
1.4507084e+03 5.0465336e+00 
1.5007328e+03 5.0877490e+00 
1.5507572e+03 5.1217542e+00 
1.6007816e+03 5.1432991e+00 
1.6508061e+03 5.1495218e+00 
1.7008305e+03 5.1461716e+00 
1.7508549e+03 5.1308517e+00 
1.8008793e+03 5.1006818e+00 
1.8509038e+03 5.0618730e+00 
1.9009282e+03 5.0115228e+00 
1.9509526e+03 4.9476647e+00 
2.0009770e+03 4.8731184e+00 
2.0510015e+03 4.7936134e+00 
2.1010259e+03 4.6989894e+00 
2.1510503e+03 4.5964785e+00 
2.2010747e+03 4.4866400e+00 
2.2510992e+03 4.3691530e+00 
2.3011236e+03 4.2476659e+00 
2.3511480e+03 4.1225300e+00 
2.4011724e+03 3.9926901e+00 
2.4511969e+03 3.8575311e+00 
2.5012213e+03 3.7231421e+00 
2.5512457e+03 3.5857449e+00 
2.6012702e+03 3.4493642e+00 
2.6512946e+03 3.3167136e+00 
2.7013190e+03 3.1856253e+00 
2.7513434e+03 3.0594738e+00 
2.8013679e+03 2.9383228e+00 
2.8513923e+03 2.8212743e+00 
2.9014167e+03 2.7125356e+00 
2.9514411e+03 2.6132882e+00 
3.0014656e+03 2.5189514e+00 
3.0514900e+03 2.4334302e+00 
3.1015144e+03 2.3615723e+00 
3.1515388e+03 2.2977557e+00 
3.2015633e+03 2.2435620e+00 
3.2515877e+03 2.2024541e+00 
3.3016121e+03 2.1744366e+00 
3.3516365e+03 2.1570668e+00 
3.4016610e+03 2.1527274e+00 
3.4516854e+03 2.1609254e+00 
3.5017098e+03 2.1807132e+00 
3.5517342e+03 2.2140565e+00 
3.6017587e+03 2.2595296e+00 
3.6517831e+03 2.3127518e+00 
3.7018075e+03 2.3828156e+00 
3.7518319e+03 2.4603741e+00 
3.8018564e+03 2.5457904e+00 
3.8518808e+03 2.6420090e+00 
3.9019052e+03 2.7467709e+00 
3.9519297e+03 2.8586931e+00 
4.0019541e+03 2.9766769e+00 
4.0519785e+03 3.1014791e+00 
4.1020029e+03 3.2291758e+00 
4.1520274e+03 3.3645289e+00 
4.2020518e+03 3.5008199e+00 
4.2520762e+03 3.6326826e+00 
4.3021006e+03 3.7681651e+00 
4.3521251e+03 3.9044020e+00 
4.4021495e+03 4.0363469e+00 
4.4521739e+03 4.1665373e+00 
4.5021983e+03 4.2905135e+00 
4.5522228e+03 4.4063582e+00 
4.6022472e+03 4.5234137e+00 
4.6522716e+03 4.6322742e+00 
4.7022960e+03 4.7303886e+00 
4.7523205e+03 4.8210959e+00 
4.8023449e+03 4.9010301e+00 
4.8523693e+03 4.9692822e+00 
4.9023937e+03 5.0268726e+00 
4.9524182e+03 5.0776873e+00 
5.0024426e+03 5.1116972e+00 
5.0524670e+03 5.1361179e+00 
5.1024915e+03 5.1495218e+00 
5.1525159e+03 5.1456919e+00 
5.2025403e+03 5.1337242e+00 
5.2525647e+03 5.1093035e+00 
5.3025892e+03 5.0724158e+00 
5.3526136e+03 5.0254345e+00 
5.4026380e+03 4.9668798e+00 
5.4526624e+03 4.8952565e+00 
5.5026869e+03 4.8129005e+00 
5.5527113e+03 4.7236276e+00 
5.6027357e+03 4.6221175e+00 
5.6527601e+03 4.5127683e+00 
5.7027846e+03 4.4000745e+00 
5.7528090e+03 4.2784705e+00 
5.8028334e+03 4.1521740e+00 
5.8528578e+03 4.0263867e+00 
5.9028823e+03 3.8893962e+00 
5.9529067e+03 3.7542694e+00 
6.0029311e+03 3.6197553e+00 
6.0529555e+03 3.4825561e+00 
6.1029800e+03 3.3461823e+00 
6.1530044e+03 3.2161109e+00 
6.2030288e+03 3.0889194e+00 
6.2530532e+03 2.9656384e+00 
6.3030777e+03 2.8482544e+00 
6.3531021e+03 2.7342155e+00 
6.4031265e+03 2.6333911e+00 
6.4531510e+03 2.5381248e+00 
6.5031754e+03 2.4507554e+00 
6.5531998e+03 2.3760583e+00 
6.6032242e+03 2.3122680e+00 
6.6532487e+03 2.2561424e+00 
6.7032731e+03 2.2130895e+00 
6.7532975e+03 2.1821620e+00 
6.8033219e+03 2.1599605e+00 
6.8533464e+03 2.1541739e+00 
6.9033708e+03 2.1585138e+00 
6.9533952e+03 2.1749194e+00 
7.0034196e+03 2.2053545e+00 
7.0534441e+03 2.2450135e+00 
7.1034685e+03 2.2967880e+00 
7.1534929e+03 2.3615723e+00 
7.2035173e+03 2.4387255e+00 
7.2535418e+03 2.5218287e+00 
7.3035662e+03 2.6123312e+00 
7.3535906e+03 2.7168670e+00 
7.4036150e+03 2.8261914e+00 
7.4536395e+03 2.9440684e+00 
7.5036639e+03 3.0671940e+00 
7.5536883e+03 3.1914320e+00 
7.6037128e+03 3.3249283e+00 
7.6537372e+03 3.4589891e+00 
7.7037616e+03 3.5948489e+00 
7.7537860e+03 3.7312813e+00 
7.8038105e+03 3.8666935e+00 
7.8538349e+03 4.0041251e+00 
7.9038593e+03 4.1325645e+00 
7.9538837e+03 4.2592125e+00 
8.0039082e+03 4.3797803e+00 
8.0539326e+03 4.4972849e+00 
8.1039570e+03 4.6051865e+00 
8.1539814e+03 4.7062368e+00 
8.2040059e+03 4.7979536e+00 
8.2540303e+03 4.8798575e+00 
8.3040547e+03 4.9534311e+00 
8.3540791e+03 5.0153608e+00 
8.4041036e+03 5.0637903e+00 
8.4541280e+03 5.1030769e+00 
8.5041524e+03 5.1327667e+00 
8.5541768e+03 5.1476073e+00 
8.6042013e+03 5.1490436e+00 
8.6542257e+03 5.1409054e+00 
8.7042501e+03 5.1169648e+00 
8.7542745e+03 5.0805621e+00 
8.8042990e+03 5.0355053e+00 
8.8543234e+03 4.9779253e+00 
8.9043478e+03 4.9092064e+00 
8.9543723e+03 4.8312159e+00 
9.0043967e+03 4.7410121e+00 
9.0544211e+03 4.6433978e+00 
9.1044455e+03 4.5384145e+00 
9.1544700e+03 4.4237609e+00 
9.2044944e+03 4.3054547e+00 
9.2545188e+03 4.1799550e+00 
9.3045432e+03 4.0501161e+00 
9.3545677e+03 3.9184661e+00 
9.4045921e+03 3.7854259e+00 
9.4546165e+03 3.6475227e+00 
9.5046409e+03 3.5142696e+00 
9.5546654e+03 3.3804529e+00 
9.6046898e+03 3.2456264e+00 
9.6547142e+03 3.1193609e+00 
9.7047386e+03 2.9954145e+00 
9.7547631e+03 2.8758023e+00 
9.8047875e+03 2.7612896e+00 
9.8548119e+03 2.6549408e+00 
9.9048363e+03 2.5582435e+00 
9.9548608e+03 2.4709494e+00 
1.0004885e+04 2.3924654e+00 
1.0054910e+04 2.3224242e+00 
1.0104934e+04 2.2653363e+00 
1.0154958e+04 2.2188921e+00 
1.0204983e+04 2.1836107e+00 
1.0255007e+04 2.1643021e+00 
1.0305032e+04 2.1536918e+00 
1.0355056e+04 2.1561024e+00 
1.0405081e+04 2.1734712e+00 
1.0455105e+04 2.1981041e+00 
1.0505129e+04 2.2387240e+00 
1.0555154e+04 2.2919497e+00 
1.0605178e+04 2.3543262e+00 
1.0655203e+04 2.4286149e+00 
1.0705227e+04 2.5117579e+00 
1.0755252e+04 2.6041956e+00 
1.0805276e+04 2.7072444e+00 
1.0855300e+04 2.8193097e+00 
1.0905325e+04 2.9335370e+00 
1.0955349e+04 3.0556147e+00 
1.1005374e+04 3.1841741e+00 
1.1055398e+04 3.3138134e+00 
1.1105423e+04 3.4488826e+00 
1.1155447e+04 3.5852654e+00 
1.1205471e+04 3.7197917e+00 
1.1255496e+04 3.8580129e+00 
1.1305520e+04 3.9912152e+00 
1.1355545e+04 4.1196647e+00 
1.1405569e+04 4.2471848e+00 
1.1455594e+04 4.3681874e+00 
1.1505618e+04 4.4847050e+00 
1.1555642e+04 4.5926085e+00 
1.1605667e+04 4.6960893e+00 
1.1655691e+04 4.7892723e+00 
1.1705716e+04 4.8731184e+00 
1.1755740e+04 4.9471846e+00 
1.1805765e+04 5.0086436e+00 
1.1855789e+04 5.0613937e+00 
1.1905813e+04 5.1006818e+00 
1.1955838e+04 5.1284575e+00 
1.2005862e+04 5.1456919e+00 
1.2055887e+04 5.1485648e+00 
1.2105911e+04 5.1413836e+00 
1.2155936e+04 5.1203175e+00 
1.2205960e+04 5.0867906e+00 
1.2255984e+04 5.0426979e+00 
1.2306009e+04 4.9889669e+00 
1.2356033e+04 4.9202676e+00 
1.2406058e+04 4.8447070e+00 
1.2456082e+04 4.7574267e+00 
1.2506106e+04 4.6588707e+00 
1.2556131e+04 4.5553508e+00 
1.2606155e+04 4.4421368e+00 
1.2656180e+04 4.3208857e+00 
1.2706204e+04 4.1957808e+00 
1.2756229e+04 4.0662794e+00 
1.2806253e+04 3.9345036e+00 
1.2856277e+04 3.8007801e+00 
1.2906302e+04 3.6633170e+00 
1.2956326e+04 3.5281930e+00 
1.3006351e+04 3.3958874e+00 
1.3056375e+04 3.2596562e+00 
1.3106400e+04 3.1328981e+00 
1.3156424e+04 3.0088816e+00 
1.3206448e+04 2.8886559e+00 
1.3256473e+04 2.7743886e+00 
1.3306497e+04 2.6697974e+00 
1.3356522e+04 2.5711708e+00 
1.3406546e+04 2.4839206e+00 
1.3456571e+04 2.4035578e+00 
1.3506595e+04 2.3316112e+00 
1.3556619e+04 2.2730787e+00 
1.3606644e+04 2.2271142e+00 
1.3656668e+04 2.1884410e+00 
1.3706693e+04 2.1662321e+00 
1.3756717e+04 2.1536918e+00 
1.3806742e+04 2.1532097e+00 
1.3856766e+04 2.1696100e+00 
1.3906790e+04 2.1937554e+00 
1.3956815e+04 2.2314675e+00 
1.4006839e+04 2.2808208e+00 
1.4056864e+04 2.3398292e+00 
1.4106888e+04 2.4103069e+00 
1.4156913e+04 2.4920833e+00 
1.4206937e+04 2.5821805e+00 
1.4256961e+04 2.6817877e+00 
1.4306986e+04 2.7899590e+00 
1.4357010e+04 2.9034352e+00 
1.4407035e+04 3.0247674e+00 
1.4457059e+04 3.1503084e+00 
1.4507084e+04 3.2794874e+00 
1.4557108e+04 3.4142056e+00 
1.4607132e+04 3.5488269e+00 
1.4657157e+04 3.6819813e+00 
1.4707181e+04 3.8204725e+00 
1.4757206e+04 3.9535079e+00 
1.4807230e+04 4.0829396e+00 
1.4857255e+04 4.2121005e+00 
1.4907279e+04 4.3348765e+00 
1.4957303e+04 4.4527774e+00 
1.5007328e+04 4.5669641e+00 
1.5057352e+04 4.6704736e+00 
1.5107377e+04 4.7651477e+00 
1.5157401e+04 4.8524132e+00 
1.5207426e+04 4.9274788e+00 
1.5257450e+04 4.9942470e+00 
1.5307474e+04 5.0508480e+00 
1.5357499e+04 5.0925388e+00 
1.5407523e+04 5.1222329e+00 
1.5457548e+04 5.1423411e+00 
1.5507572e+04 5.1485648e+00 
1.5557596e+04 5.1437769e+00 
1.5607621e+04 5.1251059e+00 
1.5657645e+04 5.0944552e+00 
1.5707670e+04 5.0537243e+00 
1.5757694e+04 4.9990473e+00 
1.5807719e+04 4.9332471e+00 
1.5857743e+04 4.8596377e+00 
1.5907767e+04 4.7714219e+00 
1.5957792e+04 4.6753073e+00 
1.6007816e+04 4.5727706e+00 
1.6057841e+04 4.4595490e+00 
1.6107865e+04 4.3406677e+00 
1.6157890e+04 4.2197852e+00 
1.6207914e+04 4.0900855e+00 
1.6257938e+04 3.9598565e+00 
1.6307963e+04 3.8247986e+00 
1.6357987e+04 3.6872456e+00 
1.6408012e+04 3.5521848e+00 
1.6458036e+04 3.4161329e+00 
1.6508061e+04 3.2823889e+00 
1.6558085e+04 3.1536944e+00 
1.6608109e+04 3.0242858e+00 
1.6658134e+04 2.9015265e+00 
1.6708158e+04 2.7875228e+00 
1.6758183e+04 2.6779497e+00 
1.6808207e+04 2.5788298e+00 
1.6858232e+04 2.4906433e+00 
1.6908256e+04 2.4074147e+00 
1.6958280e+04 2.3369288e+00 
1.7008305e+04 2.2759821e+00 
1.7058329e+04 2.2261467e+00 
1.7108354e+04 2.1918228e+00 
1.7158378e+04 2.1681623e+00 
1.7208403e+04 2.1541739e+00 
1.7258427e+04 2.1556203e+00 
1.7308451e+04 2.1686447e+00 
1.7358476e+04 2.1898901e+00 
1.7408500e+04 2.2285652e+00 
1.7458525e+04 2.2764659e+00 
1.7508549e+04 2.3364453e+00 
1.7558574e+04 2.4093430e+00 
1.7608598e+04 2.4892027e+00 
1.7658622e+04 2.5793083e+00 
1.7708647e+04 2.6803486e+00 
1.7758671e+04 2.7865484e+00 
1.7808696e+04 2.9000959e+00 
1.7858720e+04 3.0223594e+00 
1.7908745e+04 3.1474061e+00 
1.7958769e+04 3.2765856e+00 
1.8008793e+04 3.4103498e+00 
1.8058818e+04 3.5440297e+00 
1.8108842e+04 3.6838956e+00 
1.8158867e+04 3.8175893e+00 
1.8208891e+04 3.9525318e+00 
1.8258915e+04 4.0838923e+00 
1.8308940e+04 4.2092199e+00 
1.8358964e+04 4.3329463e+00 
1.8408989e+04 4.4527774e+00 
1.8459013e+04 4.5650287e+00 
1.8509038e+04 4.6690235e+00 
1.8559062e+04 4.7651477e+00 
1.8609086e+04 4.8509693e+00 
1.8659111e+04 4.9279594e+00 
1.8709135e+04 4.9937668e+00 
1.8759160e+04 5.0455751e+00 
1.8809184e+04 5.0896649e+00 
1.8859209e+04 5.1222329e+00 
1.8909233e+04 5.1389899e+00 
1.8959257e+04 5.1500010e+00 
1.9009282e+04 5.1447349e+00 
1.9059306e+04 5.1265416e+00 
1.9109331e+04 5.0997243e+00 
1.9159355e+04 5.0580382e+00 
1.9209380e+04 5.0067244e+00 
1.9259404e+04 4.9447818e+00 
1.9309428e+04 4.8697486e+00 
1.9359453e+04 4.7854128e+00 
1.9409477e+04 4.6907740e+00 
1.9459502e+04 4.5863185e+00 
1.9509526e+04 4.4759965e+00 
1.9559551e+04 4.3575635e+00 
1.9609575e+04 4.2317986e+00 
1.9659599e+04 4.1072526e+00 
1.9709624e+04 3.9725733e+00 
1.9759648e+04 3.8377850e+00 
1.9809673e+04 3.7049530e+00 
1.9859697e+04 3.5694478e+00 
1.9909722e+04 3.4325128e+00 
1.9959746e+04 3.2988288e+00 
2.0009770e+04 3.1653042e+00 
2.0059795e+04 3.0397031e+00 
2.0109819e+04 2.9196699e+00 
2.0159844e+04 2.8021619e+00 
2.0209868e+04 2.6933084e+00 
2.0259893e+04 2.5941453e+00 
2.0309917e+04 2.5031226e+00 
2.0359941e+04 2.4218719e+00 
2.0409966e+04 2.3494947e+00 
2.0459990e+04 2.2866275e+00 
2.0510015e+04 2.2363050e+00 
2.0560039e+04 2.1966546e+00 
2.0610064e+04 2.1710579e+00 
2.0660088e+04 2.1570668e+00 
2.0710112e+04 2.1536918e+00 
2.0760137e+04 2.1623724e+00 
2.0810161e+04 2.1840937e+00 
2.0860186e+04 2.2169578e+00 
2.0910210e+04 2.2653363e+00 
2.0960234e+04 2.3233914e+00 
2.1010259e+04 2.3910182e+00 
2.1060283e+04 2.4719105e+00 
2.1110308e+04 2.5572855e+00 
2.1160332e+04 2.6549408e+00 
2.1210357e+04 2.7641976e+00 
2.1260381e+04 2.8753264e+00 
2.1310405e+04 2.9934919e+00 
2.1360430e+04 3.1188774e+00 
2.1410454e+04 3.2490132e+00 
2.1460479e+04 3.3847945e+00 
2.1510503e+04 3.5166709e+00 
2.1560528e+04 3.6513515e+00 
2.1610552e+04 3.7878237e+00 
2.1660576e+04 3.9208939e+00 
2.1710601e+04 4.0510664e+00 
2.1760625e+04 4.1833105e+00 
2.1810650e+04 4.3054547e+00 
2.1860674e+04 4.4232779e+00 
2.1910699e+04 4.5393825e+00 
2.1960723e+04 4.6448488e+00 
2.2010747e+04 4.7439094e+00 
2.2060772e+04 4.8302526e+00 
2.2110796e+04 4.9072828e+00 
2.2160821e+04 4.9793653e+00 
2.2210845e+04 5.0350256e+00 
2.2260870e+04 5.0796041e+00 
2.2310894e+04 5.1155291e+00 
2.2360918e+04 5.1385112e+00 
2.2410943e+04 5.1480861e+00 
2.2460967e+04 5.1456919e+00 
2.2510992e+04 5.1289368e+00 
2.2561016e+04 5.1040349e+00 
2.2611041e+04 5.0661864e+00 
2.2661065e+04 5.0124822e+00 
2.2711089e+04 4.9510283e+00 
2.2761114e+04 4.8779321e+00 
2.2811138e+04 4.7955427e+00 
2.2861163e+04 4.7052703e+00 
2.2911187e+04 4.6018000e+00 
2.2961212e+04 4.4924459e+00 
2.3011236e+04 4.3778481e+00 
2.3061260e+04 4.2548823e+00 
2.3111285e+04 4.1306524e+00 
2.3161309e+04 4.0017595e+00 
2.3211334e+04 3.8662112e+00 
2.3261358e+04 3.7317600e+00 
2.3311383e+04 3.5962858e+00 
2.3361407e+04 3.4604321e+00 
2.3411431e+04 3.3273439e+00 
2.3461456e+04 3.1933677e+00 
2.3511480e+04 3.0652637e+00 
2.3561505e+04 2.9435894e+00 
2.3611529e+04 2.8252075e+00 
2.3661553e+04 2.7154231e+00 
2.3711578e+04 2.6137669e+00 
2.3761602e+04 2.5165539e+00 
2.3811627e+04 2.4339116e+00 
2.3861651e+04 2.3581910e+00 
2.3911676e+04 2.2958202e+00 
2.3961700e+04 2.2445297e+00 
2.4011724e+04 2.2005208e+00 
2.4061749e+04 2.1729884e+00 
2.4111773e+04 2.1585138e+00 
2.4161798e+04 2.1517632e+00 
2.4211822e+04 2.1623724e+00 
2.4261847e+04 2.1782990e+00 
2.4311871e+04 2.2135730e+00 
2.4361895e+04 2.2580779e+00 
2.4411920e+04 2.3117843e+00 
2.4461944e+04 2.3799198e+00 
2.4511969e+04 2.4579699e+00 
2.4561993e+04 2.5419579e+00 
2.4612018e+04 2.6396151e+00 
2.4662042e+04 2.7448380e+00 
2.4712066e+04 2.8563194e+00 
2.4762091e+04 2.9752367e+00 
2.4812115e+04 3.0976140e+00 
2.4862140e+04 3.2253051e+00 
2.4912164e+04 3.3582532e+00 
2.4962189e+04 3.4916897e+00 
2.5012213e+04 3.6269376e+00 
2.5062237e+04 3.7638519e+00 
2.5112262e+04 3.8985901e+00 
2.5162286e+04 4.0358725e+00 
2.5212311e+04 4.1655793e+00 
2.5262335e+04 4.2905135e+00 
2.5312360e+04 4.4107084e+00 
2.5362384e+04 4.5243816e+00 
2.5412408e+04 4.6308236e+00 
2.5462433e+04 4.7289400e+00 
2.5512457e+04 4.8206134e+00 
2.5562482e+04 4.9010301e+00 
2.5612506e+04 4.9707227e+00 
2.5662531e+04 5.0287914e+00 
2.5712555e+04 5.0786457e+00 
2.5762579e+04 5.1107402e+00 
2.5812604e+04 5.1351604e+00 
2.5862628e+04 5.1471286e+00 
2.5912653e+04 5.1452141e+00 
2.5962677e+04 5.1361179e+00 
2.6012702e+04 5.1097822e+00 
2.6062726e+04 5.0704999e+00 
2.6112750e+04 5.0235152e+00 
2.6162775e+04 4.9635186e+00 
2.6212799e+04 4.8928509e+00 
2.6262824e+04 4.8119369e+00 
2.6312848e+04 4.7183137e+00 
2.6362872e+04 4.6192150e+00 
2.6412897e+04 4.5098648e+00 
2.6462921e+04 4.3942752e+00 
2.6512946e+04 4.2746177e+00 
2.6562970e+04 4.1459532e+00 
2.6612995e+04 4.0150132e+00 
2.6663019e+04 3.8811781e+00 
2.6713043e+04 3.7437313e+00 
2.6763068e+04 3.6106563e+00 
2.6813092e+04 3.4772673e+00 
2.6863117e+04 3.3413527e+00 
2.6913141e+04 3.2093365e+00 
2.6963166e+04 3.0797443e+00 
2.7013190e+04 2.9565263e+00 
2.7063214e+04 2.8406713e+00 
2.7113239e+04 2.7265005e+00 
2.7163263e+04 2.6228604e+00 
2.7213288e+04 2.5285401e+00 
2.7263312e+04 2.4425759e+00 
2.7313337e+04 2.3692992e+00 
2.7363361e+04 2.3011420e+00 
2.7413385e+04 2.2479165e+00 
2.7463410e+04 2.2058377e+00 
2.7513434e+04 2.1749194e+00 
2.7563459e+04 2.1585138e+00 
2.7613483e+04 2.1536918e+00 
2.7663508e+04 2.1585138e+00 
2.7713532e+04 2.1807132e+00 
2.7763556e+04 2.2121224e+00 
2.7813581e+04 2.2551746e+00 
2.7863605e+04 2.3132353e+00 
2.7913630e+04 2.3760583e+00 
2.7963654e+04 2.4546034e+00 
2.8013679e+04 2.5395622e+00 
2.8063703e+04 2.6333911e+00 
2.8113727e+04 2.7380764e+00 
2.8163752e+04 2.8506255e+00 
2.8213776e+04 2.9680371e+00 
2.8263801e+04 3.0932665e+00 
2.8313825e+04 3.2199817e+00 
2.8363850e+04 3.3534255e+00 
2.8413874e+04 3.4883251e+00 
2.8463898e+04 3.6221492e+00 
2.8513923e+04 3.7590606e+00 
2.8563947e+04 3.8922980e+00 
2.8613972e+04 4.0278091e+00 
2.8663996e+04 4.1574388e+00 
2.8714021e+04 4.2794333e+00 
2.8764045e+04 4.4024916e+00 
2.8814069e+04 4.5166397e+00 
2.8864094e+04 4.6235681e+00 
2.8914118e+04 4.7250757e+00 
2.8964143e+04 4.8104901e+00 
2.9014167e+04 4.8947759e+00 
2.9064191e+04 4.9664001e+00 
2.9114216e+04 5.0244751e+00 
2.9164240e+04 5.0738535e+00 
2.9214265e+04 5.1107402e+00 
2.9264289e+04 5.1351604e+00 
2.9314314e+04 5.1490436e+00 
2.9364338e+04 5.1466498e+00 
2.9414362e+04 5.1351604e+00 
2.9464387e+04 5.1116972e+00 
2.9514411e+04 5.0743327e+00 
2.9564436e+04 5.0273528e+00 
2.9614460e+04 4.9644790e+00 
2.9664485e+04 4.8962188e+00 
2.9714509e+04 4.8172398e+00 
2.9764533e+04 4.7236276e+00 
2.9814558e+04 4.6274381e+00 
2.9864582e+04 4.5200267e+00 
2.9914607e+04 4.4020081e+00 
2.9964631e+04 4.2828050e+00 
3.0014656e+04 4.1574388e+00 
3.0064680e+04 4.0297060e+00 
3.0114704e+04 3.8952014e+00 
3.0164729e+04 3.7581017e+00 
3.0214753e+04 3.6255009e+00 
3.0264778e+04 3.4878445e+00 
3.0314802e+04 3.3543909e+00 
3.0364827e+04 3.2228854e+00 
3.0414851e+04 3.0903680e+00 
3.0464875e+04 2.9670775e+00 
3.0514900e+04 2.8501513e+00 
3.0564924e+04 2.7356629e+00 
3.0614949e+04 2.6319549e+00 
3.0664973e+04 2.5352497e+00 
3.0714998e+04 2.4512365e+00 
3.0765022e+04 2.3741271e+00 
3.0815046e+04 2.3054960e+00 
3.0865071e+04 2.2532389e+00 
3.0915095e+04 2.2111557e+00 
3.0965120e+04 2.1782990e+00 
3.1015144e+04 2.1614077e+00 
3.1065169e+04 2.1541739e+00 
3.1115193e+04 2.1589959e+00 
3.1165217e+04 2.1763675e+00 
3.1215242e+04 2.2043874e+00 
3.1265266e+04 2.2498519e+00 
3.1315291e+04 2.3021097e+00 
3.1365315e+04 2.3664019e+00 
3.1415340e+04 2.4454632e+00 
3.1465364e+04 2.5290194e+00 
3.1515388e+04 2.6228604e+00 
3.1565413e+04 2.7250547e+00 
3.1615437e+04 2.8368821e+00 
3.1665462e+04 2.9550884e+00 
3.1715486e+04 3.0763648e+00 
3.1765511e+04 3.2078846e+00 
3.1815535e+04 3.3408699e+00 
3.1865559e+04 3.4758248e+00 
3.1915584e+04 3.6144872e+00 
3.1965608e+04 3.7480419e+00 
3.2015633e+04 3.8845608e+00 
3.2065657e+04 4.0235419e+00 
3.2115681e+04 4.1493025e+00 
3.2165706e+04 4.2770257e+00 
3.2215730e+04 4.3986249e+00 
3.2265755e+04 4.5122843e+00 
3.2315779e+04 4.6230850e+00 
3.2365804e+04 4.7207294e+00 
3.2415828e+04 4.8133831e+00 
3.2465852e+04 4.8942938e+00 
3.2515877e+04 4.9611163e+00 
3.2565901e+04 5.0235152e+00 
3.2615926e+04 5.0714583e+00 
3.2665950e+04 5.1083450e+00 
3.2715975e+04 5.1332450e+00 
3.2765999e+04 5.1447349e+00 
3.2816023e+04 5.1476073e+00 
3.2866048e+04 5.1351604e+00 
3.2916072e+04 5.1102605e+00 
3.2966097e+04 5.0762496e+00 
3.3016121e+04 5.0259137e+00 
3.3066146e+04 4.9673605e+00 
3.3116170e+04 4.8976617e+00 
3.3166194e+04 4.8138652e+00 
3.3216219e+04 4.7245936e+00 
3.3266243e+04 4.6235681e+00 
3.3316268e+04 4.5161552e+00 
3.3366292e+04 4.4020081e+00 
3.3416317e+04 4.2784705e+00 
3.3466341e+04 4.1531315e+00 
3.3516365e+04 4.0230684e+00 
3.3566390e+04 3.8903637e+00 
3.3616414e+04 3.7581017e+00 
3.3666439e+04 3.6202343e+00 
3.3716463e+04 3.4854405e+00 
3.3766488e+04 3.3524597e+00 
3.3816512e+04 3.2170784e+00 
3.3866536e+04 3.0894022e+00 
3.3916561e+04 2.9665978e+00 
3.3966585e+04 2.8496771e+00 
3.4016610e+04 2.7385590e+00 
3.4066634e+04 2.6305189e+00 
3.4116659e+04 2.5376458e+00 
3.4166683e+04 2.4526796e+00 
3.4216707e+04 2.3721962e+00 
3.4266732e+04 2.3093657e+00 
3.4316756e+04 2.2517874e+00 
3.4366781e+04 2.2077713e+00 
3.4416805e+04 2.1778162e+00 
3.4466830e+04 2.1575491e+00 
3.4516854e+04 2.1512811e+00 
3.4566878e+04 2.1589959e+00 
3.4616903e+04 2.1758850e+00 
3.4666927e+04 2.2101884e+00 
3.4716952e+04 2.2498519e+00 
3.4766976e+04 2.3040447e+00 
3.4817000e+04 2.3683333e+00 
3.4867025e+04 2.4430573e+00 
3.4917049e+04 2.5294986e+00 
3.4967074e+04 2.6223819e+00 
3.5017098e+04 2.7240911e+00 
3.5067123e+04 2.8368821e+00 
3.5117147e+04 2.9498165e+00 
3.5167171e+04 3.0739510e+00 
3.5217196e+04 3.2030458e+00 
3.5267220e+04 3.3331413e+00 
3.5317245e+04 3.4714966e+00 
3.5367269e+04 3.6058664e+00 
3.5417294e+04 3.7408581e+00 
3.5467318e+04 3.8763475e+00 
3.5517342e+04 4.0098047e+00 
3.5567367e+04 4.1397352e+00 
3.5617391e+04 4.2654696e+00 
3.5667416e+04 4.3870273e+00 
3.5717440e+04 4.5050268e+00 
3.5767465e+04 4.6124430e+00 
3.5817489e+04 4.7139659e+00 
3.5867513e+04 4.8056684e+00 
3.5917538e+04 4.8851519e+00 
3.5967562e+04 4.9596758e+00 
3.6017587e+04 5.0196776e+00 
3.6067611e+04 5.0681038e+00 
3.6117636e+04 5.1088243e+00 
3.6167660e+04 5.1313305e+00 
3.6217684e+04 5.1452141e+00 
3.6267709e+04 5.1485648e+00 
3.6317733e+04 5.1365962e+00 
3.6367758e+04 5.1160078e+00 
3.6417782e+04 5.0805621e+00 
3.6467807e+04 5.0316691e+00 
3.6517831e+04 4.9745646e+00 
3.6567855e+04 4.9039164e+00 
3.6617880e+04 4.8239875e+00 
3.6667904e+04 4.7366672e+00 
3.6717929e+04 4.6375947e+00 
3.6767953e+04 4.5311565e+00 
3.6817978e+04 4.4160256e+00 
3.6868002e+04 4.2967782e+00 
3.6918026e+04 4.1742029e+00 
3.6968051e+04 4.0439420e+00 
3.7018075e+04 3.9092491e+00 
3.7068100e+04 3.7748766e+00 
3.7118124e+04 3.6389065e+00 
3.7168149e+04 3.5061045e+00 
3.7218173e+04 3.3693550e+00 
3.7268197e+04 3.2359498e+00 
3.7318222e+04 3.1101770e+00 
3.7368246e+04 2.9819596e+00 
3.7418271e+04 2.8639171e+00 
3.7468295e+04 2.7516067e+00 
3.7518319e+04 2.6458402e+00 
3.7568344e+04 2.5515385e+00 
3.7618368e+04 2.4622974e+00 
3.7668393e+04 2.3804026e+00 
3.7718417e+04 2.3166211e+00 
3.7768442e+04 2.2585616e+00 
3.7818466e+04 2.2135730e+00 
3.7868490e+04 2.1831279e+00 
3.7918515e+04 2.1594784e+00 
3.7968539e+04 2.1532097e+00 
3.8018564e+04 2.1580312e+00 
3.8068588e+04 2.1739538e+00 
3.8118613e+04 2.2068045e+00 
3.8168637e+04 2.2445297e+00 
3.8218661e+04 2.2992070e+00 
3.8268686e+04 2.3664019e+00 
3.8318710e+04 2.4387255e+00 
3.8368735e+04 2.5247052e+00 
3.8418759e+04 2.6185529e+00 
3.8468784e+04 2.7187927e+00 
3.8518808e+04 2.8326218e+00 
3.8568832e+04 2.9479001e+00 
3.8618857e+04 3.0725031e+00 
3.8668881e+04 3.2011099e+00 
3.8718906e+04 3.3321753e+00 
3.8768930e+04 3.4662058e+00 
3.8818955e+04 3.6039503e+00 
3.8868979e+04 3.7379844e+00 
3.8919003e+04 3.8729677e+00 
3.8969028e+04 4.0098047e+00 
3.9019052e+04 4.1368666e+00 
3.9069077e+04 4.2645073e+00 
3.9119101e+04 4.3850946e+00 
3.9169126e+04 4.5026069e+00 
3.9219150e+04 4.6129265e+00 
3.9269174e+04 4.7105851e+00 
3.9319199e+04 4.8071151e+00 
3.9369223e+04 4.8865952e+00 
3.9419248e+04 4.9572735e+00 
3.9469272e+04 5.0196776e+00 
3.9519297e+04 5.0671444e+00 
3.9569321e+04 5.1064296e+00 
3.9619345e+04 5.1337242e+00 
3.9669370e+04 5.1452141e+00 
3.9719394e+04 5.1466498e+00 
3.9769419e+04 5.1361179e+00 
3.9819443e+04 5.1116972e+00 
3.9869468e+04 5.0776873e+00 
3.9919492e+04 5.0287914e+00 
3.9969516e+04 4.9707227e+00 
4.0019541e+04 4.9048777e+00 
4.0069565e+04 4.8215775e+00 
4.0119590e+04 4.7318382e+00 
4.0169614e+04 4.6342092e+00 
4.0219638e+04 4.5234137e+00 
4.0269663e+04 4.4097414e+00 
4.0319687e+04 4.2876229e+00 
4.0369712e+04 4.1598330e+00 
4.0419736e+04 4.0344491e+00 
4.0469761e+04 3.8995588e+00 
4.0519785e+04 3.7628937e+00 
4.0569809e+04 3.6250222e+00 
4.0619834e+04 3.4883251e+00 
4.0669858e+04 3.3568051e+00 
4.0719883e+04 3.2253051e+00 
4.0769907e+04 3.0932665e+00 
4.0819932e+04 2.9709167e+00 
4.0869956e+04 2.8506255e+00 
4.0919980e+04 2.7371109e+00 
4.0970005e+04 2.6343489e+00 
4.1020029e+04 2.5371666e+00 
4.1070054e+04 2.4512365e+00 
4.1120078e+04 2.3755755e+00 
4.1170103e+04 2.3079147e+00 
4.1220127e+04 2.2527552e+00 
4.1270151e+04 2.2101884e+00 
4.1320176e+04 2.1773331e+00 
4.1370200e+04 2.1604431e+00 
4.1420225e+04 2.1536918e+00 
4.1470249e+04 2.1565847e+00 
4.1520274e+04 2.1768506e+00 
4.1570298e+04 2.2048709e+00 
4.1620322e+04 2.2493682e+00 
4.1670347e+04 2.3059797e+00 
4.1720371e+04 2.3707478e+00 
4.1770396e+04 2.4464254e+00 
4.1820420e+04 2.5347707e+00 
4.1870445e+04 2.6286042e+00 
4.1920469e+04 2.7356629e+00 
4.1970493e+04 2.8492029e+00 
4.2020518e+04 2.9656384e+00 
4.2070542e+04 3.0923004e+00 
4.2120567e+04 3.2238529e+00 
4.2170591e+04 3.3568051e+00 
4.2220616e+04 3.4926505e+00 
4.2270640e+04 3.6255009e+00 
4.2320664e+04 3.7624145e+00 
4.2370689e+04 3.9000425e+00 
4.2420713e+04 4.0335002e+00 
4.2470738e+04 4.1651001e+00 
4.2520762e+04 4.2905135e+00 
4.2570787e+04 4.4116755e+00 
4.2620811e+04 4.5272851e+00 
4.2670835e+04 4.6342092e+00 
4.2720860e+04 4.7342520e+00 
4.2770884e+04 4.8263974e+00 
4.2820909e+04 4.9048777e+00 
4.2870933e+04 4.9755244e+00 
4.2920957e+04 5.0340667e+00 
4.2970982e+04 5.0800829e+00 
4.3021006e+04 5.1160078e+00 
4.3071031e+04 5.1389899e+00 
4.3121055e+04 5.1461716e+00 
4.3171080e+04 5.1461716e+00 
4.3221104e+04 5.1303730e+00 
4.3271128e+04 5.1030769e+00 
4.3321153e+04 5.0642691e+00 
4.3371177e+04 5.0120020e+00 
4.3421202e+04 4.9486256e+00 
4.3471226e+04 4.8769698e+00 
4.3521251e+04 4.7902369e+00 
4.3571275e+04 4.6980228e+00 
4.3621299e+04 4.5955114e+00 
4.3671324e+04 4.4832530e+00 
4.3721348e+04 4.3672214e+00 
4.3771373e+04 4.2423759e+00 
4.3821397e+04 4.1129799e+00 
4.3871422e+04 3.9838486e+00 
4.3921446e+04 3.8464496e+00 
4.3971470e+04 3.7102184e+00 
4.4021495e+04 3.5737629e+00 
4.4071519e+04 3.4387727e+00 
4.4121544e+04 3.3051136e+00 
4.4171568e+04 3.1740131e+00 
4.4221593e+04 3.0435596e+00 
4.4271617e+04 2.9215813e+00 
4.4321641e+04 2.8065641e+00 
4.4371666e+04 2.6933084e+00 
4.4421690e+04 2.5951025e+00 
4.4471715e+04 2.5026424e+00 
4.4521739e+04 2.4199448e+00 
4.4571764e+04 2.3490114e+00 
4.4621788e+04 2.2846920e+00 
4.4671812e+04 2.2353375e+00 
4.4721837e+04 2.1956880e+00 
4.4771861e+04 2.1667144e+00 
4.4821886e+04 2.1546559e+00 
4.4871910e+04 2.1536918e+00 
4.4921935e+04 2.1638198e+00 
4.4971959e+04 2.1884410e+00 
4.5021983e+04 2.2251794e+00 
4.5072008e+04 2.2725949e+00 
4.5122032e+04 2.3320947e+00 
4.5172057e+04 2.4006646e+00 
4.5222081e+04 2.4795978e+00 
4.5272106e+04 2.5706921e+00 
4.5322130e+04 2.6683593e+00 
4.5372154e+04 2.7748744e+00 
4.5422179e+04 2.8915145e+00 
4.5472203e+04 3.0136938e+00 
4.5522228e+04 3.1387010e+00 
4.5572252e+04 3.2736835e+00 
4.5622277e+04 3.4055300e+00 
4.5672301e+04 3.5435503e+00 
4.5722325e+04 3.6791101e+00 
4.5772350e+04 3.8123047e+00 
4.5822374e+04 3.9510684e+00 
4.5872399e+04 4.0838923e+00 
4.5922423e+04 4.2111406e+00 
4.5972447e+04 4.3377724e+00 
4.6022472e+04 4.4551954e+00 
4.6072496e+04 4.5679321e+00 
4.6122521e+04 4.6743412e+00 
4.6172545e+04 4.7685266e+00 
4.6222570e+04 4.8562670e+00 
4.6272594e+04 4.9332471e+00 
4.6322618e+04 4.9976068e+00 
4.6372643e+04 5.0522866e+00 
4.6422667e+04 5.0954132e+00 
4.6472692e+04 5.1227117e+00 
4.6522716e+04 5.1428199e+00 
4.6572741e+04 5.1471286e+00 
4.6622765e+04 5.1389899e+00 
4.6672789e+04 5.1227117e+00 
4.6722814e+04 5.0896649e+00 
4.6772838e+04 5.0426979e+00 
4.6822863e+04 4.9894476e+00 
4.6872887e+04 4.9217095e+00 
4.6922912e+04 4.8432617e+00 
4.6972936e+04 4.7559781e+00 
4.7022960e+04 4.6550031e+00 
4.7072985e+04 4.5509958e+00 
4.7123009e+04 4.4339156e+00 
4.7173034e+04 4.3122048e+00 
4.7223058e+04 4.1890650e+00 
4.7273083e+04 4.0596213e+00 
4.7323107e+04 3.9233222e+00 
4.7373131e+04 3.7897429e+00 
4.7423156e+04 3.6518304e+00 
4.7473180e+04 3.5152299e+00 
4.7523205e+04 3.3799706e+00 
4.7573229e+04 3.2427235e+00 
4.7623254e+04 3.1145267e+00 
4.7673278e+04 2.9915690e+00 
4.7723302e+04 2.8686693e+00 
4.7773327e+04 2.7578986e+00 
4.7823351e+04 2.6520665e+00 
4.7873376e+04 2.5539334e+00 
4.7923400e+04 2.4647009e+00 
4.7973425e+04 2.3881235e+00 
4.8023449e+04 2.3171046e+00 
4.8073473e+04 2.2634006e+00 
4.8123498e+04 2.2155073e+00 
4.8173522e+04 2.1778162e+00 
4.8223547e+04 2.1604431e+00 
4.8273571e+04 2.1527274e+00 
4.8323596e+04 2.1565847e+00 
4.8373620e+04 2.1739538e+00 
4.8423644e+04 2.2034206e+00 
4.8473669e+04 2.2450135e+00 
4.8523693e+04 2.2996907e+00 
4.8573718e+04 2.3630211e+00 
4.8623742e+04 2.4406509e+00 
4.8673766e+04 2.5280607e+00 
4.8723791e+04 2.6219029e+00 
4.8773815e+04 2.7279465e+00 
4.8823840e+04 2.8430400e+00 
4.8873864e+04 2.9579647e+00 
4.8923889e+04 3.0840898e+00 
4.8973913e+04 3.2170784e+00 
4.9023937e+04 3.3485970e+00 
4.9073962e+04 3.4844797e+00 
4.9123986e+04 3.6202343e+00 
4.9174011e+04 3.7557065e+00 
4.9224035e+04 3.8952014e+00 
4.9274060e+04 4.0316029e+00 
4.9324084e+04 4.1612697e+00 
4.9374108e+04 4.2905135e+00 
4.9424133e+04 4.4111915e+00 
4.9474157e+04 4.5263171e+00 
4.9524182e+04 4.6356602e+00 
4.9574206e+04 4.7328038e+00 
4.9624231e+04 4.8235054e+00 
4.9674255e+04 4.9043970e+00 
4.9724279e+04 4.9745646e+00 
4.9774304e+04 5.0340667e+00 
4.9824328e+04 5.0810409e+00 
4.9874353e+04 5.1136136e+00 
4.9924377e+04 5.1365962e+00 
4.9974402e+04 5.1471286e+00 
5.0024426e+04 5.1437769e+00 
5.0074450e+04 5.1308517e+00 
5.0124475e+04 5.1016407e+00 
5.0174499e+04 5.0633106e+00 
5.0224524e+04 5.0134420e+00 
5.0274548e+04 4.9486256e+00 
5.0324573e+04 4.8750443e+00 
5.0374597e+04 4.7926483e+00 
5.0424621e+04 4.6960893e+00 
5.0474646e+04 4.5911565e+00 
5.0524670e+04 4.4808345e+00 
5.0574695e+04 4.3604608e+00 
5.0624719e+04 4.2390094e+00 
5.0674744e+04 4.1125026e+00 
5.0724768e+04 3.9813955e+00 
5.0774792e+04 3.8445239e+00 
5.0824817e+04 3.7097397e+00 
5.0874841e+04 3.5694478e+00 
5.0924866e+04 3.4325128e+00 
5.0974890e+04 3.2983453e+00 
5.1024915e+04 3.1643369e+00 
5.1074939e+04 3.0353658e+00 
5.1124963e+04 2.9120266e+00 
5.1174988e+04 2.7948363e+00 
5.1225012e+04 2.6861067e+00 
5.1275037e+04 2.5840948e+00 
5.1325061e+04 2.4925635e+00 
5.1375085e+04 2.4117529e+00 
5.1425110e+04 2.3374121e+00 
5.1475134e+04 2.2774336e+00 
5.1525159e+04 2.2285652e+00 
5.1575183e+04 2.1894071e+00 
5.1625208e+04 2.1652670e+00 
5.1675232e+04 2.1536918e+00 
5.1725256e+04 2.1517632e+00 
5.1775281e+04 2.1671972e+00 
5.1825305e+04 2.1947217e+00 
5.1875330e+04 2.2309837e+00 
5.1925354e+04 2.2827566e+00 
5.1975379e+04 2.3441789e+00 
5.2025403e+04 2.4146445e+00 
5.2075427e+04 2.4997633e+00 
5.2125452e+04 2.5931883e+00 
5.2175476e+04 2.6957102e+00 
5.2225501e+04 2.8055851e+00 
5.2275525e+04 2.9206257e+00 
5.2325550e+04 3.0435596e+00 
5.2375574e+04 3.1720779e+00 
5.2425598e+04 3.3041465e+00 
5.2475623e+04 3.4406989e+00 
5.2525647e+04 3.5785556e+00 
5.2575672e+04 3.7154832e+00 
5.2625696e+04 3.8522303e+00 
5.2675721e+04 3.9897408e+00 
5.2725745e+04 4.1196647e+00 
5.2775769e+04 4.2500706e+00 
5.2825794e+04 4.3763986e+00 
5.2875818e+04 4.4909945e+00 
5.2925843e+04 4.6032515e+00 
5.2975867e+04 4.7057533e+00 
5.3025892e+04 4.7984362e+00 
5.3075916e+04 4.8822641e+00 
5.3125940e+04 4.9553518e+00 
5.3175965e+04 5.0167994e+00 
5.3225989e+04 5.0685830e+00 
5.3276014e+04 5.1064296e+00 
5.3326038e+04 5.1313305e+00 
5.3376063e+04 5.1466498e+00 
5.3426087e+04 5.1480861e+00 
5.3476111e+04 5.1351604e+00 
5.3526136e+04 5.1126556e+00 
5.3576160e+04 5.0748119e+00 
5.3626185e+04 5.0259137e+00 
5.3676209e+04 4.9678407e+00 
5.3726234e+04 4.8947759e+00 
5.3776258e+04 4.8143477e+00 
5.3826282e+04 4.7236276e+00 
5.3876307e+04 4.6211495e+00 
5.3926331e+04 4.5118008e+00 
5.3976356e+04 4.3957253e+00 
5.4026380e+04 4.2698026e+00 
5.4076404e+04 4.1421266e+00 
5.4126429e+04 4.0116987e+00 
5.4176453e+04 3.8710370e+00 
5.4226478e+04 3.7360694e+00 
5.4276502e+04 3.5996397e+00 
5.4326527e+04 3.4609137e+00 
5.4376551e+04 3.3273439e+00 
5.4426575e+04 3.1928837e+00 
5.4476600e+04 3.0628512e+00 
5.4526624e+04 2.9407163e+00 
5.4576649e+04 2.8217657e+00 
5.4626673e+04 2.7086873e+00 
5.4676698e+04 2.6080239e+00 
5.4726722e+04 2.5131969e+00 
5.4776746e+04 2.4281335e+00 
5.4826771e+04 2.3543262e+00 
5.4876795e+04 2.2904983e+00 
5.4926820e+04 2.2372725e+00 
5.4976844e+04 2.2005208e+00 
5.5026869e+04 2.1710579e+00 
5.5076893e+04 2.1570668e+00 
5.5126917e+04 2.1517632e+00 
5.5176942e+04 2.1614077e+00 
5.5226966e+04 2.1831279e+00 
5.5276991e+04 2.2188921e+00 
5.5327015e+04 2.2672720e+00 
5.5377040e+04 2.3248420e+00 
5.5427064e+04 2.3963244e+00 
5.5477088e+04 2.4752741e+00 
5.5527113e+04 2.5596800e+00 
5.5577137e+04 2.6482346e+00 
5.5627162e+04 2.7322860e+00 
5.5677186e+04 2.8183274e+00 
5.5727211e+04 2.9005725e+00 
5.5777235e+04 2.9781172e+00 
5.5827259e+04 3.0536857e+00 
5.5877284e+04 3.1237116e+00 
5.5927308e+04 3.1870770e+00 
5.5977333e+04 3.2490132e+00 
5.6027357e+04 3.3055966e+00 
5.6077382e+04 3.3534255e+00 
5.6127406e+04 3.3973339e+00 
5.6177430e+04 3.4373283e+00 
5.6227455e+04 3.4690919e+00 
5.6277479e+04 3.4984171e+00 
5.6327504e+04 3.5209923e+00 
5.6377528e+04 3.5368321e+00 
5.6427553e+04 3.5502660e+00 
5.6477577e+04 3.5598586e+00 
5.6527601e+04 3.5622561e+00 
5.6577626e+04 3.5632155e+00 
5.6627650e+04 3.5584199e+00 
5.6677675e+04 3.5478675e+00 
5.6727699e+04 3.5382721e+00 
5.6777723e+04 3.5224326e+00 
5.6827748e+04 3.4993784e+00 
5.6877772e+04 3.4787097e+00 
5.6927797e+04 3.4512894e+00 
5.6977821e+04 3.4228787e+00 
5.7027846e+04 3.3905826e+00 
5.7077870e+04 3.3524597e+00 
5.7127894e+04 3.3128467e+00 
5.7177919e+04 3.2732003e+00 
5.7227943e+04 3.2286918e+00 
5.7277968e+04 3.1803029e+00 
5.7327992e+04 3.1348321e+00 
5.7378017e+04 3.0855389e+00 
5.7428041e+04 3.0358474e+00 
5.7478065e+04 2.9853220e+00 
5.7528090e+04 2.9316232e+00 
5.7578114e+04 2.8748507e+00 
5.7628139e+04 2.8212743e+00 
5.7678163e+04 2.7646823e+00 
5.7728188e+04 2.7082062e+00 
5.7778212e+04 2.6578157e+00 
5.7828236e+04 2.6041956e+00 
5.7878261e+04 2.5520175e+00 
5.7928285e+04 2.4997633e+00 
5.7978310e+04 2.4493122e+00 
5.8028334e+04 2.4025934e+00 
5.8078359e+04 2.3606064e+00 
5.8128383e+04 2.3175883e+00 
5.8178407e+04 2.2808208e+00 
5.8228432e+04 2.2484004e+00 
5.8278456e+04 2.2184086e+00 
5.8328481e+04 2.1937554e+00 
5.8378505e+04 2.1754022e+00 
5.8428530e+04 2.1604431e+00 
5.8478554e+04 2.1517632e+00 
5.8528578e+04 2.1517632e+00 
5.8578603e+04 2.1532097e+00 
5.8628627e+04 2.1633372e+00 
5.8678652e+04 2.1802304e+00 
5.8728676e+04 2.2019706e+00 
5.8778701e+04 2.2334025e+00 
5.8828725e+04 2.2716269e+00 
5.8878749e+04 2.3117843e+00 
5.8928774e+04 2.3620553e+00 
5.8978798e+04 2.4213901e+00 
5.9028823e+04 2.4834402e+00 
5.9078847e+04 2.5524967e+00 
5.9128872e+04 2.6305189e+00 
5.9178896e+04 2.7110920e+00 
5.9228920e+04 2.8011842e+00 
5.9278945e+04 2.8934205e+00 
5.9328969e+04 2.9882050e+00 
5.9378994e+04 3.0903680e+00 
5.9429018e+04 3.1986904e+00 
5.9479043e+04 3.3051136e+00 
5.9529067e+04 3.4180605e+00 
5.9579091e+04 3.5334728e+00 
5.9629116e+04 3.6456079e+00 
5.9679140e+04 3.7604976e+00 
5.9729165e+04 3.8758645e+00 
5.9779189e+04 3.9897408e+00 
5.9829213e+04 4.1020055e+00 
5.9879238e+04 4.2087398e+00 
5.9929262e+04 4.3155804e+00 
5.9979287e+04 4.4218278e+00 
6.0029311e+04 4.5214787e+00 
6.0079336e+04 4.6163130e+00 
6.0129360e+04 4.7043047e+00 
6.0179384e+04 4.7887893e+00 
6.0229409e+04 4.8630085e+00 
6.0279433e+04 4.9279594e+00 
6.0329458e+04 4.9875274e+00 
6.0379482e+04 5.0374236e+00 
6.0429507e+04 5.0810409e+00 
6.0479531e+04 5.1140924e+00 
6.0529555e+04 5.1332450e+00 
6.0579580e+04 5.1452141e+00 
6.0629604e+04 5.1485648e+00 
6.0679629e+04 5.1404262e+00 
6.0729653e+04 5.1198387e+00 
6.0779678e+04 5.0925388e+00 
6.0829702e+04 5.0537243e+00 
6.0879726e+04 5.0052848e+00 
6.0929751e+04 4.9486256e+00 
6.0979775e+04 4.8774514e+00 
6.1029800e+04 4.7984362e+00 
6.1079824e+04 4.7134833e+00 
6.1129849e+04 4.6172800e+00 
6.1179873e+04 4.5171232e+00 
6.1229897e+04 4.4102249e+00 
6.1279922e+04 4.2948503e+00 
6.1329946e+04 4.1799550e+00 
6.1379971e+04 4.0605717e+00 
6.1429995e+04 3.9340169e+00 
6.1480020e+04 3.8094230e+00 
6.1530044e+04 3.6815028e+00 
6.1580068e+04 3.5502660e+00 
6.1630093e+04 3.4252872e+00 
6.1680117e+04 3.3007627e+00 
6.1730142e+04 3.1735289e+00 
6.1780166e+04 3.0527208e+00 
6.1830191e+04 2.9373653e+00 
6.1880215e+04 2.8271756e+00 
6.1930239e+04 2.7221639e+00 
6.1980264e+04 2.6247749e+00 
6.2030288e+04 2.5299780e+00 
6.2080313e+04 2.4483502e+00 
6.2130337e+04 2.3765409e+00 
6.2180362e+04 2.3117843e+00 
6.2230386e+04 2.2571101e+00 
6.2280410e+04 2.2155073e+00 
6.2330435e+04 2.1836107e+00 
6.2380459e+04 2.1623724e+00 
6.2430484e+04 2.1532097e+00 
6.2480508e+04 2.1541739e+00 
6.2530532e+04 2.1667144e+00 
6.2580557e+04 2.1918228e+00 
6.2630581e+04 2.2285652e+00 
6.2680606e+04 2.2759821e+00 
6.2730630e+04 2.3349953e+00 
6.2780655e+04 2.4045222e+00 
6.2830679e+04 2.4805584e+00 
6.2880703e+04 2.5687773e+00 
6.2930728e+04 2.6630867e+00 
6.2980752e+04 2.7646823e+00 
6.3030777e+04 2.8781812e+00 
6.3080801e+04 2.9930110e+00 
6.3130826e+04 3.1135604e+00 
6.3180850e+04 3.2407880e+00 
6.3230874e+04 3.3688722e+00 
6.3280899e+04 3.4974563e+00 
6.3330923e+04 3.6293314e+00 
6.3380948e+04 3.7614558e+00 
6.3430972e+04 3.8927820e+00 
6.3480997e+04 4.0249643e+00 
6.3531021e+04 4.1497812e+00 
6.3581045e+04 4.2741361e+00 
6.3631070e+04 4.3952417e+00 
6.3681094e+04 4.5074463e+00 
6.3731119e+04 4.6134105e+00 
6.3781143e+04 4.7130008e+00 
6.3831168e+04 4.8013291e+00 
6.3881192e+04 4.8822641e+00 
6.3931216e+04 4.9548717e+00 
6.3981241e+04 5.0148811e+00 
6.4031265e+04 5.0623527e+00 
6.4081290e+04 5.1040349e+00 
6.4131314e+04 5.1298943e+00 
6.4181339e+04 5.1437769e+00 
6.4231363e+04 5.1485648e+00 
6.4281387e+04 5.1409054e+00 
6.4331412e+04 5.1179233e+00 
6.4381436e+04 5.0858321e+00 
6.4431461e+04 5.0412598e+00 
6.4481485e+04 4.9856067e+00 
6.4531510e+04 4.9212289e+00 
6.4581534e+04 4.8475966e+00 
6.4631558e+04 4.7588739e+00 
6.4681583e+04 4.6637053e+00 
6.4731607e+04 4.5621257e+00 
6.4781632e+04 4.4518094e+00 
6.4831656e+04 4.3348765e+00 
6.4881681e+04 4.2135415e+00 
6.4931705e+04 4.0848446e+00 
6.4981729e+04 3.9544847e+00 
6.5031754e+04 3.8219147e+00 
6.5081778e+04 3.6858103e+00 
6.5131803e+04 3.5541039e+00 
6.5181827e+04 3.4214332e+00 
6.5231851e+04 3.2848072e+00 
6.5281876e+04 3.1541779e+00 
6.5331900e+04 3.0319929e+00 
6.5381925e+04 2.9105945e+00 
6.5431949e+04 2.7963002e+00 
6.5481974e+04 2.6885068e+00 
6.5531998e+04 2.5898380e+00 
6.5582022e+04 2.4983237e+00 
6.5632047e+04 2.4175358e+00 
6.5682071e+04 2.3461120e+00 
6.5732096e+04 2.2837241e+00 
6.5782120e+04 2.2348537e+00 
6.5832145e+04 2.1956880e+00 
6.5882169e+04 2.1681623e+00 
6.5932193e+04 2.1546559e+00 
6.5982218e+04 2.1527274e+00 
6.6032242e+04 2.1609254e+00 
6.6082267e+04 2.1850595e+00 
6.6132291e+04 2.2169578e+00 
6.6182316e+04 2.2629168e+00 
6.6232340e+04 2.3195226e+00 
6.6282364e+04 2.3881235e+00 
6.6332389e+04 2.4647009e+00 
6.6382413e+04 2.5529754e+00 
6.6432438e+04 2.6496718e+00 
6.6482462e+04 2.7520905e+00 
6.6532487e+04 2.8648674e+00 
6.6582511e+04 2.9843614e+00 
6.6632535e+04 3.1082444e+00 
6.6682560e+04 3.2340140e+00 
6.6732584e+04 3.3683896e+00 
6.6782609e+04 3.5041831e+00 
6.6832633e+04 3.6355550e+00 
6.6882658e+04 3.7700820e+00 
6.6932682e+04 3.9029491e+00 
6.6982706e+04 4.0377712e+00 
6.7032731e+04 4.1665373e+00 
6.7082755e+04 4.2895498e+00 
6.7132780e+04 4.4092584e+00 
6.7182804e+04 4.5229301e+00 
6.7232829e+04 4.6327581e+00 
6.7282853e+04 4.7299056e+00 
6.7332877e+04 4.8172398e+00 
6.7382902e+04 4.8991051e+00 
6.7432926e+04 4.9668798e+00 
6.7482951e+04 5.0263929e+00 
6.7532975e+04 5.0748119e+00 
6.7583000e+04 5.1107402e+00 
6.7633024e+04 5.1337242e+00 
6.7683048e+04 5.1471286e+00 
6.7733073e+04 5.1466498e+00 
6.7783097e+04 5.1332450e+00 
6.7833122e+04 5.1083450e+00 
6.7883146e+04 5.0714583e+00 
6.7933170e+04 5.0220766e+00 
6.7983195e+04 4.9625573e+00 
6.8033219e+04 4.8918886e+00 
6.8083244e+04 4.8119369e+00 
6.8133268e+04 4.7221780e+00 
6.8183293e+04 4.6226010e+00 
6.8233317e+04 4.5137358e+00 
6.8283341e+04 4.3976583e+00 
6.8333366e+04 4.2779889e+00 
6.8383390e+04 4.1521740e+00 
6.8433415e+04 4.0235419e+00 
6.8483439e+04 3.8913307e+00 
6.8533464e+04 3.7576225e+00 
6.8583488e+04 3.6197553e+00 
6.8633512e+04 3.4868829e+00 
6.8683537e+04 3.3524597e+00 
6.8733561e+04 3.2204659e+00 
6.8783586e+04 3.0932665e+00 
6.8833610e+04 2.9680371e+00 
6.8883635e+04 2.8492029e+00 
6.8933659e+04 2.7371109e+00 
6.8983683e+04 2.6353061e+00 
6.9033708e+04 2.5386040e+00 
6.9083732e+04 2.4512365e+00 
6.9133757e+04 2.3770237e+00 
6.9183781e+04 2.3088820e+00 
6.9233806e+04 2.2527552e+00 
6.9283830e+04 2.2130895e+00 
6.9333854e+04 2.1802304e+00 
6.9383879e+04 2.1589959e+00 
6.9433903e+04 2.1532097e+00 
6.9483928e+04 2.1580312e+00 
6.9533952e+04 2.1729884e+00 
6.9583977e+04 2.2048709e+00 
6.9634001e+04 2.2464650e+00 
6.9684025e+04 2.2977557e+00 
6.9734050e+04 2.3620553e+00 
6.9784074e+04 2.4382443e+00 
6.9834099e+04 2.5208695e+00 
6.9884123e+04 2.6123312e+00 
6.9934148e+04 2.7163856e+00 
6.9984172e+04 2.8266833e+00 
7.0034196e+04 2.9402375e+00 
7.0084221e+04 3.0628512e+00 
7.0134245e+04 3.1914320e+00 
7.0184270e+04 3.3220291e+00 
7.0234294e+04 3.4585078e+00 
7.0284319e+04 3.5934114e+00 
7.0334343e+04 3.7260151e+00 
7.0384367e+04 3.8628347e+00 
7.0434392e+04 3.9981008e+00 
7.0484416e+04 4.1244402e+00 
7.0534441e+04 4.2515140e+00 
7.0584465e+04 4.3730178e+00 
7.0634489e+04 4.4880915e+00 
7.0684514e+04 4.5993810e+00 
7.0734538e+04 4.7009220e+00 
7.0784563e+04 4.7936134e+00 
7.0834587e+04 4.8774514e+00 
7.0884612e+04 4.9505482e+00 
7.0934636e+04 5.0124822e+00 
7.0984660e+04 5.0628319e+00 
7.1034685e+04 5.1035557e+00 
7.1084709e+04 5.1313305e+00 
7.1134734e+04 5.1447349e+00 
7.1184758e+04 5.1490436e+00 
7.1234783e+04 5.1389899e+00 
7.1284807e+04 5.1160078e+00 
7.1334831e+04 5.0843949e+00 
7.1384856e+04 5.0379033e+00 
7.1434880e+04 4.9817662e+00 
7.1484905e+04 4.9140162e+00 
7.1534929e+04 4.8369980e+00 
7.1584954e+04 4.7482548e+00 
7.1634978e+04 4.6516185e+00 
7.1685002e+04 4.5451894e+00 
7.1735027e+04 4.4314976e+00 
7.1785051e+04 4.3112407e+00 
7.1835076e+04 4.1871462e+00 
7.1885100e+04 4.0605717e+00 
7.1935125e+04 3.9296396e+00 
7.1985149e+04 3.7969406e+00 
7.2035173e+04 3.6599669e+00 
7.2085198e+04 3.5253131e+00 
7.2135222e+04 3.3929939e+00 
7.2185247e+04 3.2606239e+00 
7.2235271e+04 3.1309638e+00 
7.2285296e+04 3.0050325e+00 
7.2335320e+04 2.8843689e+00 
7.2385344e+04 2.7685628e+00 
7.2435369e+04 2.6650035e+00 
7.2485393e+04 2.5682983e+00 
7.2535418e+04 2.4767153e+00 
7.2585442e+04 2.3958418e+00 
7.2635467e+04 2.3272595e+00 
7.2685491e+04 2.2672720e+00 
7.2735515e+04 2.2217937e+00 
7.2785540e+04 2.1865087e+00 
7.2835564e+04 2.1623724e+00 
7.2885589e+04 2.1527274e+00 
7.2935613e+04 2.1541739e+00 
7.2985638e+04 2.1686447e+00 
7.3035662e+04 2.1942384e+00 
7.3085686e+04 2.2348537e+00 
7.3135711e+04 2.2817888e+00 
7.3185735e+04 2.3407958e+00 
7.3235760e+04 2.4136806e+00 
7.3285784e+04 2.4935236e+00 
7.3335809e+04 2.5850520e+00 
7.3385833e+04 2.6846669e+00 
7.3435857e+04 2.7938602e+00 
7.3485882e+04 2.9077299e+00 
7.3535906e+04 3.0281391e+00 
7.3585931e+04 3.1536944e+00 
7.3635955e+04 3.2828729e+00 
7.3685979e+04 3.4175787e+00 
7.3736004e+04 3.5536239e+00 
7.3786028e+04 3.6872456e+00 
7.3836053e+04 3.8262410e+00 
7.3886077e+04 3.9613223e+00 
7.3936102e+04 4.0905623e+00 
7.3986126e+04 4.2183437e+00 
7.4036150e+04 4.3406677e+00 
7.4086175e+04 4.4580975e+00 
7.4136199e+04 4.5693836e+00 
7.4186224e+04 4.6748242e+00 
7.4236248e+04 4.7694917e+00 
7.4286273e+04 4.8572292e+00 
7.4336297e+04 4.9308443e+00 
7.4386321e+04 4.9937668e+00 
7.4436346e+04 5.0513272e+00 
7.4486370e+04 5.0934978e+00 
7.4536395e+04 5.1217542e+00 
7.4586419e+04 5.1399479e+00 
7.4636444e+04 5.1480861e+00 
7.4686468e+04 5.1418629e+00 
7.4736492e+04 5.1236691e+00 
7.4786517e+04 5.0968499e+00 
7.4836541e+04 5.0513272e+00 
7.4886566e+04 4.9980865e+00 
7.4936590e+04 4.9351697e+00 
7.4986615e+04 4.8572292e+00 
7.5036639e+04 4.7738342e+00 
7.5086663e+04 4.6801410e+00 
7.5136688e+04 4.5751901e+00 
7.5186712e+04 4.4643860e+00 
7.5236737e+04 4.3483906e+00 
7.5286761e+04 4.2226672e+00 
7.5336786e+04 4.0972362e+00 
7.5386810e+04 3.9691465e+00 
7.5436834e+04 3.8320117e+00 
7.5486859e+04 3.6963384e+00 
7.5536883e+04 3.5598586e+00 
7.5586908e+04 3.4223969e+00 
7.5636932e+04 3.2896423e+00 
7.5686957e+04 3.1624017e+00 
7.5736981e+04 3.0329566e+00 
7.5787005e+04 2.9134593e+00 
7.5837030e+04 2.7992299e+00 
7.5887054e+04 2.6913874e+00 
7.5937079e+04 2.5903168e+00 
7.5987103e+04 2.4997633e+00 
7.6037128e+04 2.4175358e+00 
7.6087152e+04 2.3456287e+00 
7.6137176e+04 2.2842081e+00 
7.6187201e+04 2.2334025e+00 
7.6237225e+04 2.1932721e+00 
7.6287250e+04 2.1676798e+00 
7.6337274e+04 2.1522453e+00 
7.6387298e+04 2.1522453e+00 
7.6437323e+04 2.1662321e+00 
7.6487347e+04 2.1879578e+00 
7.6537372e+04 2.2246957e+00 
7.6587396e+04 2.2716269e+00 
7.6637421e+04 2.3287101e+00 
7.6687445e+04 2.3987358e+00 
7.6737469e+04 2.4795978e+00 
7.6787494e+04 2.5659044e+00 
7.6837518e+04 2.6630867e+00 
7.6887543e+04 2.7709894e+00 
7.6937567e+04 2.8838930e+00 
7.6987592e+04 3.0031087e+00 
7.7037616e+04 3.1309638e+00 
7.7087640e+04 3.2606239e+00 
7.7137665e+04 3.3954051e+00 
7.7187689e+04 3.5320332e+00 
7.7237714e+04 3.6652315e+00 
7.7287738e+04 3.7988603e+00 
7.7337763e+04 3.9345036e+00 
7.7387787e+04 4.0667553e+00 
7.7437811e+04 4.1948214e+00 
7.7487836e+04 4.3208857e+00 
7.7537860e+04 4.4397187e+00 
7.7587885e+04 4.5524478e+00 
7.7637909e+04 4.6588707e+00 
7.7687934e+04 4.7540474e+00 
7.7737958e+04 4.8398895e+00 
7.7787982e+04 4.9188247e+00 
7.7838007e+04 4.9856067e+00 
7.7888031e+04 5.0412598e+00 
7.7938056e+04 5.0867906e+00 
7.7988080e+04 5.1174445e+00 
7.8038105e+04 5.1389899e+00 
7.8088129e+04 5.1490436e+00 
7.8138153e+04 5.1447349e+00 
7.8188178e+04 5.1279788e+00 
7.8238202e+04 5.1011610e+00 
7.8288227e+04 5.0613937e+00 
7.8338251e+04 5.0091238e+00 
7.8388276e+04 4.9481454e+00 
7.8438300e+04 4.8731184e+00 
7.8488324e+04 4.7878246e+00 
7.8538349e+04 4.6941571e+00 
7.8588373e+04 4.5935760e+00 
7.8638398e+04 4.4837370e+00 
7.8688422e+04 4.3681874e+00 
7.8738447e+04 4.2438178e+00 
7.8788471e+04 4.1201415e+00 
7.8838495e+04 3.9941649e+00 
7.8888520e+04 3.8580129e+00 
7.8938544e+04 3.7217062e+00 
7.8988569e+04 3.5876613e+00 
7.9038593e+04 3.4508083e+00 
7.9088617e+04 3.3186460e+00 
7.9138642e+04 3.1890128e+00 
7.9188666e+04 3.0585091e+00 
7.9238691e+04 2.9368868e+00 
7.9288715e+04 2.8198004e+00 
7.9338740e+04 2.7067637e+00 
7.9388764e+04 2.6070666e+00 
7.9438788e+04 2.5165539e+00 
7.9488813e+04 2.4305413e+00 
7.9538837e+04 2.3572249e+00 
7.9588862e+04 2.2948527e+00 
7.9638886e+04 2.2401752e+00 
7.9688911e+04 2.1995542e+00 
7.9738935e+04 2.1720231e+00 
7.9788959e+04 2.1551383e+00 
7.9838984e+04 2.1532097e+00 
7.9889008e+04 2.1618900e+00 
7.9939033e+04 2.1821620e+00 
7.9989057e+04 2.2174416e+00 
8.0039082e+04 2.2619491e+00 
8.0089106e+04 2.3161373e+00 
8.0139130e+04 2.3857110e+00 
8.0189155e+04 2.4642203e+00 
8.0239179e+04 2.5501015e+00 
8.0289204e+04 2.6487138e+00 
8.0339228e+04 2.7520905e+00 
8.0389253e+04 2.8624921e+00 
8.0439277e+04 2.9809988e+00 
8.0489301e+04 3.1043785e+00 
8.0539326e+04 3.2335308e+00 
8.0589350e+04 3.3688722e+00 
8.0639375e+04 3.5032218e+00 
8.0689399e+04 3.6379488e+00 
8.0739424e+04 3.7734380e+00 
8.0789448e+04 3.9092491e+00 
8.0839472e+04 4.0444169e+00 
8.0889497e+04 4.1742029e+00 
8.0939521e+04 4.2962961e+00 
8.0989546e+04 4.4169927e+00 
8.1039570e+04 4.5326080e+00 
8.1089595e+04 4.6390452e+00 
8.1139619e+04 4.7381158e+00 
8.1189643e+04 4.8273606e+00 
8.1239668e+04 4.9058394e+00 
8.1289692e+04 4.9745646e+00 
8.1339717e+04 5.0355053e+00 
8.1389741e+04 5.0805621e+00 
8.1439766e+04 5.1145716e+00 
8.1489790e+04 5.1385112e+00 
8.1539814e+04 5.1480861e+00 
8.1589839e+04 5.1456919e+00 
8.1639863e+04 5.1332450e+00 
8.1689888e+04 5.1040349e+00 
8.1739912e+04 5.0657072e+00 
8.1789936e+04 5.0182395e+00 
8.1839961e+04 4.9553518e+00 
8.1889985e+04 4.8846703e+00 
8.1940010e+04 4.8042226e+00 
8.1990034e+04 4.7086525e+00 
8.2040059e+04 4.6076055e+00 
8.2090083e+04 4.4997039e+00 
8.2140107e+04 4.3802633e+00 
8.2190132e+04 4.2630630e+00 
8.2240156e+04 4.1359100e+00 
8.2290181e+04 4.0041251e+00 
8.2340205e+04 3.8710370e+00 
8.2390230e+04 3.7375059e+00 
8.2440254e+04 3.6010766e+00 
8.2490278e+04 3.4686105e+00 
8.2540303e+04 3.3345904e+00 
8.2590327e+04 3.2030458e+00 
8.2640352e+04 3.0768473e+00 
8.2690376e+04 2.9531710e+00 
8.2740401e+04 2.8354616e+00 
8.2790425e+04 2.7250547e+00 
8.2840449e+04 2.6238174e+00 
8.2890474e+04 2.5275812e+00 
8.2940498e+04 2.4416134e+00 
8.2990523e+04 2.3673675e+00 
8.3040547e+04 2.3021097e+00 
8.3090572e+04 2.2493682e+00 
8.3140596e+04 2.2068045e+00 
8.3190620e+04 2.1754022e+00 
8.3240645e+04 2.1585138e+00 
8.3290669e+04 2.1522453e+00 
8.3340694e+04 2.1585138e+00 
8.3390718e+04 2.1802304e+00 
8.3440743e+04 2.2082546e+00 
8.3490767e+04 2.2508197e+00 
8.3540791e+04 2.3074310e+00 
8.3590816e+04 2.3721962e+00 
8.3640840e+04 2.4469066e+00 
8.3690865e+04 2.5357292e+00 
8.3740889e+04 2.6271682e+00 
8.3790914e+04 2.7313216e+00 
8.3840938e+04 2.8420923e+00 
8.3890962e+04 2.9565263e+00 
8.3940987e+04 3.0807099e+00 
8.3991011e+04 3.2112715e+00 
8.4041036e+04 3.3418357e+00 
8.4091060e+04 3.4772673e+00 
8.4141085e+04 3.6120930e+00 
8.4191109e+04 3.7480419e+00 
8.4241133e+04 3.8821445e+00 
8.4291158e+04 4.0135932e+00 
8.4341182e+04 4.1435618e+00 
8.4391207e+04 4.2693210e+00 
8.4441231e+04 4.3894434e+00 
8.4491255e+04 4.5079293e+00 
8.4541280e+04 4.6177635e+00 
8.4591304e+04 4.7139659e+00 
8.4641329e+04 4.8047051e+00 
8.4691353e+04 4.8894830e+00 
8.4741378e+04 4.9591951e+00 
8.4791402e+04 5.0201573e+00 
8.4841426e+04 5.0704999e+00 
8.4891451e+04 5.1064296e+00 
8.4941475e+04 5.1342025e+00 
8.4991500e+04 5.1471286e+00 
8.5041524e+04 5.1480861e+00 
8.5091549e+04 5.1385112e+00 
8.5141573e+04 5.1150494e+00 
8.5191597e+04 5.0762496e+00 
8.5241622e+04 5.0311899e+00 
8.5291646e+04 4.9731231e+00 
8.5341671e+04 4.9010301e+00 
8.5391695e+04 4.8220601e+00 
8.5441720e+04 4.7337694e+00 
8.5491744e+04 4.6346927e+00 
8.5541768e+04 4.5282526e+00 
8.5591793e+04 4.4116755e+00 
8.5641817e+04 4.2919588e+00 
8.5691842e+04 4.1670165e+00 
8.5741866e+04 4.0363469e+00 
8.5791891e+04 3.9024642e+00 
8.5841915e+04 3.7681651e+00 
8.5891939e+04 3.6278951e+00 
8.5941964e+04 3.4945734e+00 
8.5991988e+04 3.3601842e+00 
8.6042013e+04 3.2253051e+00 
8.6092037e+04 3.0961649e+00 
8.6142062e+04 2.9704366e+00 
8.6192086e+04 2.8515744e+00 
8.6242110e+04 2.7419391e+00 
8.6292135e+04 2.6386576e+00 
8.6342159e+04 2.5433953e+00 
8.6392184e+04 2.4584508e+00 
8.6442208e+04 2.3818502e+00 
8.6492233e+04 2.3127518e+00 
8.6542257e+04 2.2590456e+00 
8.6592281e+04 2.2126060e+00 
8.6642306e+04 2.1802304e+00 
8.6692330e+04 2.1618900e+00 
8.6742355e+04 2.1503172e+00 
8.6792379e+04 2.1575491e+00 
8.6842404e+04 2.1749194e+00 
8.6892428e+04 2.2024541e+00 
8.6942452e+04 2.2430782e+00 
8.6992477e+04 2.2958202e+00 
8.7042501e+04 2.3577080e+00 
8.7092526e+04 2.4334302e+00 
8.7142550e+04 2.5189514e+00 
8.7192574e+04 2.6113739e+00 
8.7242599e+04 2.7154231e+00 
8.7292623e+04 2.8252075e+00 
8.7342648e+04 2.9421527e+00 
8.7392672e+04 3.0662286e+00 
8.7442697e+04 3.1919160e+00 
8.7492721e+04 3.3229954e+00 
8.7542745e+04 3.4594700e+00 
8.7592770e+04 3.5934114e+00 
8.7642794e+04 3.7308025e+00 
8.7692819e+04 3.8671761e+00 
8.7742843e+04 3.9971170e+00 
8.7792868e+04 4.1292186e+00 
8.7842892e+04 4.2572880e+00 
8.7892916e+04 4.3759155e+00 
8.7942941e+04 4.4934134e+00 
8.7992965e+04 4.6032515e+00 
8.8042990e+04 4.7033381e+00 
8.8093014e+04 4.7950602e+00 
8.8143039e+04 4.8788948e+00 
8.8193063e+04 4.9510283e+00 
8.8243087e+04 5.0148811e+00 
8.8293112e+04 5.0661864e+00 
8.8343136e+04 5.1025982e+00 
8.8393161e+04 5.1313305e+00 
8.8443185e+04 5.1437769e+00 
8.8493210e+04 5.1461716e+00 
8.8543234e+04 5.1389899e+00 
8.8593258e+04 5.1136136e+00 
8.8643283e+04 5.0815201e+00 
8.8693307e+04 5.0359850e+00 
8.8743332e+04 4.9779253e+00 
8.8793356e+04 4.9096875e+00 
8.8843381e+04 4.8326616e+00 
8.8893405e+04 4.7419777e+00 
8.8943429e+04 4.6467824e+00 
8.8993454e+04 4.5413179e+00 
8.9043478e+04 4.4237609e+00 
8.9093503e+04 4.3049726e+00 
8.9143527e+04 4.1785164e+00 
8.9193552e+04 4.0505915e+00 
8.9243576e+04 3.9204080e+00 
8.9293600e+04 3.7825477e+00 
8.9343625e+04 3.6456079e+00 
8.9393649e+04 3.5128288e+00 
8.9443674e+04 3.3765931e+00 
8.9493698e+04 3.2417562e+00 
8.9543723e+04 3.1140437e+00 
8.9593747e+04 2.9896467e+00 
8.9643771e+04 2.8700953e+00 
8.9693796e+04 2.7578986e+00 
8.9743820e+04 2.6506298e+00 
8.9793845e+04 2.5553699e+00 
8.9843869e+04 2.4680657e+00 
8.9893894e+04 2.3861933e+00 
8.9943918e+04 2.3209734e+00 
8.9993942e+04 2.2634006e+00 
9.0043967e+04 2.2169578e+00 
9.0093991e+04 2.1850595e+00 
9.0144016e+04 2.1623724e+00 
9.0194040e+04 2.1546559e+00 
9.0244064e+04 2.1585138e+00 
9.0294089e+04 2.1720231e+00 
9.0344113e+04 2.1985877e+00 
9.0394138e+04 2.2411430e+00 
9.0444162e+04 2.2904983e+00 
9.0494187e+04 2.3562586e+00 
9.0544211e+04 2.4290967e+00 
9.0594235e+04 2.5107985e+00 
9.0644260e+04 2.6051524e+00 
9.0694284e+04 2.7072444e+00 
9.0744309e+04 2.8144023e+00 
9.0794333e+04 2.9311450e+00 
9.0844358e+04 3.0541680e+00 
9.0894382e+04 3.1803029e+00 
9.0944406e+04 3.3147805e+00 
9.0994431e+04 3.4469571e+00 
9.1044455e+04 3.5823901e+00 
9.1094480e+04 3.7178767e+00 
9.1144504e+04 3.8507848e+00 
9.1194529e+04 3.9853213e+00 
9.1244553e+04 4.1163216e+00 
9.1294577e+04 4.2418942e+00 
9.1344602e+04 4.3657722e+00 
9.1394626e+04 4.4832530e+00 
9.1444651e+04 4.5926085e+00 
9.1494675e+04 4.6975393e+00 
9.1544700e+04 4.7921662e+00 
9.1594724e+04 4.8740816e+00 
9.1644748e+04 4.9491062e+00 
9.1694773e+04 5.0110435e+00 
9.1744797e+04 5.0613937e+00 
9.1794822e+04 5.1030769e+00 
9.1844846e+04 5.1298943e+00 
9.1894871e+04 5.1452141e+00 
9.1944895e+04 5.1509581e+00 
9.1994919e+04 5.1380329e+00 
9.2044944e+04 5.1169648e+00 
9.2094968e+04 5.0848737e+00 
9.2144993e+04 5.0393414e+00 
9.2195017e+04 4.9822469e+00 
9.2245042e+04 4.9149776e+00 
9.2295066e+04 4.8360348e+00 
9.2345090e+04 4.7492199e+00 
9.2395115e+04 4.6521010e+00 
9.2445139e+04 4.5427699e+00 
9.2495164e+04 4.4310141e+00 
9.2545188e+04 4.3107581e+00 
9.2595213e+04 4.1847491e+00 
9.2645237e+04 4.0581951e+00 
9.2695261e+04 3.9247797e+00 
9.2745286e+04 3.7892630e+00 
9.2795310e+04 3.6532662e+00 
9.2845335e+04 3.5147495e+00 
9.2895359e+04 3.3794880e+00 
9.2945383e+04 3.2441752e+00 
9.2995408e+04 3.1140437e+00 
9.3045432e+04 2.9901271e+00 
9.3095457e+04 2.8705709e+00 
9.3145481e+04 2.7583830e+00 
9.3195506e+04 2.6515875e+00 
9.3245530e+04 2.5520175e+00 
9.3295554e+04 2.4680657e+00 
9.3345579e+04 2.3910182e+00 
9.3395603e+04 2.3204899e+00 
9.3445628e+04 2.2638845e+00 
9.3495652e+04 2.2188921e+00 
9.3545677e+04 2.1821620e+00 
9.3595701e+04 2.1618900e+00 
9.3645725e+04 2.1522453e+00 
9.3695750e+04 2.1546559e+00 
9.3745774e+04 2.1725059e+00 
9.3795799e+04 2.2000372e+00 
9.3845823e+04 2.2392077e+00 
9.3895848e+04 2.2938850e+00 
9.3945872e+04 2.3548095e+00 
9.3995896e+04 2.4295781e+00 
9.4045921e+04 2.5136764e+00 
9.4095945e+04 2.6046739e+00 
9.4145970e+04 2.7067637e+00 
9.4195994e+04 2.8168550e+00 
9.4246019e+04 2.9330585e+00 
9.4296043e+04 3.0570617e+00 
9.4346067e+04 3.1827223e+00 
9.4396092e+04 3.3152635e+00 
9.4446116e+04 3.4522521e+00 
9.4496141e+04 3.5828695e+00 
9.4546165e+04 3.7193129e+00 
9.4596190e+04 3.8570492e+00 
9.4646214e+04 3.9892497e+00 
9.4696238e+04 4.1210971e+00 
9.4746263e+04 4.2462225e+00 
9.4796287e+04 4.3701191e+00 
9.4846312e+04 4.4880915e+00 
9.4896336e+04 4.5979300e+00 
9.4946361e+04 4.6989894e+00 
9.4996385e+04 4.7931309e+00 
9.5046409e+04 4.8774514e+00 
9.5096434e+04 4.9500675e+00 
9.5146458e+04 5.0124822e+00 
9.5196483e+04 5.0623527e+00 
9.5246507e+04 5.1021194e+00 
9.5296532e+04 5.1298943e+00 
9.5346556e+04 5.1432991e+00 
9.5396580e+04 5.1490436e+00 
9.5446605e+04 5.1380329e+00 
9.5496629e+04 5.1174445e+00 
9.5546654e+04 5.0848737e+00 
9.5596678e+04 5.0364647e+00 
9.5646702e+04 4.9812860e+00 
9.5696727e+04 4.9116111e+00 
9.5746751e+04 4.8321800e+00 
9.5796776e+04 4.7448750e+00 
9.5846800e+04 4.6467824e+00 
9.5896825e+04 4.5403504e+00 
9.5946849e+04 4.4281125e+00 
9.5996873e+04 4.3102760e+00 
9.6046898e+04 4.1847491e+00 
9.6096922e+04 4.0567689e+00 
9.6146947e+04 3.9218650e+00 
9.6196971e+04 3.7859054e+00 
9.6246996e+04 3.6499159e+00 
9.6297020e+04 3.5133090e+00 
9.6347044e+04 3.3823826e+00 
9.6397069e+04 3.2461102e+00 
9.6447093e+04 3.1154938e+00 
9.6497118e+04 2.9944530e+00 
9.6547142e+04 2.8743751e+00 
9.6597167e+04 2.7612896e+00 
9.6647191e+04 2.6549408e+00 
9.6697215e+04 2.5568066e+00 
9.6747240e+04 2.4709494e+00 
9.6797264e+04 2.3919830e+00 
9.6847289e+04 2.3229079e+00 
9.6897313e+04 2.2643685e+00 
9.6947338e+04 2.2174416e+00 
9.6997362e+04 2.1836107e+00 
9.7047386e+04 2.1633372e+00 
9.7097411e+04 2.1532097e+00 
9.7147435e+04 2.1556203e+00 
9.7197460e+04 2.1729884e+00 
9.7247484e+04 2.1976211e+00 
9.7297509e+04 2.2401752e+00 
9.7347533e+04 2.2914660e+00 
9.7397557e+04 2.3548095e+00 
9.7447582e+04 2.4305413e+00 
9.7497606e+04 2.5117579e+00 
9.7547631e+04 2.6041956e+00 
9.7597655e+04 2.7101302e+00 
9.7647680e+04 2.8173459e+00 
9.7697704e+04 2.9349723e+00 
9.7747728e+04 3.0580266e+00 
9.7797753e+04 3.1851418e+00 
9.7847777e+04 3.3191292e+00 
9.7897802e+04 3.4512894e+00 
9.7947826e+04 3.5881407e+00 
9.7997851e+04 3.7240999e+00 
9.8047875e+04 3.8589773e+00 
9.8097899e+04 3.9941649e+00 
9.8147924e+04 4.1234851e+00 
9.8197948e+04 4.2510333e+00 
9.8247973e+04 4.3725343e+00 
9.8297997e+04 4.4885755e+00 
9.8348021e+04 4.5969625e+00 
9.8398046e+04 4.6989894e+00 
9.8448070e+04 4.7945776e+00 
9.8498095e+04 4.8784137e+00 
9.8548119e+04 4.9510283e+00 
9.8598144e+04 5.0105629e+00 
9.8648168e+04 5.0628319e+00 
9.8698192e+04 5.1035557e+00 
9.8748217e+04 5.1289368e+00 
9.8798241e+04 5.1456919e+00 
9.8848266e+04 5.1485648e+00 
9.8898290e+04 5.1394691e+00 
9.8948315e+04 5.1193595e+00 
9.8998339e+04 5.0843949e+00 
9.9048363e+04 5.0398211e+00 
9.9098388e+04 4.9822469e+00 
9.9148412e+04 4.9116111e+00 
9.9198437e+04 4.8345895e+00 
9.9248461e+04 4.7468061e+00 
9.9298486e+04 4.6492009e+00 
9.9348510e+04 4.5437374e+00 
9.9398534e+04 4.4281125e+00 
9.9448559e+04 4.3088293e+00 
9.9498583e+04 4.1837897e+00 
9.9548608e+04 4.0534420e+00 
9.9598632e+04 3.9223504e+00 
9.9648657e+04 3.7854259e+00 
9.9698681e+04 3.6484799e+00 
9.9748705e+04 3.5147495e+00 
9.9798730e+04 3.3785233e+00 
9.9848754e+04 3.2456264e+00 
9.9898779e+04 3.1145267e+00 
9.9948803e+04 2.9858027e+00 
9.9998828e+04 2.8705709e+00 
1.0004885e+05 2.7583830e+00 
1.0009888e+05 2.6501505e+00 
1.0014890e+05 2.5544124e+00 
1.0019893e+05 2.4642203e+00 
1.0024895e+05 2.3866761e+00 
1.0029897e+05 2.3204899e+00 
1.0034900e+05 2.2604973e+00 
1.0039902e+05 2.2169578e+00 
1.0044905e+05 2.1826448e+00 
1.0049907e+05 2.1604431e+00 
1.0054910e+05 2.1546559e+00 
1.0059912e+05 2.1561024e+00 
1.0064915e+05 2.1734712e+00 
1.0069917e+05 2.2029374e+00 
1.0074919e+05 2.2411430e+00 
1.0079922e+05 2.2953365e+00 
1.0084924e+05 2.3567419e+00 
1.0089927e+05 2.4310226e+00 
1.0094929e+05 2.5175130e+00 
1.0099932e+05 2.6065881e+00 
1.0104934e+05 2.7106113e+00 
1.0109936e+05 2.8212743e+00 
1.0114939e+05 2.9349723e+00 
1.0119941e+05 3.0604386e+00 
1.0124944e+05 3.1870770e+00 
1.0129946e+05 3.3205795e+00 
1.0134949e+05 3.4585078e+00 
1.0139951e+05 3.5910158e+00 
1.0144954e+05 3.7284086e+00 
1.0149956e+05 3.8642819e+00 
1.0154958e+05 3.9971170e+00 
1.0159961e+05 4.1296964e+00 
1.0164963e+05 4.2544012e+00 
1.0169966e+05 4.3763986e+00 
1.0174968e+05 4.4948654e+00 
1.0179971e+05 4.6032515e+00 
1.0184973e+05 4.7062368e+00 
1.0189976e+05 4.7989182e+00 
1.0194978e+05 4.8774514e+00 
1.0199980e+05 4.9519892e+00 
1.0204983e+05 5.0134420e+00 
1.0209985e+05 5.0642691e+00 
1.0214988e+05 5.1045141e+00 
1.0219990e+05 5.1313305e+00 
1.0224993e+05 5.1476073e+00 
1.0229995e+05 5.1485648e+00 
1.0234998e+05 5.1375542e+00 
1.0240000e+05 5.1188803e+00 
