0.00045032019
9.4254327e-05
3.7902457e-05
0.0031340909
0.0012734283
0.0029190604
0.0025062645
0.0043807672
0.013774415
0.0059668887
0.00013082504
0.00060645689
0.0035253454
0.0025763039
0.00078516296
0.004395707
0.0064536734
0.0020255512
0.0002566957
0.0021353874
0.00571167
0.0034241008
0.0012248132
0.0013700763
0.00086881628
0.00012358172
0.00015468948
0.00092825294
0.00081508467
0.0005499039
0.0004806646
0.001410465
0.0021024146
0.0023675908
0.0013763815
0.0019910182
0.0018100699
0.0025734815
0.0051613925
0.0070825401
0.0079100765
0.0056164931
0.0036226232
0.0028521053
0.0023351177
0.0038192202
0.0043976461
0.0057336916
0.013581231
0.019800223
0.017887564
0.010707311
0.0058652801
0.0093140984
0.013842114
0.014191886
0.016277187
0.011635977
0.0079270983
0.011615337
0.016666269
0.022384111
0.025262577
0.02861619
0.026684567
0.013242432
0.0059525603
0.0096609201
0.018438114
0.015786259
0.013160191
0.021433176
0.023912698
0.022921244
0.02947953
0.023254747
0.0093576862
0.0082406746
0.018986272
0.027093779
0.030034233
0.028290283
0.022411006
0.022496579
0.024339886
0.026488494
0.031715665
0.024966327
0.024974292
0.033659521
0.04382389
0.066582523
0.070264541
0.067066789
0.06175467
0.046277873
0.040088326
0.042917144
0.039419957
0.045511324
0.050868243
0.047097106
0.050755836
0.073669769
0.072359376
0.05733297
0.068503872
0.074855916
0.062533058
0.068642333
0.071978658
0.010080527
0.00035251776
4.70757e-05
0.002820512
0.029426804
0.039682057
0.012014822
0.00049691618
8.8315603e-05
0.001350886
0.0039054207
0.0084840739
0.045385379
0.071110725
0.088747263
0.099108033
0.11169255
0.089133821
0.072489865
0.09765809
0.12513386
0.12444439
0.12311199
0.11257435
0.096630372
0.1000042
0.10213889
0.10306145
0.11563635
0.1129462
0.11676989
0.12842014
0.12684684
0.12514357
0.11771075
0.1066842
0.11052645
0.11843982
0.13345498
0.13484587
0.12025888
0.10935535
0.10831118
0.091697238
0.073745541
0.089912251
0.11701184
0.11489777
0.12806714
0.1462412
0.15691762
0.14801241
0.13033529
0.10533921
0.0998329
0.12014456
0.13780789
0.14846838
0.15537749
0.15487528
0.14328171
0.15694843
0.17713496
0.17764792
0.14750297
0.14056766
0.1520956
0.17590281
0.19835898
0.18107507
0.14634456
0.13077396
0.15608178
0.17667206
0.15332913
0.14694822
0.15933889
0.15170789
0.1168182
0.10606241
0.11889066
0.11718904
0.09533865
0.040467855
0.022409057
0.028633695
0.061451729
0.083493888
0.070236802
0.040412709
0.027932553
0.041524049
0.070497856
0.083086289
0.072189748
0.046913177
0.027474638
0.014541597
0.0098875808
0.00630194
0.0058679953
0.0070841708
0.017506221
0.029817257
0.022541579
0.016177017
0.013711984
0.0082000839
0.0060790749
0.0047794064
0.0027162391
0.00030540672
0.00022949823
0.00021190059
0.010459911
0.017097866
0.014467584
0.017504713
0.025427472
0.036369439
0.048381388
0.062504932
0.074530445
0.085184075
0.10716855
0.10991751
0.10513212
0.11146594
0.1150636
0.11447284
0.11049665
0.10661636
0.11214732
0.14165647
0.17064887
0.18057449
0.18112299
0.18352094
0.18237905
0.18566597
0.17225562
0.16319308
0.1639612
0.16924065
0.17442638
0.19045633
0.20213722
0.20139693
0.20910609
0.17758121
0.14478655
0.17504834
0.18051806
0.17805663
0.20725419
0.23353969
0.24353413
0.22936663
0.2318413
0.24340911
0.2414901
0.21696855
0.19720744
0.19373082
0.21389821
0.23241067
0.22682501
0.2303414
0.2422684
0.25137618
0.25438091
0.24515897
0.23796134
0.24302208
0.24142329
0.25889724
0.26806328
0.2484552
0.24723321
0.24834982
0.25010785
0.2536864
0.24988344
0.24689403
0.24097495
0.22979827
0.232577
0.23492487
0.24097763
0.2431819
0.24031092
0.2588467
0.2826049
0.26230949
0.23771143
0.21044213
0.20139937
0.20554343
0.2110333
0.2083692
0.2006491
0.22126152
0.2356969
0.2172323
0.24307448
0.26974708
0.25033975
0.23202735
0.23040406
0.20231998
0.18435679
0.18348765
0.14730193
0.088768721
0.074528843
0.09815757
0.16133471
0.18291126
0.1977136
0.20254794
0.19552507
0.18780063
0.19221601
0.18316603
0.18554579
0.20875518
0.23633724
0.24417336
0.22286686
0.20146777
0.18691833
0.18119232
0.16466525
0.017314931
0.0010169387
0.0005266582
0.0011684598
0.024060488
0.18948077
0.20814648
0.22725084
0.23435512
0.2336874
0.24043244
0.23173773
0.21551643
0.22183596
0.22541878
0.21068648
0.22252244
0.22426198
0.2169728
0.22914511
0.22791091
0.19976269
0.17075242
0.18476874
0.19134365
0.18489498
0.17793599
0.12284111
0.10868161
0.16220784
0.19738777
0.19560136
0.1920028
0.1881479
0.19459639
0.20071268
0.20627786
0.19422707
0.18935983
0.1850614
0.1921539
0.19971713
0.19205725
0.16967501
0.16372372
0.17347361
0.18124767
0.17895046
0.18606879
0.20585461
0.20733066
0.21289229
0.21602263
0.20001377
0.19012426
0.18624984
0.19259499
0.20048153
0.19086504
0.19618809
0.18973629
0.15594389
0.12694527
0.13750985
0.17426343
0.18930997
0.19086553
0.19705696
0.1993344
0.19369534
0.18966421
0.1899409
0.19171551
0.1985929
0.21465763
0.21416138
0.19290113
0.17477064
0.16433747
0.17338504
0.17782694
0.17797501
0.16204762
0.14133152
0.15085618
0.17003521
0.17378345
0.15493819
0.15458146
0.16738196
0.17567186
0.17629728
0.16416046
0.16149247
0.16217108
0.15463337
0.17202623
0.18114257
0.14249903
0.11974521
0.13859831
0.12898633
0.096490674
0.10136718
0.13426086
0.1401266
0.14428681
0.15581541
0.15687156
0.15648328
0.15604214
0.15338257
0.15047127
0.16107257
0.16113657
0.14742061
0.13068748
0.13000488
0.13047585
0.13718379
0.15247437
0.16951542
0.17930666
0.17812152
0.15570872
0.13744262
0.13520196
0.15490833
0.16339283
0.16231136
0.15969051
0.16415887
0.14283706
0.12151239
0.11373204
0.11549351
0.13612296
0.14841242
0.1507456
0.1566478
0.15149872
0.14047211
0.14424324
0.15712042
0.15107791
0.14225879
0.14807266
0.1463868
0.1300586
0.13205618
0.14732382
0.1502469
0.1515609
0.1510514
0.12292673
0.11607041
0.12624547
0.12498488
0.12250755
0.10263864
0.0577568
0.010440377
0.0049972073
0.0090440297
0.0036089297
0.0037617027
0.0079856962
0.036752079
0.074110374
0.11390853
0.12554789
0.12524235
0.12097661
0.023104221
0.00251893
0.00054719177
0.00061547931
0.0030469447
0.090023488
0.1245112
0.10636879
0.10927185
0.11648788
0.1195422
0.12335572
0.107893
0.10941927
0.12323196
0.13238458
0.12727594
0.11548148
0.10928918
0.11399067
0.11789035
0.097429238
0.080599844
0.093485706
0.10986494
0.12134857
0.11486357
0.12103322
0.13220072
0.12182356
0.11469517
0.12448876
0.12843303
0.1071789
0.09526515
0.10955526
0.11674958
0.11992782
0.13185501
0.12771343
0.11183076
0.11696972
0.12987469
0.11908673
0.10673784
0.10670341
0.098155499
0.093802519
0.10967191
0.11694495
0.10961652
0.095526405
0.085377
0.088767745
0.10026835
0.11776076
0.10665111
0.093807802
0.10154724
0.10955562
0.12208085
0.11688998
0.11389635
0.11107055
0.10833228
0.078944124
0.060758851
0.067728877
0.083624996
0.098655343
0.087553881
0.077726603
0.09046454
0.10210162
0.10156921
0.098089814
0.081188716
0.07101164
0.071702711
0.070240878
0.076974422
0.041438077
0.024415426
0.028049514
0.021802934
0.021864641
0.035753459
0.050015099
0.073392466
0.083802715
0.071911961
0.07002195
0.084676407
0.075089879
0.057616275
0.065174989
0.10032079
0.11127473
0.093515828
0.083359785
0.084753737
0.095007092
0.10843271
0.096290201
0.0831706
0.094931148
0.089292206
0.075465895
0.089771934
0.098244831
0.088910095
0.077810951
0.077988856
0.088113874
0.083364733
0.062762946
0.064734988
0.081076808
0.070338987
0.030846497
0.022136156
0.046780068
0.081662841
0.081042282
0.089248866
0.071614683
0.049927022
0.051373404
0.064987011
0.076597944
0.069846831
0.048870888
0.025006527
0.017541481
0.032652382
0.02618527
0.018612279
0.00910242
0.0065515707
0.028254252
0.068719409
0.079943061
0.081856042
0.080249742
0.086671188
0.081485197
0.071741715
0.067226432
0.071116149
0.083005078
0.094403647
0.091900989
0.078801386
0.061735146
0.063213326
0.076663636
0.086173013
0.091223657
0.083959296
0.08471968
0.10733861
0.11174746
0.0866974
0.072183125
0.064797491
0.065718658
0.078009486
0.069974318
0.062947437
0.063422576
0.060836792
0.064386271
0.074984774
0.082813136
0.07235384
0.045103785
0.026678776
0.026864883
0.034829699
0.035674959
0.042122032
0.056150034
0.064711638
0.072882876
0.057127893
0.042264078
0.028679265
0.0027242138
0.0044183461
0.021805199
0.034669045
0.050880641
0.073602721
0.078615732
0.077380389
0.10685721
0.17278321
0.1987305
0.18075448
0.14459495
0.10722502
0.036293045
0.0068353442
0.016674031
0.052036379
0.096286371
0.13410279
0.12576726
0.12590086
0.15369704
0.14314952
0.10922737
0.088239402
0.079105042
0.075712591
0.068751775
0.074446715
0.10501339
0.099325217
0.053948853
0.022557441
0.035376791
0.081727155
0.074214555
0.043515678
0.028799741
0.040691096
0.047317006
0.035839915
0.015281574
0.0055753696
0.012379676
0.050704807
0.088178843
0.069836244
0.034363251
0.016610922
0.025588229
0.076728962
0.11354558
0.10239252
0.083342209
0.05058223
0.041924428
0.082631752
0.088987462
0.076432839
0.079137161
0.11302008
0.12447427
0.090652965
0.060609832
0.066952281
0.06629055
0.055858426
0.058332272
0.037283946
0.02880574
0.07241112
0.13588558
0.15615469
0.16427302
0.15868036
0.13690343
0.13406241
0.13155025
0.12135635
0.11581672
0.098548383
0.072238654
0.065422595
0.058590338
0.059079032
0.062461104
0.065060727
0.070364609
0.074415699
0.071821988
0.062870689
0.055746462
0.06337817
0.063367635
0.056394994
