0.00016271164
0.00011955718
0.0001117813
0.00010653365
0.00010340593
0.00010423
0.00010712216
0.00010934761
0.00011206985
0.00011064699
0.000106333
0.00010122797
9.3792987e-05
8.5330386e-05
7.827393e-05
7.3747906e-05
6.9285059e-05
6.4677944e-05
6.1083774e-05
5.699509e-05
5.3144828e-05
4.8880866e-05
4.5499306e-05
4.2994165e-05
3.9900242e-05
3.7264785e-05
3.4790104e-05
3.1985586e-05
2.9713825e-05
2.8637678e-05
2.7304395e-05
2.5280646e-05
2.4405697e-05
2.3644192e-05
2.1949563e-05
2.0455724e-05
2.0076659e-05
1.9802652e-05
1.9129284e-05
1.8344825e-05
1.7762266e-05
1.7599006e-05
1.7279557e-05
1.655535e-05
1.6030075e-05
1.5575532e-05
1.5097979e-05
1.468379e-05
1.4621321e-05
1.4302241e-05
1.3857139e-05
1.3405738e-05
1.3379035e-05
1.337206e-05
1.3064253e-05
1.2959249e-05
1.2908906e-05
1.2790986e-05
1.2532582e-05
1.2272701e-05
1.1854742e-05
1.1526716e-05
1.1321776e-05
1.1234218e-05
1.131432e-05
1.1159497e-05
1.0955996e-05
1.1206844e-05
1.1134004e-05
1.0954577e-05
1.1044708e-05
1.1043205e-05
1.0780053e-05
1.0399252e-05
1.0223772e-05
1.022961e-05
1.0353953e-05
1.0305751e-05
1.0025075e-05
9.7545826e-06
9.5780051e-06
9.4879806e-06
9.3024819e-06
9.1216116e-06
9.2775936e-06
9.1858328e-06
8.9902069e-06
8.8896368e-06
8.5974389e-06
8.4395278e-06
8.3493524e-06
8.3766417e-06
8.29698e-06
8.0879126e-06
7.9351948e-06
7.9761094e-06
8.1167891e-06
7.9621095e-06
7.7095438e-06
7.6453371e-06
7.7192426e-06
7.6793667e-06
7.5371272e-06
7.4630152e-06
7.3362758e-06
7.2047164e-06
7.1810559e-06
7.1167633e-06
7.097115e-06
7.0801557e-06
6.9447815e-06
6.8992722e-06
6.8573959e-06
6.8234262e-06
6.9067682e-06
6.9480611e-06
6.9010225e-06
6.8764411e-06
6.8156241e-06
6.7277138e-06
6.6714124e-06
6.6502039e-06
6.5473246e-06
6.4720639e-06
6.5350937e-06
6.5466561e-06
6.588255e-06
6.6275784e-06
6.5169584e-06
6.4422729e-06
6.5434942e-06
6.5170016e-06
6.4148585e-06
6.397162e-06
6.2459844e-06
6.0868601e-06
6.0628618e-06
6.0147122e-06
5.9402951e-06
5.9005388e-06
5.9024892e-06
5.9967897e-06
6.0180546e-06
5.9849299e-06
5.9554654e-06
5.9600115e-06
5.9079093e-06
5.7827961e-06
5.7728175e-06
5.7873631e-06
5.7443149e-06
5.7246393e-06
5.8264336e-06
5.836896e-06
5.772697e-06
5.75889e-06
5.7507455e-06
5.6932172e-06
5.6326949e-06
5.601888e-06
5.5685709e-06
5.5757168e-06
5.6262725e-06
5.568852e-06
5.4574707e-06
5.4929387e-06
5.5399514e-06
5.5161163e-06
5.5576925e-06
5.6367962e-06
5.550582e-06
5.3961949e-06
5.2982045e-06
5.3246572e-06
5.3214253e-06
5.2223036e-06
5.2480318e-06
5.2456758e-06
5.2118326e-06
5.2411679e-06
5.3049221e-06
5.3352028e-06
5.2337841e-06
5.2327155e-06
5.3269669e-06
5.3049221e-06
5.2733767e-06
5.2957503e-06
5.2813325e-06
5.1848988e-06
5.1207371e-06
5.1532697e-06
5.1279048e-06
5.0261592e-06
4.9513333e-06
4.9987684e-06
5.0876724e-06
5.074467e-06
5.1043908e-06
5.1429711e-06
5.0804601e-06
5.0480103e-06
5.0214103e-06
4.8953912e-06
4.9183309e-06
4.9590917e-06
4.8608827e-06
4.7685485e-06
4.758047e-06
4.7739913e-06
4.7899894e-06
4.8598417e-06
4.9073219e-06
4.8981437e-06
4.8405273e-06
4.7422232e-06
4.731442e-06
4.8401125e-06
4.9054256e-06
4.7986014e-06
4.7218359e-06
4.7237027e-06
4.6766436e-06
4.6436567e-06
4.6738255e-06
4.6520358e-06
4.5763036e-06
4.5275601e-06
4.6232617e-06
4.6769824e-06
4.5724764e-06
4.5185766e-06
4.56609e-06
4.6131458e-06
4.7032349e-06
4.7192652e-06
4.6630716e-06
4.6405426e-06
4.4894691e-06
4.3862433e-06
4.4306476e-06
4.4635572e-06
4.4487811e-06
4.383648e-06
4.4001399e-06
4.434989e-06
4.4256008e-06
4.4309786e-06
4.4959261e-06
4.500781e-06
4.4855865e-06
4.4628368e-06
4.4050653e-06
4.390522e-06
4.3547261e-06
4.324836e-06
4.3903869e-06
4.4052058e-06
4.2565844e-06
4.2298748e-06
4.2339452e-06
4.1612707e-06
4.1516828e-06
4.1955591e-06
4.2704451e-06
4.3581126e-06
4.3349523e-06
4.2377355e-06
4.1766461e-06
4.1620156e-06
4.2450561e-06
4.2453962e-06
4.1426943e-06
4.1192447e-06
4.0788391e-06
4.1042117e-06
4.1488711e-06
4.0643281e-06
4.0768064e-06
4.160805e-06
4.1904814e-06
4.1651015e-06
4.0881782e-06
4.0791883e-06
4.1627286e-06
4.1961534e-06
4.1502562e-06
4.1564672e-06
4.1286721e-06
4.0789914e-06
4.0956811e-06
4.1535245e-06
4.1842286e-06
4.1524804e-06
4.0608534e-06
4.1057938e-06
4.0786958e-06
3.993754e-06
3.9529468e-06
3.9646261e-06
3.9596275e-06
3.9790652e-06
4.0547498e-06
4.0711166e-06
4.0788123e-06
4.1270087e-06
4.0468285e-06
3.8995618e-06
3.8853218e-06
3.9258703e-06
3.9063157e-06
3.8361677e-06
3.850942e-06
3.9406573e-06
3.9840966e-06
3.9981369e-06
3.9348897e-06
3.9388319e-06
4.0401378e-06
4.0994241e-06
4.0168811e-06
3.8804615e-06
3.8163093e-06
3.7620055e-06
3.7431394e-06
3.7611671e-06
3.7558602e-06
3.8239305e-06
3.863041e-06
3.8172734e-06
3.8245898e-06
3.842069e-06
3.7550067e-06
3.7302361e-06
3.718096e-06
3.7470209e-06
3.7402799e-06
3.7799748e-06
3.8350222e-06
3.7920838e-06
3.7473872e-06
3.7243146e-06
3.7086738e-06
3.7231125e-06
3.7295031e-06
3.7538525e-06
3.7631994e-06
3.7898362e-06
3.78564e-06
3.7590864e-06
3.8021772e-06
3.7661093e-06
3.6656002e-06
3.650274e-06
3.6241329e-06
3.6076053e-06
3.652792e-06
3.6764789e-06
3.6316133e-06
3.591666e-06
3.6660831e-06
3.7003153e-06
3.6044696e-06
3.5880162e-06
3.6377392e-06
3.6036822e-06
3.5886228e-06
3.6287197e-06
3.5948458e-06
3.5267738e-06
3.5236501e-06
3.5635803e-06
3.5548112e-06
3.5725438e-06
3.5826663e-06
3.5938237e-06
3.5862597e-06
3.6312586e-06
3.6643607e-06
3.592585e-06
3.5281564e-06
3.4962229e-06
3.5044397e-06
3.6133335e-06
3.7150805e-06
3.6956947e-06
3.6161236e-06
3.5110911e-06
3.436151e-06
3.4453803e-06
3.4422608e-06
3.4542397e-06
3.4668428e-06
3.4681602e-06
3.4622781e-06
3.4611721e-06
3.5202743e-06
3.4933912e-06
3.4256075e-06
3.4265177e-06
3.4921525e-06
3.5848934e-06
3.6085721e-06
3.5806804e-06
3.5473136e-06
3.5115345e-06
3.514574e-06
3.5419623e-06
3.5099772e-06
3.5107751e-06
3.4961615e-06
3.4197938e-06
3.4221339e-06
3.4743459e-06
3.4704267e-06
3.4346122e-06
3.3903225e-06
3.3698627e-06
3.3780682e-06
3.4766774e-06
3.5078967e-06
3.3832721e-06
3.3306985e-06
3.3954336e-06
3.4093453e-06
3.3539277e-06
3.3472802e-06
3.3177562e-06
3.3606846e-06
3.4063144e-06
3.4054133e-06
3.4260888e-06
3.4761354e-06
3.4768912e-06
3.390948e-06
3.2977596e-06
3.3436106e-06
3.4523932e-06
3.4361321e-06
3.3598913e-06
3.3615333e-06
3.4483171e-06
3.4275977e-06
3.3456597e-06
3.3620131e-06
3.2986686e-06
3.2981579e-06
3.3584713e-06
3.3148287e-06
3.2812575e-06
3.2930088e-06
3.338585e-06
3.3474382e-06
3.3145957e-06
3.2209584e-06
3.210733e-06
3.3311483e-06
3.4106818e-06
3.3856541e-06
3.2523587e-06
3.1893708e-06
3.1883239e-06
3.1811733e-06
3.253323e-06
3.2828937e-06
3.2590469e-06
3.2669466e-06
3.2761134e-06
3.2602243e-06
3.202797e-06
3.2449645e-06
3.2988207e-06
3.2358175e-06
3.2380244e-06
3.3137514e-06
3.368923e-06
3.3194249e-06
3.2233925e-06
3.115802e-06
3.153322e-06
3.2036305e-06
3.2207249e-06
3.3324213e-06
3.3711024e-06
3.2606754e-06
3.2474775e-06
3.2643793e-06
3.2446262e-06
3.283795e-06
3.3199133e-06
3.2920582e-06
3.2074352e-06
3.2070689e-06
3.2833118e-06
3.3358881e-06
3.3345809e-06
3.3545796e-06
3.346953e-06
3.2521589e-06
3.231901e-06
3.2553812e-06
3.1992051e-06
3.146723e-06
3.098754e-06
3.1454035e-06
3.2688483e-06
3.2403541e-06
3.1665791e-06
3.1540596e-06
3.1104253e-06
3.1490838e-06
3.2018827e-06
3.1516226e-06
3.1282691e-06
3.173805e-06
3.2094854e-06
3.2120481e-06
3.1760012e-06
3.1930849e-06
3.2084988e-06
3.159935e-06
3.1169243e-06
3.0809906e-06
3.1148613e-06
3.1450134e-06
3.1694069e-06
3.1833151e-06
3.1490354e-06
3.1017323e-06
3.0760793e-06
3.1209754e-06
3.1526781e-06
3.1616146e-06
3.1421278e-06
3.1566994e-06
3.1671004e-06
3.1027746e-06
3.0807573e-06
3.1038242e-06
3.1160278e-06
3.137405e-06
3.0777887e-06
3.0840806e-06
3.1144646e-06
3.1254917e-06
3.0877366e-06
3.0975123e-06
3.1734705e-06
3.1950769e-06
3.1253235e-06
3.0861638e-06
3.0955609e-06
3.1372983e-06
3.1527647e-06
3.144454e-06
3.1011568e-06
3.061806e-06
3.1017053e-06
3.1645041e-06
3.1678796e-06
3.1124648e-06
3.0784513e-06
3.0935767e-06
3.0963324e-06
3.0720223e-06
3.0614328e-06
3.0291305e-06
3.029972e-06
3.0097135e-06
2.9668088e-06
3.0151577e-06
3.0754748e-06
3.1303066e-06
3.1820989e-06
3.1374946e-06
3.0594133e-06
3.0524745e-06
3.1032278e-06
3.1421864e-06
3.1398793e-06
3.0953672e-06
3.0270826e-06
3.0220249e-06
3.0012131e-06
3.0387175e-06
3.1396173e-06
3.1049524e-06
3.0402859e-06
3.0722247e-06
3.1080392e-06
3.1557222e-06
3.1716452e-06
3.1271804e-06
3.0787487e-06
3.0583822e-06
3.1081586e-06
3.0723056e-06
3.0532556e-06
3.0652334e-06
3.0235915e-06
2.9412477e-06
2.9379169e-06
2.993979e-06
3.062929e-06
3.0955575e-06
3.0724846e-06
3.026511e-06
2.9497694e-06
2.9098974e-06
2.9451483e-06
2.9713369e-06
3.1423763e-06
3.1475627e-06
3.0698275e-06
3.0877331e-06
3.0995127e-06
3.0687556e-06
2.981988e-06
2.937014e-06
2.9430341e-06
2.9719763e-06
3.0118226e-06
3.0534768e-06
3.0076985e-06
2.9534833e-06
2.9616861e-06
2.9761331e-06
2.9954783e-06
2.9710204e-06
2.9403889e-06
2.9960704e-06
3.0476422e-06
2.9886976e-06
2.9997866e-06
3.0521862e-06
3.0379035e-06
2.9853327e-06
2.9651383e-06
3.0548081e-06
3.0980566e-06
3.045013e-06
2.9889866e-06
3.0313563e-06
3.0920382e-06
3.0875433e-06
3.054181e-06
3.0491751e-06
3.0535773e-06
3.1260167e-06
3.1731884e-06
3.1475317e-06
3.1561658e-06
3.1139175e-06
3.0621791e-06
2.9982818e-06
2.9801618e-06
3.0091651e-06
3.0358428e-06
3.0173899e-06
3.0481274e-06
3.1052182e-06
3.1544059e-06
3.1194818e-06
3.0784884e-06
3.0544625e-06
3.0478964e-06
3.1007824e-06
3.1480258e-06
3.1620207e-06
3.1331606e-06
3.088496e-06
3.125931e-06
3.123183e-06
3.067388e-06
3.0534834e-06
3.0630736e-06
3.0744079e-06
3.0419055e-06
2.9977189e-06
3.003923e-06
3.0012163e-06
2.9725998e-06
3.0198523e-06
3.0601389e-06
3.0563547e-06
3.0707747e-06
3.0518545e-06
3.0195772e-06
3.0510068e-06
3.0557171e-06
3.0582612e-06
3.0351896e-06
3.0171448e-06
3.0494027e-06
3.0361396e-06
3.0466986e-06
3.0606934e-06
3.0997339e-06
3.1015452e-06
3.0857302e-06
3.0848698e-06
3.0631677e-06
3.0661793e-06
3.0334772e-06
3.0383806e-06
3.0587885e-06
3.0634906e-06
3.1067495e-06
3.1037662e-06
3.0870044e-06
3.1046625e-06
3.1670797e-06
3.1644831e-06
3.1370157e-06
3.1774975e-06
3.1477218e-06
3.1612431e-06
3.2164596e-06
3.2254634e-06
3.2290175e-06
3.1872564e-06
3.0971212e-06
3.1010004e-06
3.1493983e-06
3.1428317e-06
3.0917395e-06
3.0379069e-06
2.9866017e-06
2.9445437e-06
3.0074243e-06
3.0484084e-06
2.9915079e-06
2.9180496e-06
2.9862736e-06
3.0799251e-06
3.055291e-06
2.9989073e-06
3.0009428e-06
3.0975157e-06
3.2288012e-06
3.2386752e-06
3.0394183e-06
2.8917557e-06
2.9828559e-06
3.074641e-06
3.0144956e-06
2.9242333e-06
2.9070075e-06
2.9769242e-06
3.0224496e-06
3.0191661e-06
3.0033293e-06
2.9771627e-06
2.9637386e-06
2.9840514e-06
3.033304e-06
3.1260374e-06
3.2269547e-06
3.1637014e-06
2.9805838e-06
2.8271215e-06
2.8322916e-06
2.9024595e-06
3.0219187e-06
3.25566e-06
3.2721302e-06
3.1654249e-06
3.074013e-06
2.9189789e-06
2.8139323e-06
2.7695428e-06
2.8086324e-06
2.8555353e-06
2.8793681e-06
2.9245928e-06
3.066021e-06
3.2214782e-06
3.2163573e-06
3.1360792e-06
3.0728218e-06
3.0288513e-06
3.0097069e-06
3.0107117e-06
2.9795826e-06
2.9807049e-06
2.9409409e-06
2.8537956e-06
2.825421e-06
2.8226459e-06
2.8482957e-06
2.8587883e-06
2.8119032e-06
2.7847063e-06
2.793716e-06
2.8215522e-06
2.8151683e-06
2.8210566e-06
2.76985e-06
2.7455728e-06
2.7688375e-06
