1.2342907898984523e-15
9.06931588546655e-16
8.479456606354399e-16
8.081382684684712e-16
7.844121478947913e-16
7.906633417935906e-16
8.126025616976658e-16
8.294842822579128e-16
8.501345305123902e-16
8.393410618133167e-16
8.066161865387879e-16
7.678906748842111e-16
7.114907084162218e-16
6.472954825990311e-16
5.937669295703501e-16
5.594336161204988e-16
5.255795479737705e-16
4.906310979888584e-16
4.633666015562165e-16
4.323508426098672e-16
4.0314369476662754e-16
3.7079831969034546e-16
3.4514663082844837e-16
3.261432426031376e-16
3.026734978230162e-16
2.8268156422641914e-16
2.6390923812708976e-16
2.4263484904524887e-16
2.254018245415901e-16
2.1723843604229866e-16
2.0712447660320644e-16
1.917728106021373e-16
1.8513566102678506e-16
1.7935906994847243e-16
1.6650402794290463e-16
1.551721298728519e-16
1.5229663529684705e-16
1.5021808506855542e-16
1.4511007976166808e-16
1.391593652414718e-16
1.3474021484588577e-16
1.3350176433085917e-16
1.3107850218106908e-16
1.2558484462786648e-16
1.2160023667563937e-16
1.1815218441267398e-16
1.145295839054922e-16
1.1138764723779437e-16
1.109137726498782e-16
1.0849330964403054e-16
1.0511687450290985e-16
1.0169265668511297e-16
1.0149009424420427e-16
1.0143718359651157e-16
9.910223481739365e-17
9.830570010050126e-17
9.7923810389133e-17
9.702929804849881e-17
9.506910837016406e-17
9.309771453030357e-17
8.992717956270588e-17
8.743885438420463e-17
8.588422956153191e-17
8.522003594279677e-17
8.58276701652313e-17
8.465322067308405e-17
8.310951175321129e-17
8.501238345965125e-17
8.445983699686466e-17
8.309874756553015e-17
8.378245933430303e-17
8.37710579431228e-17
8.17748510955773e-17
7.888618764725781e-17
7.75550391946248e-17
7.759932483781189e-17
7.8542560488859e-17
7.81769118809617e-17
7.60477722462955e-17
7.399588291583624e-17
7.265640909605732e-17
7.19735052102922e-17
7.056635734460702e-17
6.919431939172197e-17
7.037756077500555e-17
6.968148574119904e-17
6.819751540794202e-17
6.74346151743191e-17
6.521807321826932e-17
6.402019815319879e-17
6.33361495768621e-17
6.354315954647936e-17
6.293886533238594e-17
6.135293106063982e-17
6.019445110190083e-17
6.050481927194926e-17
6.15719811420876e-17
6.039861944734237e-17
5.84827176879215e-17
5.799566133190559e-17
5.855629041764795e-17
5.825380157229605e-17
5.717480744004e-17
5.661261189569569e-17
5.565119773911011e-17
5.4653220238885994e-17
5.447373746042963e-17
5.398602948797833e-17
5.383698227951088e-17
5.3708333168770397e-17
5.268141752678025e-17
5.233619508390691e-17
5.201853169236944e-17
5.176084583875986e-17
5.23930579104452e-17
5.270629577196634e-17
5.234947243253151e-17
5.216300393142852e-17
5.170166101232786e-17
5.103479493177451e-17
5.060770625220376e-17
5.044682374731621e-17
4.966640648607295e-17
4.909549718387853e-17
4.9573625863726755e-17
4.966133540822599e-17
4.997689451106526e-17
5.0275192226259414e-17
4.943605590399896e-17
4.886950992862214e-17
4.9637350006514235e-17
4.943638360865563e-17
4.866155098093658e-17
4.8527309650915953e-17
4.738051327347822e-17
4.617343516929932e-17
4.599138992248589e-17
4.5626138808199945e-17
4.5061628849717856e-17
4.4760047260776584e-17
4.477484251916509e-17
4.54901830973365e-17
4.5651493438859154e-17
4.540021754902024e-17
4.5176707043078793e-17
4.5211192648164934e-17
4.481595807494419e-17
4.386687987467085e-17
4.3791184650431945e-17
4.3901524022056167e-17
4.3574970883130724e-17
4.3425716583526057e-17
4.419790329957268e-17
4.427726851253614e-17
4.3790270566840977e-17
4.368553403455522e-17
4.3623751845288814e-17
4.318735620175332e-17
4.272824880492866e-17
4.249455518021121e-17
4.224181979092912e-17
4.2296026844312243e-17
4.267953004596929e-17
4.2243952146924305e-17
4.1399040788665507e-17
4.166809238040239e-17
4.2024719248758334e-17
4.184391199731456e-17
4.2159298903493955e-17
4.275936026577197e-17
4.210536038587117e-17
4.093421752473885e-17
4.019088626571851e-17
4.0391549991915026e-17
4.036703358728735e-17
3.961512056257027e-17
3.981028840858709e-17
3.979241636758867e-17
3.953569011210571e-17
3.97582205383795e-17
4.024184433983184e-17
4.047154633977283e-17
3.970220883365787e-17
3.969410269485867e-17
4.0409070812413347e-17
4.024184433983184e-17
4.00025486343515e-17
4.0172269303486615e-17
4.006289939147173e-17
3.933137687872568e-17
3.884466188172714e-17
3.9091446245473025e-17
3.889903430458979e-17
3.8127217014857524e-17
3.755960599934651e-17
3.791943709101219e-17
3.859384113724472e-17
3.8493668195733444e-17
3.872066283937887e-17
3.9013323579332806e-17
3.853913038966708e-17
3.829297412651316e-17
3.809119301846644e-17
3.7135242881885596e-17
3.730925784745925e-17
3.7618459328243865e-17
3.687346982297469e-17
3.6173045116711254e-17
3.609338330069048e-17
3.621433286915023e-17
3.633569055127963e-17
3.686557305103947e-17
3.7225746260298115e-17
3.715612267511487e-17
3.671905872648092e-17
3.5973347815821693e-17
3.589156426386405e-17
3.671591215491634e-17
3.7211361391306047e-17
3.6401019081448746e-17
3.581869473371338e-17
3.583285582290518e-17
3.547587697547355e-17
3.522564640280339e-17
3.5454499556654506e-17
3.52892082104137e-17
3.4714722224292807e-17
3.434496592955314e-17
3.507093491037433e-17
3.5478447029586565e-17
3.468569001915309e-17
3.427681929105172e-17
3.463724434740762e-17
3.499419816184464e-17
3.5677592087443585e-17
3.57991940309143e-17
3.5372923095834074e-17
3.520202360022564e-17
3.405601689998142e-17
3.3272971174304393e-17
3.360981135686225e-17
3.3859455550598124e-17
3.3747367662229355e-17
3.3253283861909144e-17
3.337838739032251e-17
3.364274415770713e-17
3.357152756377615e-17
3.361232224207892e-17
3.410499812609637e-17
3.414182621261727e-17
3.402656444396254e-17
3.3853990772017795e-17
3.34157502726373e-17
3.3305428348251743e-17
3.303388938714161e-17
3.280715038347141e-17
3.330440351262403e-17
3.341681607134709e-17
3.2289410403247297e-17
3.208679789634938e-17
3.211767495733409e-17
3.156638393715585e-17
3.1493652467763325e-17
3.1826487371184014e-17
3.2394554290627124e-17
3.3059578549637857e-17
3.2883890166303484e-17
3.214642724807956e-17
3.1683017969060414e-17
3.157203456675675e-17
3.220195953302568e-17
3.220453944862142e-17
3.14254679004822e-17
3.1247584957953917e-17
3.094107793767976e-17
3.1133548288883754e-17
3.147232359778231e-17
3.083100103321112e-17
3.092565837157726e-17
3.1562851250613844e-17
3.1787969178239315e-17
3.159544345101695e-17
3.101192207099401e-17
3.094372688365457e-17
3.157744321074312e-17
3.183099558594011e-17
3.148283062833703e-17
3.152994575849035e-17
3.131909891351781e-17
3.094223324830967e-17
3.1068837239248294e-17
3.150762315448098e-17
3.1740536963487644e-17
3.149970286670234e-17
3.0804642807040816e-17
3.114554971335897e-17
3.093999089885333e-17
3.029564313481262e-17
2.998608967495232e-17
3.0074685994321116e-17
3.003676783467141e-17
3.018421748293756e-17
3.075834238707563e-17
3.088249693742071e-17
3.0940874639420524e-17
3.1306480767084544e-17
3.069825333853539e-17
2.9581124094009686e-17
2.947310292940122e-17
2.9780693954199423e-17
2.963235753106369e-17
2.9100231923271923e-17
2.9212306157279984e-17
2.989286452730795e-17
3.022238445538216e-17
3.032889074452909e-17
2.9849112921339145e-17
2.987901748841215e-17
3.0647499321256894e-17
3.1097230723737715e-17
3.047107967104974e-17
2.943623387979823e-17
2.894959094748113e-17
2.8537655573979355e-17
2.8394541943809415e-17
2.853129567619791e-17
2.84910388279914e-17
2.90074035106633e-17
2.930408621841748e-17
2.8956904374784434e-17
2.90124047995556e-17
2.9144997744810123e-17
2.8484564385295245e-17
2.8296660659168095e-17
2.8204568823461406e-17
2.842398605549676e-17
2.83728504746944e-17
2.8673966298220855e-17
2.909154243984081e-17
2.876582221691776e-17
2.8426764717898173e-17
2.825174160535987e-17
2.81330943138284e-17
2.8242622768142475e-17
2.82911003000629e-17
2.847580890578743e-17
2.8546712207998036e-17
2.8748772471863406e-17
2.871694112278124e-17
2.851551199381021e-17
2.8842388285938766e-17
2.856878599921251e-17
2.780634849670204e-17
2.7690087683989803e-17
2.7491787679344685e-17
2.7366413339444198e-17
2.770918861745077e-17
2.7888871659863994e-17
2.754853216809028e-17
2.7245501699764163e-17
2.781001165824624e-17
2.806968877279049e-17
2.7342626684538103e-17
2.721781520772849e-17
2.7595001750412958e-17
2.7336653660309685e-17
2.7222416727282663e-17
2.7526582024697644e-17
2.726962288650728e-17
2.6753245308050277e-17
2.6729549682215482e-17
2.7032450434115002e-17
2.696593018168746e-17
2.7100445357497583e-17
2.7177232172016486e-17
2.7261869485359364e-17
2.7204490827417054e-17
2.754584150045779e-17
2.7796945952212427e-17
2.7252473009474492e-17
2.676373337421514e-17
2.6521493636853868e-17
2.6583824276274853e-17
2.740986606662891e-17
2.818169397641949e-17
2.80346380288867e-17
2.7431031084281582e-17
2.663428017334485e-17
2.6065802864505305e-17
2.6135814081817176e-17
2.6112150316157333e-17
2.6203019328006232e-17
2.6298623368713888e-17
2.6308616843591366e-17
2.6263996668567244e-17
2.6255606822495827e-17
2.670394168730781e-17
2.650001305175402e-17
2.5985822446734985e-17
2.5992727001793034e-17
2.6490616575869152e-17
2.719412640907404e-17
2.7373747248288545e-17
2.7162167619292053e-17
2.6909055217939678e-17
2.6637643697529357e-17
2.666070060271387e-17
2.6868461562169365e-17
2.66258303998015e-17
2.6631883074467306e-17
2.6521027871439053e-17
2.5941721137417273e-17
2.5959472564896225e-17
2.6355540054119353e-17
2.632580995943301e-17
2.605412990326236e-17
2.5718159048335414e-17
2.5562955998921345e-17
2.5625200919300197e-17
2.6373226244097206e-17
2.6610048234564984e-17
2.5664676434644715e-17
2.5265865936073102e-17
2.5756930605528558e-17
2.58624613664614e-17
2.5442076977991855e-17
2.539165066537003e-17
2.5167688806950058e-17
2.549333317231369e-17
2.5839469698777985e-17
2.5832634174099002e-17
2.5989473471069684e-17
2.636911476437686e-17
2.6374848078717527e-17
2.5722903938676895e-17
2.501599947968814e-17
2.5363813975366715e-17
2.6189012229660063e-17
2.606565949371801e-17
2.5487315392125218e-17
2.5499771203381334e-17
2.615809192986648e-17
2.600091961820997e-17
2.5379357947866658e-17
2.550341084908212e-17
2.5022894931839056e-17
2.5019020886279682e-17
2.547654361868814e-17
2.5145481506431002e-17
2.4890818576564163e-17
2.4979961070360757e-17
2.5325691000306578e-17
2.5392849214808808e-17
2.5143714025296614e-17
2.4433404320465673e-17
2.4355836931660373e-17
2.5269278009095637e-17
2.5872599729277355e-17
2.5682745705297625e-17
2.4671599332758878e-17
2.4193788496084598e-17
2.418584696818933e-17
2.413160426175328e-17
2.4678914277213366e-17
2.4903230390435817e-17
2.472233438564753e-17
2.4782259581859435e-17
2.485179668942495e-17
2.4731265854693176e-17
2.429563637250779e-17
2.4615508736175454e-17
2.5024048725317777e-17
2.454612182657759e-17
2.456286283136512e-17
2.513730937155511e-17
2.5555827664063022e-17
2.5180347157889815e-17
2.4451868809003133e-17
2.3635713534367776e-17
2.3920331097296834e-17
2.4301959100085115e-17
2.4431633046453303e-17
2.5278934676409302e-17
2.5572360060562157e-17
2.4734687789198436e-17
2.463457174085671e-17
2.4762784670630547e-17
2.4612942474940414e-17
2.4910067432265988e-17
2.5184052041091697e-17
2.4972750050762666e-17
2.4330820625716146e-17
2.4328041963314735e-17
2.4906401994995005e-17
2.530523297510766e-17
2.5295316874940794e-17
2.544702213229019e-17
2.538916860602594e-17
2.4670083698721748e-17
2.451641221343229e-17
2.4694527280092384e-17
2.4268389095741133e-17
2.3870272693838175e-17
2.3506391567075275e-17
2.3860263288873225e-17
2.4796685413933584e-17
2.4580535366982277e-17
2.40208962223903e-17
2.3925926350879358e-17
2.3594927200396547e-17
2.3888181146465118e-17
2.4288700715850373e-17
2.3907439863649668e-17
2.373028591226737e-17
2.4075710136248743e-17
2.4346372942547625e-17
2.4365812959299176e-17
2.4092369973447702e-17
2.4221962752227314e-17
2.4338888835735635e-17
2.3970495701338672e-17
2.3644227028261037e-17
2.3371642749982155e-17
2.3628577613753507e-17
2.3857304085480405e-17
2.4042347223041972e-17
2.4147851433829012e-17
2.3887813995877542e-17
2.3528984223996164e-17
2.3334386826826145e-17
2.367495768415608e-17
2.391544662904603e-17
2.3983236737018188e-17
2.3835414628135307e-17
2.394595122941401e-17
2.4024850676962652e-17
2.3536890857414097e-17
2.3369872993120976e-17
2.3544852866850407e-17
2.363742639805939e-17
2.3799588619974288e-17
2.3347353918032727e-17
2.3395082735841717e-17
2.3625568344371468e-17
2.3709217233715154e-17
2.3422816259564222e-17
2.3496972333922586e-17
2.4073172700886278e-17
2.4237073578063e-17
2.370794130956578e-17
2.341088538261927e-17
2.3482169489778136e-17
2.3798779219815323e-17
2.3916103555510573e-17
2.385306061360667e-17
2.352461862145177e-17
2.3226113056544818e-17
2.3528779408585736e-17
2.4005155778811466e-17
2.4030761497992358e-17
2.3610398349639445e-17
2.3352380239919635e-17
2.34671178328388e-17
2.3488021900487084e-17
2.3303611414971052e-17
2.3223282052427407e-17
2.2978244688274872e-17
2.2984628101899735e-17
2.2830952065156712e-17
2.2505487482208888e-17
2.2872250437653998e-17
2.3329801237359444e-17
2.3745741889998397e-17
2.413862563745283e-17
2.380026830370666e-17
2.320796261830334e-17
2.315532657497572e-17
2.3540328722006832e-17
2.3835859153433478e-17
2.3818358055900605e-17
2.3480700128852246e-17
2.2962709818682062e-17
2.29243433408562e-17
2.276647010535068e-17
2.305096933048705e-17
2.3816370587843904e-17
2.3553411116703727e-17
2.3062866830105865e-17
2.330514677197363e-17
2.3576826828144276e-17
2.393853842870788e-17
2.4059326420566064e-17
2.3722027299773743e-17
2.3354636243736666e-17
2.3200140945351948e-17
2.3577732567403703e-17
2.3305760459629303e-17
2.316125180894171e-17
2.325211247645908e-17
2.293622718611432e-17
2.2311587216009908e-17
2.2286320580119602e-17
2.2711593988293515e-17
2.3234631860467242e-17
2.3482143698207936e-17
2.3307118309942854e-17
2.2958373800585836e-17
2.237623075241749e-17
2.2073771491513775e-17
2.234117621563573e-17
2.2539836543688074e-17
2.38372996884868e-17
2.387664245310234e-17
2.328696219783041e-17
2.342278970941843e-17
2.3512146880108174e-17
2.3278831026036605e-17
2.2620633188797713e-17
2.2279471401079927e-17
2.232513841042399e-17
2.2544686876037136e-17
2.2846951183013153e-17
2.3162929778155993e-17
2.2815666766934374e-17
2.2404403491409016e-17
2.2466627930246822e-17
2.2576219346335206e-17
2.2722967312176762e-17
2.2537435651932554e-17
2.230507256880725e-17
2.2727458838269785e-17
2.3118669926539102e-17
2.2671530576863512e-17
2.275564902449998e-17
2.315313960153776e-17
2.304479452515058e-17
2.2646005266695605e-17
2.2492815476908432e-17
2.3173028695041058e-17
2.35011012608816e-17
2.309872545701743e-17
2.2673722860330638e-17
2.29951290638497e-17
2.3455447147322636e-17
2.342134993294071e-17
2.3168271667490073e-17
2.3130298131821987e-17
2.3163692146628128e-17
2.3713199755584497e-17
2.4071032759135148e-17
2.3876407294668152e-17
2.3941903470043566e-17
2.3621418177295823e-17
2.3228943302086636e-17
2.2744233978959053e-17
2.2606780081297154e-17
2.2826792036598333e-17
2.3029162557881715e-17
2.2889183362066855e-17
2.3122350535321965e-17
2.3555427410633006e-17
2.392855329816194e-17
2.36636275990817e-17
2.3352661671465065e-17
2.3170407057787635e-17
2.3120598225699457e-17
2.3521778514427233e-17
2.38801554166789e-17
2.3986317312506076e-17
2.376739163745574e-17
2.3428576882626285e-17
2.3712549656300303e-17
2.369170399897277e-17
2.3268456746210865e-17
2.3162979844145207e-17
2.32357287607764e-17
2.332170799434534e-17
2.307515272042889e-17
2.2739963956939525e-17
2.278702674537684e-17
2.276649437976969e-17
2.2549416594866724e-17
2.2907862527497462e-17
2.3213466842814565e-17
2.3184760825180343e-17
2.3294147425858298e-17
2.315062340629193e-17
2.2905775686037926e-17
2.3144192960980227e-17
2.3179924147191974e-17
2.3199223068883015e-17
2.3024207542100662e-17
2.288732409328557e-17
2.3132024649874298e-17
2.3031414010245185e-17
2.31115120072326e-17
2.3217673144484184e-17
2.3513824849322452e-17
2.3527564929059487e-17
2.3407596198842986e-17
2.340106941443083e-17
2.3236442580410502e-17
2.3259287843004243e-17
2.301121769362625e-17
2.3048413689310326e-17
2.3203223037991026e-17
2.323889202100405e-17
2.356704347870639e-17
2.3544412893005798e-17
2.3417261969063784e-17
2.3551212006056253e-17
2.4024693651814664e-17
2.4004996477936692e-17
2.3796635485186224e-17
2.4103720540063126e-17
2.3877849346872648e-17
2.3980418628685884e-17
2.4399277521635577e-17
2.4467578150982605e-17
2.449453868617467e-17
2.4177749173721666e-17
2.3494005544773826e-17
2.3523432209222502e-17
2.3890566866708753e-17
2.3840754241742605e-17
2.345318128202288e-17
2.3044820316720784e-17
2.26556315909855e-17
2.2336589867593435e-17
2.281358675265518e-17
2.3124482132741557e-17
2.2692848826786208e-17
2.2135612091100937e-17
2.2653142704461062e-17
2.3363560127026372e-17
2.3176691856585256e-17
2.2748978869300524e-17
2.2764419675519666e-17
2.349699812549279e-17
2.4492897887164493e-17
2.4567799641331915e-17
2.3056285428250928e-17
2.1936152982947938e-17
2.2627216866379432e-17
2.332347623405533e-17
2.2867227908645063e-17
2.218252013011704e-17
2.205184941541813e-17
2.2582220437860607e-17
2.2927565011404597e-17
2.290265718177034e-17
2.2782523082074315e-17
2.2584029640652682e-17
2.248219769431697e-17
2.263628563760762e-17
2.3009903840697168e-17
2.3713356780732487e-17
2.4478890788818324e-17
2.3999066692517137e-17
2.260998127030451e-17
2.1445853716266992e-17
2.148507283306069e-17
2.2017349397395704e-17
2.2923537733575202e-17
2.469664218884891e-17
2.482158110635834e-17
2.4012140742882493e-17
2.3318712379324003e-17
2.214266153409747e-17
2.1345803664001963e-17
2.1009075750632048e-17
2.1305599916087043e-17
2.1661393868440595e-17
2.18421836726457e-17
2.218524720937805e-17
2.3258087017838684e-17
2.4437347396404117e-17
2.4398501498802743e-17
2.3789531424746907e-17
2.330967622684636e-17
2.297612674521598e-17
2.28309019991675e-17
2.2838524166737623e-17
2.2602386411455775e-17
2.261089990534904e-17
2.2309259906087018e-17
2.164819692882898e-17
2.1432954138288294e-17
2.1411902906974742e-17
2.1606476029725748e-17
2.168607033251864e-17
2.1330411406620847e-17
2.1124102360852587e-17
2.1192447746159672e-17
2.1403606365701407e-17
2.135517965834579e-17
2.1399846865056747e-17
2.1011406094857306e-17
2.0827245180711752e-17
2.100372551696643e-17
