158.269488713358
245.6119307293727
340.5844111221521
32.136298692979764
40.71204185996877
18.377643856763154
10.479564409153268
20.2170612583757
16.644068094995983
31.57615031762847
243.7683681961612
123.19326557137819
53.04287903685047
62.498584089591446
113.57589542632182
48.904259618456514
40.773711272270695
72.88585023529423
205.96933446379663
70.58254035124348
42.45088666982021
53.16873543733033
86.98750239010796
81.42032041364249
99.23543387860987
256.3924796030819
222.76898531519114
86.8909774860302
89.41847730824473
108.75333173667642
114.81112646650759
64.13689997355057
52.35170940658272
49.297952774861336
61.895759141941824
49.37175072008083
52.286100981521706
44.44504434851396
31.10239614888098
26.109611629274045
24.52642639075455
29.59747028130039
37.108283151233294
41.037973567252465
44.9488916064985
34.90247446824598
32.22018188341878
28.020345731246124
18.441334085558236
15.203371660698867
15.828228473394372
20.2603952803663
27.92324431842291
22.53281984419141
18.355291741618316
18.310903892934377
17.322376479376366
20.710133829646303
25.06106457835388
20.584310723556936
16.836480009206756
14.318166593570865
13.434485465929903
12.704713191299284
13.472949392395375
19.288662869014463
28.783602106199186
23.41626993641399
17.013663121016275
18.38044229072422
20.617140548899755
16.31392040195086
15.268664237497372
15.26023163666127
13.364598600410657
15.30690483809649
24.92270119208961
26.795969042391835
17.3001509282978
14.21190317133185
13.400575350659638
13.860411820321556
15.50223651848815
15.355169823457627
15.180454296725452
14.562490097948155
13.14184962800559
14.86733178881701
14.54084326515105
12.37846380318097
10.795122473033087
8.777374927095405
8.5387490653301
8.62651232236086
8.93979880867692
10.576390883834266
11.72291929714075
11.21258693418514
11.465360008313809
10.655254833113117
10.249259581466019
10.723287512804268
10.218479280387774
8.377270583397426
8.395351152804453
9.426474781693004
8.62533616254543
8.225877007329153
9.118648979519506
8.734026959012057
8.427383523370802
23.31445718387146
125.64086401926248
345.204588816943
45.47633307906642
14.095035277484621
12.095579216627218
22.407667956127625
110.77718492726034
261.6126573759976
66.844337436663
39.4627293589307
26.515639977721513
11.210319973955185
8.992657496425709
8.051021064718752
7.683950771512907
7.287437192958539
8.186370930785188
9.125598377678214
7.9374389894190625
6.92923043997214
6.894131528245
6.9696093470093405
7.2124899961584195
7.711202117223574
7.5915290383975425
7.497748804270729
7.421539711132408
6.960371972319581
7.106312442171809
7.135719242984686
6.831206245717272
6.889693790322427
6.957087406760558
7.259145542296708
7.657694581879453
7.398311239165429
7.150851417046947
6.740861269231165
6.695177819175337
7.17191479086086
7.752793137000216
7.859783606290546
8.582024606490435
9.703057631896318
8.754097961079571
7.530722267464849
7.575618853959336
7.127661441923953
6.60204309825027
6.381081510067994
6.705949726199391
7.190270048455031
7.998420113254084
8.345186715789346
7.630970488823948
7.065083653339965
6.8560980744688855
6.809811576220743
6.758122831915373
6.917764690169419
6.475191741604706
6.086768537445131
6.107371835493986
6.735387202047969
7.001290719620245
6.720268160589101
6.155316313736712
5.781243756880734
6.2245910134392926
7.1489277909797
7.527323839800047
6.8248007452842145
6.485288819049973
7.068318372549956
7.2429795696633406
6.97139296669179
7.195533579252939
8.257628062615078
8.65631085731386
8.211507407073421
8.281127897952643
9.156934886012714
14.333027254339255
19.728599702593378
17.797184174939478
11.971046404325122
10.260197771691702
11.409601034534813
15.170726933711874
18.339647593057872
14.931123073190799
11.055736528834252
10.211883816560547
11.166027838880341
13.827561614975918
17.991902674400077
24.959359450667293
30.58769056550938
38.69535650250841
40.88732623791513
37.73047511465092
23.942765200750298
18.10035690695177
20.566437481194114
24.41372678438692
27.286246676623122
36.02832566124419
41.16033501076534
45.91165501493509
61.26626716711827
181.92787273309142
209.33345539031362
220.25068660621037
31.180300172668158
24.016145352826754
25.978730807487324
24.18552573254069
20.306468299828182
16.578223691667265
14.17661156785343
12.563757331914363
11.59900353519821
11.044548616379593
9.802470362510357
9.589618207770267
9.82558678698722
9.237668946167641
8.902171203841178
9.056079700461103
9.345531645882653
9.54256312640445
9.177260175717693
8.092040244857792
7.3343309993026375
7.100886509545438
7.125114439043114
7.200588083297918
7.265049795474132
7.19036553292382
7.51791121795723
7.695925398189322
7.67927798423496
7.50265686128009
7.34533791751999
7.093995176088586
6.885893080905669
6.694754461041661
6.522483446902019
7.252234560673277
8.080519664134824
7.228620538002587
7.196898281494049
7.414880380168919
6.914163844497188
6.394490094282161
6.104232918023578
6.280397012301006
6.238025002368441
6.185377450404198
6.24123602537907
6.5522449145064385
6.944851583718185
6.9785739555322355
6.622651895872564
6.369487464803192
6.361901316888224
6.340866359728593
6.283573399094064
6.197310312300675
6.132760019206342
6.191356605503546
6.322575723220894
6.385718742866908
6.487794315673839
6.146139973091975
6.032623366563119
6.328991394562288
6.295080988120939
6.323676022486985
6.404883035047063
6.413165876867774
6.451020891834698
6.381032658024179
6.578264176105615
6.763756436298311
6.593463970651065
6.50523389724993
6.437944927677066
6.412630788840542
6.516364273279995
6.340549564331892
6.014022929512455
6.3628673291987035
6.897341869121074
7.339569351184811
7.294485011799158
7.198829469458823
7.177047695891013
7.222172534862274
7.286154663540092
6.896857002834396
6.7959878938213905
7.265972960357682
6.799883117000539
6.259664008282908
6.610953898603901
7.151428931257418
7.312446220524555
7.808970352820961
8.0161423535528
7.931042722198335
8.944686201071807
11.888097019330479
13.17857688514669
11.354562532905984
8.722183498379524
8.193161370797476
7.7397349844960015
7.661513889799201
7.891742912285674
7.931455910463711
7.790251591217031
8.022814482557825
8.045464800935111
7.484955939676098
7.005023585648007
6.976699278783671
7.3434967245744165
7.759756572203228
8.102821892728192
8.248170847284353
8.79869246733667
29.56595183347552
124.16839978202026
173.51408500934974
117.61597690671786
25.6656500553161
8.300016752303755
7.939757532078627
7.456459722971692
7.133913888793752
7.137506185731746
6.9751262053753695
7.132785169613306
7.588916771071638
7.5191729829139105
7.37171394726889
7.633818367699304
7.545784700806875
7.599155499815056
7.58180903465686
7.306795234553424
7.454461754808101
8.052320723861266
8.853086583436127
8.555996381888031
8.318120023218269
8.357335254340624
8.571027111387616
10.805446067185608
11.582711294746975
9.262509377375507
8.263780445966592
8.358783242030333
8.460257694191872
8.697371796520843
8.618424460569884
8.310099602832814
8.04327690856304
8.297881868471228
8.471128319603965
8.881741770247094
8.945896844893733
8.710710183670473
8.75559501314683
9.192764369567996
9.21507966598487
8.946890803226385
8.726092939876482
8.84742450678497
8.692501576237973
8.187031442504093
8.157091496943217
8.039303682752754
8.12143407986326
8.482144544358679
8.605294655972363
8.739294947581557
8.746352592845543
8.779022228365019
9.133881300166339
8.932153634470565
9.056521330673483
10.11798363012196
11.44326756477094
11.040409482230528
9.532717209095908
9.08656675746292
9.02512011816103
8.675951504778457
8.640834147312725
8.952378962659568
9.081265643777547
9.00111386768322
8.855384733135828
8.631990753462997
8.258799304380094
8.532740486796818
9.215193858438447
9.464173300681777
9.691780007081277
9.589331345271434
9.504408958854112
9.36718282598369
9.91497376652489
10.677401577285726
10.434674358640601
9.871856145255656
9.762830274006815
10.544698360822332
10.738138446223298
10.266849501164401
9.747604433167833
9.481067374711259
10.05805558296484
10.511436474365983
10.45963561513066
10.544854079618755
9.921542646370492
9.885902378987547
11.363149511986833
12.286665794669169
11.37831867421178
11.662986864539668
13.762546766802535
13.666546499647763
11.529848634468939
11.158557246128616
11.03364097550808
10.715527774322519
10.724708346125974
10.65859389232946
10.397693711778167
10.4936448395272
11.035067441523903
10.875797394997376
10.817014385521151
10.97612086138606
11.568630332041018
11.624879163017411
11.59979073821217
11.549410198379189
10.97981891760125
10.255235248627425
9.957717043545726
10.047541366320548
10.86225078915984
11.504585244414292
11.792554765771415
11.094992385027046
10.565783639769952
10.637467433484627
11.01558076514021
11.039309135807072
11.833336053529706
12.639040443750511
12.71049903512201
12.779029354653247
11.84308916862619
11.344836864337504
11.655263978436965
11.549912333084297
11.41802083744229
11.910714707846866
11.81348185648252
11.188515431607687
11.612898760454977
12.186647068747266
11.828677177831715
11.625901202151184
12.475428587792786
12.686176224853154
12.119872833245001
12.000328155257005
12.034786519359738
12.055491508006165
13.224990870404648
13.605210401131815
13.090490712219376
12.964475094634892
12.92401918670915
14.08890839990781
19.574002136173817
49.129320226054126
70.72651762221116
51.37290020898556
81.38563669308309
78.76158065871034
54.71967169312336
25.605880061500027
17.43526426876169
13.68251727728804
13.161001186349319
13.353405994974366
13.657193107090773
32.638409062270554
100.6149820270094
217.5493209910659
202.40318246376182
89.79337501780876
15.630476200541795
13.204887900042959
14.601527706357878
14.522020409559428
14.09618397284671
13.767378937411708
13.34562237399397
14.303177057381705
14.425222526229208
13.64962237790348
13.162253308684987
13.405411486484617
14.260499310430568
14.786232259337725
14.172961296442212
13.832928399466802
15.535843071076151
17.339388397970975
16.126369698623265
14.487424871824043
13.74902784252366
14.350008913410258
14.005715677626268
13.179012637699083
13.879808012898428
14.741688845605998
14.193139584005602
13.662478805560907
14.97470947455985
16.06692996420377
15.091394420965559
14.658103570493026
14.424478089428035
13.499251000359937
13.599041178838721
14.882180576332278
14.829746252497575
14.010421670869555
14.490012781301914
15.270945389572287
15.376080747966117
16.151156560397613
16.460611684617955
15.063920961435764
14.400395054087555
14.966093200814216
16.078483406429417
16.888343897624985
16.830842585975304
16.078892736774264
14.979878482763409
16.129763331582634
17.108694331656242
15.99373943751929
15.321113789110209
14.6764869612294
15.25833168466811
15.49910453787094
15.52392162859381
15.422314422625215
18.362419703008715
21.02685258305496
20.123887526868437
18.583396729570747
16.809736416745086
17.609256224307263
19.01942434118732
17.741641259197184
16.875970354755765
17.039368521206374
17.157893810449448
18.772113237711878
20.083382550375347
20.338255191063013
20.36189172325199
19.292462749627333
26.94579524896511
34.99176139475407
31.75097678364924
36.14797131125968
36.84574210580313
29.315849449506217
24.905552364970283
20.187349922876944
18.534973584693965
19.65992116357385
19.706564324311383
18.023557799752577
19.44241803064723
23.732831210726108
22.29763610364367
17.22387038042642
16.375741601811892
18.138980867890712
19.15889767266154
18.47934431706152
17.12160209239263
15.965689573521868
17.25301185188665
18.97947864402312
17.923583495546975
18.28976172592717
19.71550184506816
18.014652474542522
17.251135402253603
18.375533456557353
19.631596672392863
19.436023761046823
18.558397987469
19.489463455573922
22.30853416357492
22.05922862049163
19.910842813362827
21.43431779758143
32.526729945568434
38.368008293624904
26.88853960161254
20.289673121516206
20.056567392374042
18.705774641158712
21.415587839878363
26.507017325643268
26.113878962500863
22.837245220309097
20.902346204800818
22.034841293815713
27.31199504864039
39.30130594758227
46.79497555384335
34.17952570932398
37.84037556912066
44.37670644228711
62.52827935968504
73.4634116195413
35.38132100835883
22.440605040666462
20.585587318226327
20.560669121460762
21.204967757196705
20.686320242595148
21.190043588823556
22.438150324686845
23.08915617558489
22.38747814887433
20.977953935232104
19.875740666143358
20.29240560748503
21.903021610318596
24.654923928999946
24.67760291295906
22.260589057031527
20.545398040813204
19.852467742642848
20.87219284500816
20.877412829017345
18.15027311821014
17.51270124553674
20.23231998493952
22.361558296089253
23.503887790898304
23.73267290226096
21.96004168923532
23.29268734934964
24.803495790059742
24.58775852466844
24.909850518501372
24.45479316525794
22.599598032806533
21.462640094468036
22.95113961941222
29.359841309230934
39.00970944284235
38.75740009151025
34.065958624563116
33.84839131295174
31.487367484860727
27.12617528802637
25.060813766998315
23.537894166920893
26.66054664723931
31.31480373314128
37.92897131604011
125.07753453778143
98.9291818648547
44.27219989863459
35.421731579941074
29.00568643060234
23.73077019863033
23.062954850973792
23.76297349878371
19.90753378085067
14.956886998033692
13.922472648289457
14.64335530348689
16.825030896894358
20.337414749011153
36.471420942533776
85.52732946535993
53.858354842059484
29.128006565126938
20.96268206403475
17.682956462899345
18.334291940055536
18.050174536294566
15.816691235073348
16.234675908762053
18.70860137817946
21.538003584343464
23.20454043510544
23.350758363442925
24.025274435793214
23.58768014732741
20.169532092396885
20.66654137971139
28.247534307792613
44.49378255204888
36.48068082334693
24.44340685069785
25.869197106077923
32.26992139174241
38.08016266278084
32.88695582141597
31.36937804847604
35.598771455787734
53.517493837177206
88.63162172111677
60.78306019439001
29.93572861240358
22.25326028564044
25.15676828938089
36.2704457521061
52.47753088169392
42.43277208939228
24.278420904228174
20.18049062310254
22.10397847639729
24.30571197245522
29.95334836431706
31.390409541471954
21.94792777958669
21.62675871899774
24.494814844090378
25.930578709122564
21.43105905515734
19.65296224386225
22.82167598835052
26.972190982377736
24.68776739172689
24.459723685475193
27.20797242121843
27.068980100558072
34.56507993444923
40.16915854335861
25.99110475017196
19.26587123260275
17.754649174993673
16.818553828656324
16.844832024047243
18.128758779933868
18.257366600397802
18.487387150912728
19.185161413837708
19.73303070646606
21.33908245123256
24.56699567550296
25.684732567900685
27.247864391378357
27.409147573022345
26.740683709682454
25.768124005141143
24.499522032825325
23.878387988202125
24.613277594488032
26.407130920907
28.24455112246945
25.935884481368557
25.74310934155191
27.656268684609966
