0.0026482637
0.00082119828
8.3112303e-05
1.4952246e-06
1.2370621e-06
1.140249e-06
1.126642e-06
1.8160193e-06
2.3092505e-06
1.5929279e-06
8.7251522e-07
7.7606023e-07
7.4799465e-07
7.1379236e-07
6.9409322e-07
6.9848215e-07
7.0383948e-07
6.821748e-07
6.4510851e-07
6.6153643e-07
6.660668e-07
6.7730878e-07
7.2755449e-07
8.0010892e-07
9.3111373e-07
1.295693e-06
5.9590498e-06
2.1945805e-05
3.5235571e-05
2.6460171e-05
8.9017867e-06
1.7725231e-06
1.1439595e-06
9.591497e-07
8.3550196e-07
7.5600849e-07
6.9610803e-07
6.5967095e-07
6.5016854e-07
6.3353093e-07
6.060958e-07
5.8240607e-07
5.6234563e-07
5.6302957e-07
5.6820141e-07
5.4592147e-07
5.2047534e-07
4.8850768e-07
4.7358856e-07
4.8370953e-07
4.8153112e-07
4.85258e-07
4.8922641e-07
4.6922588e-07
4.5437201e-07
4.4638804e-07
4.4358706e-07
4.4321803e-07
4.8008991e-07
5.5781413e-07
5.3164615e-07
4.520204e-07
4.2433086e-07
4.1746472e-07
4.1994952e-07
4.8346737e-07
5.8045453e-07
5.1091905e-07
4.1355818e-07
3.9901556e-07
4.144614e-07
4.6944231e-07
5.1950246e-07
4.6693373e-07
4.2346889e-07
4.5788016e-07
6.4185787e-07
7.0675816e-07
5.1441509e-07
4.0876623e-07
3.9369985e-07
3.9699532e-07
4.4273361e-07
5.0187646e-07
4.9047577e-07
4.6629333e-07
4.9409829e-07
5.5867224e-07
4.7477769e-07
3.8026906e-07
3.7390194e-07
3.8742974e-07
3.9212824e-07
3.8495386e-07
3.7910056e-07
3.9219972e-07
4.1422666e-07
4.2196373e-07
4.4738312e-07
4.4315476e-07
4.349188e-07
4.4475701e-07
4.1093023e-07
3.7789954e-07
3.7620137e-07
3.7700522e-07
3.7678134e-07
3.7813695e-07
3.9352784e-07
4.0585488e-07
4.0001612e-07
8.551919e-07
1.9885883e-06
2.2552376e-06
1.2285158e-06
5.0219063e-07
5.1129109e-07
1.1503895e-06
6.952037e-06
1.7017472e-05
1.8789173e-05
9.5394571e-06
1.9663946e-06
4.7848329e-07
4.3342769e-07
4.2642415e-07
4.1287674e-07
3.9414837e-07
3.9541882e-07
4.0452957e-07
3.8867086e-07
3.7701847e-07
3.7394258e-07
3.7420421e-07
3.7773694e-07
3.7798918e-07
3.7600645e-07
3.8493991e-07
4.0644443e-07
3.9869104e-07
3.7746662e-07
3.7145787e-07
3.642547e-07
3.5718494e-07
3.6919837e-07
3.9025258e-07
4.0081053e-07
3.8907604e-07
3.7386911e-07
3.6651855e-07
3.6350281e-07
3.8069768e-07
4.1428487e-07
4.2837209e-07
4.9408521e-07
6.0207907e-07
5.1803352e-07
3.9116375e-07
3.7925253e-07
3.992202e-07
4.0366041e-07
4.0262199e-07
3.9278797e-07
4.0430001e-07
4.3121904e-07
4.3630584e-07
4.2342239e-07
4.0538103e-07
3.9511113e-07
3.9550306e-07
4.0198373e-07
4.0730839e-07
4.0150027e-07
3.9647043e-07
4.0058529e-07
3.9875627e-07
3.9946354e-07
3.9850241e-07
3.988732e-07
4.1082964e-07
4.1471358e-07
4.1460888e-07
4.1492993e-07
4.1573935e-07
4.3390239e-07
4.4001831e-07
4.3937237e-07
4.5239923e-07
4.9041387e-07
5.4067391e-07
5.3380444e-07
4.9914632e-07
4.9935903e-07
5.49432e-07
8.5438757e-07
1.3150991e-06
1.1973137e-06
7.0972396e-07
5.5998709e-07
6.5529417e-07
8.5841202e-07
9.3820586e-07
7.7060656e-07
6.4193398e-07
6.5841476e-07
7.1177948e-07
7.8075402e-07
9.4713903e-07
1.3186501e-06
2.1796106e-06
3.0937872e-06
2.9738892e-06
2.03476e-06
1.3839699e-06
1.1887171e-06
1.1837457e-06
1.2591104e-06
1.4244179e-06
1.7918342e-06
2.792008e-06
1.3498226e-05
4.1664644e-05
5.7863785e-05
3.7817015e-05
1.1016428e-05
2.5074009e-06
1.7000142e-06
1.3859253e-06
1.2208486e-06
1.1489492e-06
1.07086e-06
9.4081776e-07
8.3059945e-07
7.7312103e-07
7.3584926e-07
6.9391945e-07
6.5209741e-07
6.193211e-07
5.946514e-07
5.9223731e-07
6.0324237e-07
6.2569461e-07
6.1745061e-07
5.7597435e-07
5.458088e-07
5.2954709e-07
5.1980089e-07
5.0479991e-07
5.0811127e-07
5.1520533e-07
5.1958574e-07
5.3091406e-07
5.1648362e-07
5.1145111e-07
5.0804323e-07
4.8522338e-07
4.8589351e-07
4.8831515e-07
4.853411e-07
5.0739214e-07
5.5235222e-07
5.4639577e-07
4.9028625e-07
4.7271581e-07
4.7689309e-07
4.936287e-07
5.0084651e-07
4.9059264e-07
4.723905e-07
4.5835145e-07
4.5778515e-07
4.7114474e-07
4.7934617e-07
4.8498316e-07
4.8038783e-07
4.7094252e-07
4.7822545e-07
4.783289e-07
4.6908423e-07
4.6850414e-07
4.7606912e-07
4.7864251e-07
4.7927517e-07
4.8402882e-07
4.925048e-07
4.8896806e-07
4.7709523e-07
4.8914848e-07
4.9796176e-07
4.8943804e-07
4.8366911e-07
4.8599435e-07
4.8124724e-07
4.8485379e-07
4.8595592e-07
4.9251236e-07
4.9829811e-07
4.9024806e-07
4.8333152e-07
4.8330287e-07
4.7684961e-07
4.8212308e-07
4.9711559e-07
5.0749685e-07
5.1083549e-07
5.1785668e-07
5.1436882e-07
5.0528234e-07
4.9756335e-07
4.9851099e-07
4.9510072e-07
4.906729e-07
5.0035345e-07
5.085941e-07
5.0667177e-07
5.0499727e-07
5.1293745e-07
5.182298e-07
5.1928123e-07
5.2860952e-07
5.5748842e-07
5.6822512e-07
5.9086682e-07
6.5467208e-07
8.8594209e-07
1.1270515e-06
8.9320883e-07
5.9182906e-07
5.3047819e-07
5.2430613e-07
5.3556562e-07
5.4503988e-07
5.4269844e-07
5.4862244e-07
5.5767271e-07
5.7065409e-07
5.7517366e-07
5.6747507e-07
5.6120268e-07
5.6646849e-07
5.6773865e-07
5.6700918e-07
5.800818e-07
6.6063348e-07
2.3315554e-06
6.8560635e-06
9.1216716e-06
5.6706772e-06
1.593367e-06
6.0028964e-07
5.7106837e-07
5.6983828e-07
5.6890678e-07
5.6403627e-07
5.6019309e-07
5.6072906e-07
5.5976273e-07
5.6627567e-07
5.6644797e-07
5.7713726e-07
5.8730109e-07
5.770948e-07
5.6927547e-07
5.6929798e-07
5.7348495e-07
5.6131114e-07
5.5627351e-07
5.6173161e-07
5.6718665e-07
5.7727414e-07
6.0340665e-07
7.1886603e-07
7.5380211e-07
6.2691657e-07
5.8199441e-07
5.8481476e-07
5.8297672e-07
5.8208707e-07
5.8338719e-07
5.9534386e-07
6.0100979e-07
5.8841516e-07
5.9261913e-07
6.0581704e-07
6.1302808e-07
6.025162e-07
5.916296e-07
5.9532618e-07
6.0657976e-07
6.1511815e-07
6.0524991e-07
5.9811396e-07
6.0329006e-07
6.1897646e-07
6.2660274e-07
6.2216452e-07
6.2367673e-07
6.225896e-07
6.1401022e-07
6.2236268e-07
6.3325069e-07
6.2625338e-07
6.0822703e-07
6.1885754e-07
6.3371112e-07
6.6788442e-07
7.1360193e-07
6.7131185e-07
6.336993e-07
6.2947129e-07
6.2754185e-07
6.3412944e-07
6.4132246e-07
6.4037044e-07
6.4325968e-07
6.4056809e-07
6.4362212e-07
6.5531071e-07
6.5818637e-07
6.5182826e-07
6.5516105e-07
6.6488315e-07
6.5421511e-07
6.4690943e-07
6.3702754e-07
6.2802434e-07
6.268553e-07
6.4032054e-07
6.5536176e-07
6.5782513e-07
6.4718506e-07
6.447226e-07
6.4802339e-07
6.5064057e-07
6.5331568e-07
6.5901145e-07
6.5304602e-07
6.5842852e-07
6.7329677e-07
6.6919023e-07
6.6852346e-07
6.8782759e-07
7.7593415e-07
8.1251528e-07
7.1406987e-07
7.1161696e-07
8.0062301e-07
7.6512737e-07
6.8365267e-07
6.7244201e-07
6.8516613e-07
6.7992255e-07
6.7084915e-07
6.7027781e-07
6.6526286e-07
6.7501702e-07
6.8594892e-07
6.9684518e-07
7.237731e-07
7.5847203e-07
7.5053589e-07
6.8843957e-07
6.6465543e-07
6.8262585e-07
6.9478779e-07
6.8219879e-07
6.8935555e-07
7.0067665e-07
7.0095285e-07
7.0332732e-07
7.1201947e-07
7.0318907e-07
6.9777082e-07
7.0791685e-07
6.9727457e-07
6.830922e-07
6.8737836e-07
6.8771203e-07
6.8294673e-07
6.8876165e-07
6.9268555e-07
6.8798244e-07
6.9680237e-07
7.2340208e-07
7.2192626e-07
7.1488728e-07
7.1530258e-07
7.1006383e-07
7.1584236e-07
7.2380175e-07
7.3618543e-07
7.3590905e-07
7.2351332e-07
7.0534571e-07
7.0378616e-07
7.2817386e-07
7.5813148e-07
7.6402432e-07
7.4079418e-07
7.3224106e-07
7.1955543e-07
7.1362388e-07
7.1372733e-07
7.2579041e-07
9.3090108e-07
2.1172577e-06
3.1838883e-06
3.0782146e-06
5.5724913e-06
6.9188059e-06
4.109826e-06
1.3984887e-06
9.5184066e-07
8.0647328e-07
7.9499677e-07
7.9913531e-07
8.1824396e-07
1.7427583e-06
6.1368669e-06
1.0220315e-05
8.000422e-06
2.8759746e-06
8.7800055e-07
7.8013704e-07
7.6571735e-07
7.7037902e-07
7.940555e-07
7.8161429e-07
7.6320015e-07
7.5968796e-07
7.6886812e-07
7.7985618e-07
7.7089175e-07
7.4993869e-07
7.460975e-07
7.4985797e-07
7.5120033e-07
7.4168616e-07
7.4459251e-07
7.7602959e-07
7.8260439e-07
7.7726776e-07
7.7587367e-07
7.6404024e-07
7.6617147e-07
7.5474787e-07
7.4051121e-07
7.534918e-07
7.7837456e-07
7.8435841e-07
7.6440358e-07
7.4956409e-07
7.6154112e-07
7.5567488e-07
7.4705656e-07
7.6499299e-07
7.5808572e-07
7.5766798e-07
7.736237e-07
7.7978251e-07
7.791287e-07
7.6582836e-07
7.6158375e-07
7.7280532e-07
7.6484014e-07
7.6208897e-07
7.7607899e-07
7.7700236e-07
7.7325689e-07
7.5721721e-07
7.5713325e-07
7.6644659e-07
7.7738042e-07
7.7803276e-07
7.5982479e-07
7.6106465e-07
7.6780941e-07
7.7328235e-07
7.7948204e-07
7.7375961e-07
7.8831692e-07
8.2825807e-07
9.2426086e-07
9.6970155e-07
8.9314705e-07
8.5035401e-07
8.5034094e-07
8.2276637e-07
7.8507264e-07
7.9182496e-07
8.4399733e-07
8.8760993e-07
8.8445603e-07
8.6637516e-07
8.2911788e-07
8.1573944e-07
8.6123379e-07
9.6740769e-07
1.3339285e-06
1.547243e-06
1.3474533e-06
1.3471472e-06
1.2871175e-06
1.101609e-06
9.5534392e-07
8.9129946e-07
8.44483e-07
7.9765732e-07
7.9843102e-07
8.0767933e-07
8.0148845e-07
8.0934376e-07
7.951827e-07
7.8602312e-07
7.9329823e-07
8.0158441e-07
8.0069861e-07
7.9116973e-07
7.878462e-07
8.0596163e-07
8.283572e-07
8.2068226e-07
8.0512939e-07
8.0954374e-07
8.1473877e-07
8.091705e-07
8.0213641e-07
7.913556e-07
7.7284267e-07
7.6836432e-07
7.7076226e-07
7.7411227e-07
7.7951199e-07
8.1003185e-07
8.8467846e-07
9.8776729e-07
1.337551e-06
1.5607613e-06
1.178337e-06
8.4948613e-07
8.0398013e-07
7.9535732e-07
8.2364943e-07
8.4550169e-07
8.3512595e-07
8.2410264e-07
8.0707298e-07
8.3670091e-07
9.1091312e-07
1.083434e-06
1.2068032e-06
1.0788792e-06
1.4761544e-06
2.066771e-06
2.6640616e-06
2.2675031e-06
1.157623e-06
8.0154393e-07
7.7895078e-07
7.9722042e-07
8.0724135e-07
7.9579496e-07
7.8162373e-07
7.7269925e-07
7.7552107e-07
7.6998072e-07
7.6203207e-07
7.6372572e-07
7.69341e-07
7.793135e-07
7.9598459e-07
8.0450377e-07
8.0371268e-07
8.097233e-07
8.2423924e-07
8.2306269e-07
8.1183663e-07
8.1976907e-07
8.5274939e-07
8.6642081e-07
8.3992609e-07
8.0868381e-07
7.9737976e-07
8.1337839e-07
8.175453e-07
8.209625e-07
8.2262636e-07
8.1954585e-07
8.186654e-07
8.1747351e-07
8.1986269e-07
8.063077e-07
8.1026934e-07
9.2255755e-07
1.0314977e-06
9.7085422e-07
9.8040709e-07
9.8575867e-07
8.8624955e-07
8.4324148e-07
8.2719748e-07
8.2244122e-07
8.5608252e-07
9.5534187e-07
1.3241169e-06
2.0933865e-06
2.9568935e-06
3.662808e-06
4.1578228e-06
3.7712528e-06
2.4625203e-06
1.3529548e-06
9.6315875e-07
1.0945752e-06
1.2792082e-06
1.2665964e-06
1.1861265e-06
1.1529501e-06
1.2146302e-06
1.2149262e-06
9.8247926e-07
8.7302595e-07
8.964717e-07
9.7873897e-07
1.0434879e-06
1.1448968e-06
1.3526354e-06
1.5190529e-06
1.580208e-06
1.6306951e-06
1.6897345e-06
1.6037011e-06
1.462177e-06
1.6216464e-06
1.9714487e-06
2.329255e-06
2.5233642e-06
2.3361908e-06
2.0930418e-06
2.318078e-06
2.7011197e-06
3.1594423e-06
4.4178332e-06
6.3224538e-06
7.0438759e-06
5.9890253e-06
4.9531604e-06
5.3402309e-06
5.7025136e-06
5.3563913e-06
4.6180917e-06
3.7347113e-06
3.0406834e-06
2.7177371e-06
3.0585904e-06
4.0593777e-06
5.5007481e-06
6.1624164e-06
4.8404472e-06
2.6427217e-06
1.2958836e-06
9.2924267e-07
9.1926739e-07
1.0987329e-06
1.4809335e-06
1.8618765e-06
2.1755866e-06
2.1445046e-06
1.5859021e-06
1.1151462e-06
1.0660748e-06
1.0997419e-06
1.1034721e-06
9.9079455e-07
8.5738247e-07
8.5140971e-07
9.404294e-07
1.0440885e-06
1.1368051e-06
1.2975195e-06
1.5404829e-06
1.6268931e-06
1.5809682e-06
1.5433592e-06
1.4610602e-06
1.3156392e-06
1.1826661e-06
1.0790486e-06
9.9598299e-07
9.4279488e-07
8.9944916e-07
8.6121014e-07
8.291625e-07
8.5563801e-07
9.3055161e-07
9.7228894e-07
9.5464986e-07
9.0798636e-07
8.8056953e-07
8.8786823e-07
