0.0000000e+00 3.3960929e-05 
1.2800000e+02 3.2694199e-05 
2.5600000e+02 2.8491942e-05 
3.8400000e+02 2.2393249e-05 
5.1200000e+02 1.3732149e-03 
6.4000000e+02 4.4483128e-03 
7.6800000e+02 5.5896456e-04 
8.9600000e+02 8.8212706e-05 
1.0240000e+03 3.1539998e-03 
1.1520000e+03 5.0735166e-03 
1.2800000e+03 2.5894982e-03 
1.4080000e+03 4.9851858e-03 
1.5360000e+03 3.5687883e-03 
1.6640000e+03 7.2202776e-03 
1.7920000e+03 3.8268906e-03 
1.9200000e+03 5.6246406e-04 
2.0480000e+03 2.1095418e-04 
2.1760000e+03 2.5991258e-05 
2.3040000e+03 5.3364778e-04 
2.4320000e+03 5.4259232e-04 
2.5600000e+03 1.2859587e-03 
2.6880000e+03 2.1300488e-03 
2.8160000e+03 7.5610314e-04 
2.9440000e+03 3.7618642e-04 
3.0720000e+03 4.1742935e-03 
3.2000000e+03 4.0385313e-03 
3.3280000e+03 1.7258634e-03 
3.4560000e+03 1.3266059e-03 
3.5840000e+03 2.5146273e-03 
3.7120000e+03 3.8113946e-03 
3.8400000e+03 1.4492603e-03 
3.9680000e+03 1.0864525e-04 
4.0960000e+03 2.3269119e-04 
4.2240000e+03 2.6059113e-04 
4.3520000e+03 1.6025195e-03 
4.4800000e+03 1.9039179e-03 
4.6080000e+03 3.0811800e-04 
4.7360000e+03 7.6042852e-05 
4.8640000e+03 1.6242129e-04 
4.9920000e+03 8.8871579e-04 
5.1200000e+03 6.6647812e-04 
5.2480000e+03 8.8780688e-04 
5.3760000e+03 3.0761589e-03 
5.5040000e+03 1.7210110e-03 
5.6320000e+03 1.1578131e-03 
5.7600000e+03 1.4087312e-03 
5.8880000e+03 1.7158604e-04 
6.0160000e+03 4.6373920e-05 
6.1440000e+03 1.9151778e-03 
6.2720000e+03 1.7063015e-03 
6.4000000e+03 3.6633355e-05 
6.5280000e+03 1.2344182e-03 
6.6560000e+03 1.5558427e-03 
6.7840000e+03 8.0203422e-04 
6.9120000e+03 5.3081213e-04 
7.0400000e+03 4.7638430e-04 
7.1680000e+03 8.1399566e-04 
7.2960000e+03 1.7703370e-03 
7.4240000e+03 1.4203081e-03 
7.5520000e+03 2.8541270e-03 
7.6800000e+03 3.1330728e-03 
7.8080000e+03 6.0463031e-03 
7.9360000e+03 8.1131374e-03 
8.0640000e+03 6.3559744e-03 
8.1920000e+03 4.1057090e-03 
8.3200000e+03 2.4108056e-03 
8.4480000e+03 5.3590193e-04 
8.5760000e+03 1.8679122e-04 
8.7040000e+03 3.7029939e-04 
8.8320000e+03 3.1410545e-04 
8.9600000e+03 1.9394963e-03 
9.0880000e+03 2.4097792e-03 
9.2160000e+03 5.3605884e-03 
9.3440000e+03 3.8596634e-03 
9.4720000e+03 2.8640861e-03 
9.6000000e+03 6.9831486e-04 
9.7280000e+03 2.5342676e-04 
9.8560000e+03 3.7365633e-03 
9.9840000e+03 8.8322656e-03 
1.0112000e+04 5.7963068e-03 
1.0240000e+04 7.6973657e-03 
1.0368000e+04 9.6194576e-03 
1.0496000e+04 1.0673943e-02 
1.0624000e+04 5.0343457e-03 
1.0752000e+04 1.6335631e-03 
1.0880000e+04 1.9812807e-03 
1.1008000e+04 2.3771715e-03 
1.1136000e+04 2.7921114e-03 
1.1264000e+04 1.9677891e-03 
1.1392000e+04 7.0183938e-03 
1.1520000e+04 1.0212678e-02 
1.1648000e+04 6.3300109e-03 
1.1776000e+04 5.7212855e-03 
1.1904000e+04 6.2268414e-03 
1.2032000e+04 7.4495608e-03 
1.2160000e+04 1.2658324e-02 
1.2288000e+04 9.0772128e-03 
1.2416000e+04 5.6121792e-03 
1.2544000e+04 6.5445858e-03 
1.2672000e+04 5.1276796e-03 
1.2800000e+04 3.8049107e-03 
1.2928000e+04 3.6997981e-03 
1.3056000e+04 6.5390361e-03 
1.3184000e+04 9.1660302e-03 
1.3312000e+04 1.6544919e-02 
1.3440000e+04 2.2989372e-02 
1.3568000e+04 1.2976717e-02 
1.3696000e+04 7.9962444e-03 
1.3824000e+04 8.8093635e-03 
1.3952000e+04 7.0342058e-03 
1.4080000e+04 3.7900275e-03 
1.4208000e+04 5.4837908e-03 
1.4336000e+04 1.5001765e-03 
1.4464000e+04 3.4828475e-03 
1.4592000e+04 5.3982660e-03 
1.4720000e+04 3.5629061e-03 
1.4848000e+04 6.5690005e-04 
1.4976000e+04 2.5002593e-03 
1.5104000e+04 3.2768684e-04 
1.5232000e+04 3.7537902e-05 
1.5360000e+04 8.3503051e-05 
1.5488000e+04 4.5701154e-04 
1.5616000e+04 6.8604975e-04 
1.5744000e+04 5.8562070e-04 
1.5872000e+04 1.9540908e-03 
1.6000000e+04 1.8521595e-03 
1.6128000e+04 2.9856793e-03 
1.6256000e+04 5.8211670e-03 
1.6384000e+04 9.4102994e-03 
1.6512000e+04 1.0695399e-02 
1.6640000e+04 1.1528814e-02 
1.6768000e+04 9.6116439e-03 
1.6896000e+04 1.0148316e-02 
1.7024000e+04 9.6831741e-03 
1.7152000e+04 9.0123294e-03 
1.7280000e+04 1.3979106e-02 
1.7408000e+04 1.4480885e-02 
1.7536000e+04 1.0109133e-02 
1.7664000e+04 1.1046589e-02 
1.7792000e+04 1.3905862e-02 
1.7920000e+04 1.2562077e-02 
1.8048000e+04 1.3103611e-02 
1.8176000e+04 1.5992122e-02 
1.8304000e+04 2.2424927e-02 
1.8432000e+04 2.0843348e-02 
1.8560000e+04 2.0365775e-02 
1.8688000e+04 2.2772018e-02 
1.8816000e+04 2.1262070e-02 
1.8944000e+04 1.4731892e-02 
1.9072000e+04 1.0154855e-02 
1.9200000e+04 1.0358190e-02 
1.9328000e+04 6.9394843e-03 
1.9456000e+04 2.2115263e-03 
1.9584000e+04 6.0594003e-03 
1.9712000e+04 1.4564100e-02 
1.9840000e+04 1.5727589e-02 
1.9968000e+04 1.2871393e-03 
2.0096000e+04 1.5665073e-03 
2.0224000e+04 2.1413716e-03 
2.0352000e+04 2.5608687e-04 
2.0480000e+04 5.6256709e-04 
2.0608000e+04 2.3360651e-03 
2.0736000e+04 1.7162852e-02 
2.0864000e+04 3.0061273e-02 
2.0992000e+04 2.7523531e-02 
2.1120000e+04 2.4778912e-02 
2.1248000e+04 2.5245443e-02 
2.1376000e+04 2.5094520e-02 
2.1504000e+04 3.1708367e-02 
2.1632000e+04 4.2963170e-02 
2.1760000e+04 3.8315035e-02 
2.1888000e+04 2.9856175e-02 
2.2016000e+04 3.1767309e-02 
2.2144000e+04 3.6832664e-02 
2.2272000e+04 3.3616591e-02 
2.2400000e+04 2.5821295e-02 
2.2528000e+04 2.1671850e-02 
2.2656000e+04 1.2236641e-02 
2.2784000e+04 1.4291548e-02 
2.2912000e+04 2.2404583e-02 
2.3040000e+04 2.9970752e-02 
2.3168000e+04 4.2966902e-02 
2.3296000e+04 4.3511406e-02 
2.3424000e+04 3.9059415e-02 
2.3552000e+04 2.6593372e-02 
2.3680000e+04 1.4965873e-02 
2.3808000e+04 1.6294517e-02 
2.3936000e+04 2.4579167e-02 
2.4064000e+04 2.7078794e-02 
2.4192000e+04 3.0146440e-02 
2.4320000e+04 4.0360361e-02 
2.4448000e+04 3.0698303e-02 
2.4576000e+04 2.1369863e-02 
2.4704000e+04 1.6289083e-02 
2.4832000e+04 1.4371460e-02 
2.4960000e+04 1.2785336e-02 
2.5088000e+04 1.0556824e-02 
2.5216000e+04 1.1776959e-02 
2.5344000e+04 2.0572681e-02 
2.5472000e+04 2.7959282e-02 
2.5600000e+04 2.8786022e-02 
2.5728000e+04 2.4478378e-02 
2.5856000e+04 2.0313205e-02 
2.5984000e+04 1.7076761e-02 
2.6112000e+04 2.2962106e-02 
2.6240000e+04 3.9755963e-02 
2.6368000e+04 3.9190102e-02 
2.6496000e+04 2.3099430e-02 
2.6624000e+04 1.4660199e-02 
2.6752000e+04 1.1711198e-02 
2.6880000e+04 6.7440826e-03 
2.7008000e+04 4.3288674e-03 
2.7136000e+04 7.7979220e-03 
2.7264000e+04 8.6845430e-03 
2.7392000e+04 7.7926018e-03 
2.7520000e+04 8.7449839e-03 
2.7648000e+04 9.4209621e-03 
2.7776000e+04 1.0216378e-02 
2.7904000e+04 1.1105045e-02 
2.8032000e+04 6.2023299e-03 
2.8160000e+04 4.4406715e-04 
2.8288000e+04 3.9066005e-04 
2.8416000e+04 1.6835477e-03 
2.8544000e+04 2.5373648e-03 
2.8672000e+04 2.0615321e-03 
2.8800000e+04 1.4120582e-03 
2.8928000e+04 8.7855256e-04 
2.9056000e+04 5.1733996e-03 
2.9184000e+04 8.5219350e-03 
2.9312000e+04 7.5744959e-03 
2.9440000e+04 1.5393768e-02 
2.9568000e+04 2.5138313e-02 
2.9696000e+04 2.5101239e-02 
2.9824000e+04 2.8968511e-02 
2.9952000e+04 3.4035675e-02 
3.0080000e+04 3.6572248e-02 
3.0208000e+04 4.3006320e-02 
3.0336000e+04 4.0562741e-02 
3.0464000e+04 3.8095113e-02 
3.0592000e+04 3.4610413e-02 
3.0720000e+04 3.6021583e-02 
3.0848000e+04 4.5405991e-02 
3.0976000e+04 4.1976061e-02 
3.1104000e+04 3.8339559e-02 
3.1232000e+04 4.0513065e-02 
3.1360000e+04 3.3707898e-02 
3.1488000e+04 3.6290746e-02 
3.1616000e+04 4.5279227e-02 
3.1744000e+04 5.7530932e-02 
3.1872000e+04 6.9263391e-02 
3.2000000e+04 5.7492264e-02 
3.2128000e+04 5.3481717e-02 
3.2256000e+04 5.6535028e-02 
3.2384000e+04 5.3646892e-02 
3.2512000e+04 5.0669666e-02 
3.2640000e+04 6.2238645e-02 
3.2768000e+04 7.2899170e-02 
3.2896000e+04 5.7890959e-02 
3.3024000e+04 5.1748503e-02 
3.3152000e+04 5.3894889e-02 
3.3280000e+04 5.5068266e-02 
3.3408000e+04 6.6143602e-02 
3.3536000e+04 6.4489625e-02 
3.3664000e+04 5.3458162e-02 
3.3792000e+04 5.6122717e-02 
3.3920000e+04 4.6530847e-02 
3.4048000e+04 4.0905852e-02 
3.4176000e+04 5.6711920e-02 
3.4304000e+04 7.2906911e-02 
3.4432000e+04 8.5437417e-02 
3.4560000e+04 6.8079613e-02 
3.4688000e+04 5.1515419e-02 
3.4816000e+04 5.1538076e-02 
3.4944000e+04 5.7642903e-02 
3.5072000e+04 7.1554027e-02 
3.5200000e+04 6.7804828e-02 
3.5328000e+04 6.6834509e-02 
3.5456000e+04 6.9795102e-02 
3.5584000e+04 5.8267333e-02 
3.5712000e+04 5.4321915e-02 
3.5840000e+04 5.4093413e-02 
3.5968000e+04 4.9358580e-02 
3.6096000e+04 6.2000282e-02 
3.6224000e+04 8.3199151e-02 
3.6352000e+04 7.1304373e-02 
3.6480000e+04 6.2545352e-02 
3.6608000e+04 7.1265921e-02 
3.6736000e+04 7.3382489e-02 
3.6864000e+04 6.8385445e-02 
3.6992000e+04 7.5237378e-02 
3.7120000e+04 8.5481964e-02 
3.7248000e+04 9.5166914e-02 
3.7376000e+04 8.2516626e-02 
3.7504000e+04 5.5275295e-02 
3.7632000e+04 5.4143343e-02 
3.7760000e+04 5.4192405e-02 
3.7888000e+04 5.2347269e-02 
3.8016000e+04 6.4794257e-02 
3.8144000e+04 6.6514596e-02 
3.8272000e+04 7.0342205e-02 
3.8400000e+04 8.1775233e-02 
3.8528000e+04 7.7845462e-02 
3.8656000e+04 7.1116939e-02 
3.8784000e+04 7.0207864e-02 
3.8912000e+04 6.2357631e-02 
3.9040000e+04 5.8745362e-02 
3.9168000e+04 6.8168171e-02 
3.9296000e+04 6.0838670e-02 
3.9424000e+04 7.8177646e-02 
3.9552000e+04 8.4259689e-02 
3.9680000e+04 8.2951523e-02 
3.9808000e+04 8.2710385e-02 
3.9936000e+04 9.1207944e-02 
4.0064000e+04 8.9446090e-02 
4.0192000e+04 6.3994326e-02 
4.0320000e+04 7.2038174e-02 
4.0448000e+04 8.6041346e-02 
4.0576000e+04 9.1526493e-02 
4.0704000e+04 8.9611955e-02 
4.0832000e+04 8.4629364e-02 
4.0960000e+04 8.0672696e-02 
4.1088000e+04 6.9035396e-02 
4.1216000e+04 6.4283639e-02 
4.1344000e+04 7.9831220e-02 
4.1472000e+04 5.5626392e-02 
4.1600000e+04 8.1712268e-03 
4.1728000e+04 9.2693663e-05 
4.1856000e+04 2.4152789e-03 
4.1984000e+04 2.4276204e-02 
4.2112000e+04 6.2239975e-02 
4.2240000e+04 7.6875046e-02 
4.2368000e+04 7.8056447e-02 
4.2496000e+04 6.4826690e-02 
4.2624000e+04 6.5823995e-02 
4.2752000e+04 7.9538010e-02 
4.2880000e+04 7.6959766e-02 
4.3008000e+04 7.3246360e-02 
4.3136000e+04 7.7923149e-02 
4.3264000e+04 9.2008345e-02 
4.3392000e+04 1.1125894e-01 
4.3520000e+04 8.9872383e-02 
4.3648000e+04 8.0170527e-02 
4.3776000e+04 8.0143072e-02 
4.3904000e+04 8.2643941e-02 
4.4032000e+04 9.4455980e-02 
4.4160000e+04 8.6442992e-02 
4.4288000e+04 1.8594787e-02 
4.4416000e+04 7.0728795e-03 
4.4544000e+04 5.2696345e-03 
4.4672000e+04 9.2638992e-03 
4.4800000e+04 7.1563005e-02 
4.4928000e+04 1.0369796e-01 
4.5056000e+04 1.0381405e-01 
4.5184000e+04 1.0269776e-01 
4.5312000e+04 9.7569495e-02 
4.5440000e+04 1.0259485e-01 
4.5568000e+04 9.9524923e-02 
4.5696000e+04 8.8664122e-02 
4.5824000e+04 8.3530664e-02 
4.5952000e+04 8.3805636e-02 
4.6080000e+04 8.2611755e-02 
4.6208000e+04 8.6761430e-02 
4.6336000e+04 9.3433253e-02 
4.6464000e+04 9.0489320e-02 
4.6592000e+04 9.3658857e-02 
4.6720000e+04 1.0656212e-01 
4.6848000e+04 9.8074436e-02 
4.6976000e+04 7.4396841e-02 
4.7104000e+04 6.9934323e-02 
4.7232000e+04 9.2957094e-02 
4.7360000e+04 1.1325199e-01 
4.7488000e+04 1.1308172e-01 
4.7616000e+04 9.8791078e-02 
4.7744000e+04 1.0192977e-01 
4.7872000e+04 1.1903290e-01 
4.8000000e+04 1.1978292e-01 
4.8128000e+04 1.1181091e-01 
4.8256000e+04 1.1357331e-01 
4.8384000e+04 1.1623668e-01 
4.8512000e+04 1.1478946e-01 
4.8640000e+04 1.1063062e-01 
4.8768000e+04 1.2216929e-01 
4.8896000e+04 1.3595808e-01 
4.9024000e+04 1.2963951e-01 
4.9152000e+04 1.1331392e-01 
4.9280000e+04 1.0745344e-01 
4.9408000e+04 9.6316986e-02 
4.9536000e+04 8.9728512e-02 
4.9664000e+04 1.0122167e-01 
4.9792000e+04 1.1851942e-01 
4.9920000e+04 1.1850409e-01 
5.0048000e+04 1.1021628e-01 
5.0176000e+04 1.0894909e-01 
5.0304000e+04 9.8153822e-02 
5.0432000e+04 1.0041185e-01 
5.0560000e+04 1.0122333e-01 
5.0688000e+04 1.1663831e-01 
5.0816000e+04 1.2676930e-01 
5.0944000e+04 1.0562164e-01 
5.1072000e+04 1.0784249e-01 
5.1200000e+04 1.1204287e-01 
5.1328000e+04 1.0478730e-01 
5.1456000e+04 1.0811095e-01 
5.1584000e+04 1.2165083e-01 
5.1712000e+04 1.3767058e-01 
5.1840000e+04 1.2409968e-01 
5.1968000e+04 1.0001559e-01 
5.2096000e+04 1.0150850e-01 
5.2224000e+04 1.1735012e-01 
5.2352000e+04 1.2857929e-01 
5.2480000e+04 1.2506430e-01 
5.2608000e+04 1.0986470e-01 
5.2736000e+04 1.1215228e-01 
5.2864000e+04 1.2335650e-01 
5.2992000e+04 1.2378874e-01 
5.3120000e+04 1.1507597e-01 
5.3248000e+04 9.0644166e-02 
5.3376000e+04 9.6481368e-02 
5.3504000e+04 1.1735435e-01 
5.3632000e+04 1.3351177e-01 
5.3760000e+04 1.4403173e-01 
5.3888000e+04 1.3076851e-01 
5.4016000e+04 1.2302481e-01 
5.4144000e+04 1.1035610e-01 
5.4272000e+04 1.0733460e-01 
5.4400000e+04 1.2903208e-01 
5.4528000e+04 1.2767175e-01 
5.4656000e+04 1.2028721e-01 
5.4784000e+04 1.3293481e-01 
5.4912000e+04 1.3815117e-01 
5.5040000e+04 1.2859073e-01 
5.5168000e+04 1.4171860e-01 
5.5296000e+04 1.4261076e-01 
5.5424000e+04 1.2965605e-01 
5.5552000e+04 1.2968114e-01 
5.5680000e+04 1.4421304e-01 
5.5808000e+04 1.5266301e-01 
5.5936000e+04 1.3042428e-01 
5.6064000e+04 1.1187726e-01 
5.6192000e+04 1.2940039e-01 
5.6320000e+04 1.4250860e-01 
5.6448000e+04 1.4622900e-01 
5.6576000e+04 1.4059483e-01 
5.6704000e+04 1.1702860e-01 
5.6832000e+04 1.2001690e-01 
5.6960000e+04 1.3026749e-01 
5.7088000e+04 1.2676963e-01 
5.7216000e+04 1.1695188e-01 
5.7344000e+04 1.1939108e-01 
5.7472000e+04 1.3100348e-01 
5.7600000e+04 1.3538168e-01 
5.7728000e+04 1.2235218e-01 
5.7856000e+04 1.1355032e-01 
5.7984000e+04 1.2077164e-01 
5.8112000e+04 1.3246740e-01 
5.8240000e+04 1.4466369e-01 
5.8368000e+04 1.5319613e-01 
5.8496000e+04 1.3444072e-01 
5.8624000e+04 1.0672954e-01 
5.8752000e+04 1.3718268e-01 
5.8880000e+04 1.1900423e-01 
5.9008000e+04 1.2803130e-01 
5.9136000e+04 1.4963050e-01 
5.9264000e+04 1.4515868e-01 
5.9392000e+04 1.5132628e-01 
5.9520000e+04 1.4688309e-01 
5.9648000e+04 1.4237311e-01 
5.9776000e+04 1.4435469e-01 
5.9904000e+04 1.1749802e-01 
6.0032000e+04 9.4971977e-02 
6.0160000e+04 1.2048165e-01 
6.0288000e+04 1.3845672e-01 
6.0416000e+04 1.4734522e-01 
6.0544000e+04 1.5637127e-01 
6.0672000e+04 1.5527436e-01 
6.0800000e+04 1.5920024e-01 
6.0928000e+04 1.5123977e-01 
6.1056000e+04 1.3099107e-01 
6.1184000e+04 1.2223755e-01 
6.1312000e+04 1.2738334e-01 
6.1440000e+04 1.3471499e-01 
6.1568000e+04 1.4261092e-01 
6.1696000e+04 1.4098635e-01 
6.1824000e+04 1.4182945e-01 
6.1952000e+04 1.3813053e-01 
6.2080000e+04 1.4030553e-01 
6.2208000e+04 1.5335995e-01 
6.2336000e+04 1.3689752e-01 
6.2464000e+04 1.2328304e-01 
6.2592000e+04 1.1816908e-01 
6.2720000e+04 1.2382164e-01 
6.2848000e+04 1.1794708e-01 
6.2976000e+04 1.1347462e-01 
6.3104000e+04 1.3319862e-01 
6.3232000e+04 1.2382458e-01 
6.3360000e+04 1.1363326e-01 
6.3488000e+04 1.2224547e-01 
6.3616000e+04 1.2311301e-01 
6.3744000e+04 1.1370621e-01 
6.3872000e+04 9.4940461e-02 
6.4000000e+04 9.2475809e-02 
6.4128000e+04 1.1632551e-01 
6.4256000e+04 1.5148869e-01 
6.4384000e+04 1.5633650e-01 
6.4512000e+04 1.5279815e-01 
6.4640000e+04 1.2190568e-01 
6.4768000e+04 5.1347271e-02 
6.4896000e+04 1.7897792e-02 
6.5024000e+04 1.1664748e-02 
6.5152000e+04 6.0623973e-03 
6.5280000e+04 3.7854090e-03 
6.5408000e+04 4.2249300e-03 
6.5536000e+04 1.4430747e-02 
6.5664000e+04 6.7777343e-02 
6.5792000e+04 1.0772301e-01 
6.5920000e+04 1.2011264e-01 
6.6048000e+04 1.1354916e-01 
6.6176000e+04 8.6695656e-02 
6.6304000e+04 9.8080495e-03 
6.6432000e+04 3.5400919e-03 
6.6560000e+04 3.0015188e-03 
6.6688000e+04 3.1848615e-03 
6.6816000e+04 2.1759236e-02 
6.6944000e+04 1.0602730e-01 
6.7072000e+04 1.2276173e-01 
6.7200000e+04 1.3817972e-01 
6.7328000e+04 1.2946455e-01 
6.7456000e+04 1.2145265e-01 
6.7584000e+04 1.1617712e-01 
6.7712000e+04 1.2474888e-01 
6.7840000e+04 1.4476176e-01 
6.7968000e+04 1.5989260e-01 
6.8096000e+04 1.5372053e-01 
6.8224000e+04 1.4130549e-01 
6.8352000e+04 1.4502405e-01 
6.8480000e+04 1.4532740e-01 
6.8608000e+04 1.4264154e-01 
6.8736000e+04 1.4454125e-01 
6.8864000e+04 1.5305232e-01 
6.8992000e+04 1.6100128e-01 
6.9120000e+04 1.5821981e-01 
6.9248000e+04 1.5512514e-01 
6.9376000e+04 1.5130082e-01 
6.9504000e+04 1.5176313e-01 
6.9632000e+04 1.4815688e-01 
6.9760000e+04 1.4919215e-01 
6.9888000e+04 1.5129262e-01 
7.0016000e+04 1.4278597e-01 
7.0144000e+04 1.3687658e-01 
7.0272000e+04 1.4003368e-01 
7.0400000e+04 1.4218241e-01 
7.0528000e+04 1.6274831e-01 
7.0656000e+04 1.9666141e-01 
7.0784000e+04 2.0692600e-01 
7.0912000e+04 1.7845981e-01 
7.1040000e+04 1.6429688e-01 
7.1168000e+04 1.4651395e-01 
7.1296000e+04 1.6256616e-01 
7.1424000e+04 1.8362415e-01 
7.1552000e+04 1.7741467e-01 
7.1680000e+04 1.7323339e-01 
7.1808000e+04 1.6549614e-01 
7.1936000e+04 1.5418009e-01 
7.2064000e+04 1.5798868e-01 
7.2192000e+04 1.5191256e-01 
7.2320000e+04 1.4410472e-01 
7.2448000e+04 1.4849055e-01 
7.2576000e+04 1.5015657e-01 
7.2704000e+04 1.7361435e-01 
7.2832000e+04 1.8685037e-01 
7.2960000e+04 1.8262397e-01 
7.3088000e+04 1.7049102e-01 
7.3216000e+04 1.5773626e-01 
7.3344000e+04 1.6562335e-01 
7.3472000e+04 1.9296171e-01 
7.3600000e+04 1.8253222e-01 
7.3728000e+04 1.5923941e-01 
7.3856000e+04 1.6375132e-01 
7.3984000e+04 1.6967165e-01 
7.4112000e+04 1.6191046e-01 
7.4240000e+04 1.6346323e-01 
7.4368000e+04 1.5367518e-01 
7.4496000e+04 1.2627944e-01 
7.4624000e+04 1.3051240e-01 
7.4752000e+04 1.6000390e-01 
7.4880000e+04 1.5837444e-01 
7.5008000e+04 1.3651979e-01 
7.5136000e+04 1.4066862e-01 
7.5264000e+04 1.5176615e-01 
7.5392000e+04 1.5337890e-01 
7.5520000e+04 1.4283678e-01 
7.5648000e+04 1.3143602e-01 
7.5776000e+04 1.1502311e-01 
7.5904000e+04 1.1390272e-01 
7.6032000e+04 1.1217839e-01 
7.6160000e+04 1.0939442e-01 
7.6288000e+04 1.0626710e-01 
7.6416000e+04 1.2911227e-01 
7.6544000e+04 7.8641333e-02 
7.6672000e+04 1.7352518e-02 
7.6800000e+04 8.9912387e-03 
7.6928000e+04 1.4944113e-02 
7.7056000e+04 3.5450548e-02 
7.7184000e+04 5.6219272e-02 
7.7312000e+04 6.8485714e-02 
7.7440000e+04 7.6525785e-02 
7.7568000e+04 1.0214153e-01 
7.7696000e+04 1.3081828e-01 
7.7824000e+04 1.3204409e-01 
7.7952000e+04 1.3582173e-01 
7.8080000e+04 1.5766251e-01 
7.8208000e+04 1.8367583e-01 
7.8336000e+04 2.4226485e-01 
7.8464000e+04 1.8925755e-01 
7.8592000e+04 1.4674897e-01 
7.8720000e+04 1.5763946e-01 
7.8848000e+04 1.6272265e-01 
7.8976000e+04 1.7374970e-01 
7.9104000e+04 1.8675505e-01 
7.9232000e+04 1.7274001e-01 
7.9360000e+04 1.5660559e-01 
7.9488000e+04 1.3931498e-01 
7.9616000e+04 1.3193619e-01 
7.9744000e+04 1.4739895e-01 
7.9872000e+04 1.5858878e-01 
8.0000000e+04 1.5893018e-01 
8.0128000e+04 1.6969860e-01 
8.0256000e+04 1.6596660e-01 
8.0384000e+04 1.5712395e-01 
8.0512000e+04 1.4581446e-01 
8.0640000e+04 1.6384310e-01 
8.0768000e+04 1.5875535e-01 
8.0896000e+04 1.2460209e-01 
8.1024000e+04 1.0670789e-01 
8.1152000e+04 9.6026890e-02 
8.1280000e+04 9.0241782e-02 
8.1408000e+04 6.7325406e-02 
8.1536000e+04 2.4270466e-02 
8.1664000e+04 1.3191216e-02 
8.1792000e+04 1.7489955e-02 
8.1920000e+04 3.4119930e-02 
8.2048000e+04 3.4707066e-02 
8.2176000e+04 3.6817845e-02 
8.2304000e+04 3.2633945e-02 
8.2432000e+04 2.6049526e-02 
8.2560000e+04 2.7688446e-02 
8.2688000e+04 2.9937739e-02 
8.2816000e+04 1.8788235e-02 
8.2944000e+04 3.2610528e-03 
8.3072000e+04 1.0864090e-03 
8.3200000e+04 3.1539798e-03 
8.3328000e+04 5.2770204e-03 
8.3456000e+04 6.2664025e-03 
8.3584000e+04 5.2592847e-03 
8.3712000e+04 7.6626469e-03 
8.3840000e+04 1.8677704e-02 
8.3968000e+04 2.3564609e-02 
8.4096000e+04 3.8809702e-03 
8.4224000e+04 3.5758960e-04 
8.4352000e+04 4.2698387e-04 
8.4480000e+04 1.4057045e-03 
8.4608000e+04 1.3206454e-02 
8.4736000e+04 1.9911734e-02 
8.4864000e+04 2.2403689e-02 
8.4992000e+04 2.1650346e-02 
8.5120000e+04 2.0689975e-02 
8.5248000e+04 2.4722574e-02 
8.5376000e+04 2.6810341e-02 
8.5504000e+04 2.3059579e-02 
8.5632000e+04 2.5432503e-02 
8.5760000e+04 3.2187086e-02 
8.5888000e+04 3.0197997e-02 
8.6016000e+04 1.9776424e-02 
8.6144000e+04 1.6594687e-02 
8.6272000e+04 2.5417987e-02 
8.6400000e+04 2.4471857e-02 
8.6528000e+04 2.2926791e-02 
8.6656000e+04 3.3370268e-02 
8.6784000e+04 3.9625548e-02 
8.6912000e+04 2.9149478e-02 
8.7040000e+04 8.9001041e-03 
8.7168000e+04 1.0914861e-03 
8.7296000e+04 1.0317162e-04 
8.7424000e+04 1.3363609e-04 
8.7552000e+04 6.8673468e-04 
8.7680000e+04 7.3299528e-04 
8.7808000e+04 4.6699471e-03 
8.7936000e+04 1.1078775e-02 
8.8064000e+04 2.9436065e-02 
8.8192000e+04 6.7713886e-02 
8.8320000e+04 1.1285834e-01 
8.8448000e+04 1.5682296e-01 
8.8576000e+04 2.0071509e-01 
8.8704000e+04 2.2087806e-01 
8.8832000e+04 1.6426167e-01 
8.8960000e+04 1.1191282e-01 
8.9088000e+04 1.0715260e-01 
8.9216000e+04 7.5873248e-02 
8.9344000e+04 4.1110460e-02 
8.9472000e+04 3.9763261e-02 
8.9600000e+04 3.7819281e-02 
8.9728000e+04 4.5207407e-02 
8.9856000e+04 4.3879323e-02 
8.9984000e+04 6.6752486e-02 
9.0112000e+04 1.4461796e-01 
9.0240000e+04 2.4452159e-01 
9.0368000e+04 2.3301686e-01 
9.0496000e+04 2.7828413e-01 
9.0624000e+04 2.8978899e-01 
9.0752000e+04 2.1356274e-01 
9.0880000e+04 2.2297649e-01 
9.1008000e+04 2.0528191e-01 
9.1136000e+04 1.8870474e-01 
9.1264000e+04 2.8137693e-01 
9.1392000e+04 3.0893564e-01 
9.1520000e+04 3.3597043e-01 
9.1648000e+04 2.7599347e-01 
9.1776000e+04 1.7541918e-01 
9.1904000e+04 1.0816150e-01 
9.2032000e+04 2.7327418e-02 
9.2160000e+04 2.3847548e-02 
9.2288000e+04 1.1149198e-01 
9.2416000e+04 1.5434092e-01 
9.2544000e+04 2.0792790e-01 
9.2672000e+04 2.9872534e-01 
9.2800000e+04 2.9404840e-01 
9.2928000e+04 2.5594717e-01 
9.3056000e+04 2.9837310e-01 
9.3184000e+04 3.1260526e-01 
9.3312000e+04 2.1139655e-01 
9.3440000e+04 1.6496468e-01 
9.3568000e+04 2.6944074e-01 
9.3696000e+04 2.8931171e-01 
9.3824000e+04 1.7740539e-01 
9.3952000e+04 1.5742205e-01 
9.4080000e+04 2.6224297e-01 
9.4208000e+04 3.1688255e-01 
9.4336000e+04 2.8987613e-01 
9.4464000e+04 2.0956206e-01 
9.4592000e+04 1.7347729e-01 
9.4720000e+04 2.9954544e-01 
9.4848000e+04 3.1089464e-01 
9.4976000e+04 2.2037792e-01 
9.5104000e+04 2.0628789e-01 
9.5232000e+04 3.0589712e-01 
9.5360000e+04 3.2997954e-01 
9.5488000e+04 3.2423458e-01 
9.5616000e+04 2.9301131e-01 
9.5744000e+04 1.4029798e-01 
9.5872000e+04 1.3532223e-01 
9.6000000e+04 2.4503894e-01 
9.6128000e+04 3.5922295e-01 
9.6256000e+04 3.8498360e-01 
9.6384000e+04 2.8552619e-01 
9.6512000e+04 1.6587411e-01 
9.6640000e+04 2.1501583e-01 
9.6768000e+04 3.0476749e-01 
9.6896000e+04 3.3447185e-01 
9.7024000e+04 3.1546366e-01 
9.7152000e+04 2.7893075e-01 
9.7280000e+04 2.2940068e-01 
9.7408000e+04 9.4920136e-02 
9.7536000e+04 1.5309298e-03 
9.7664000e+04 5.2402191e-02 
9.7792000e+04 1.3335641e-01 
9.7920000e+04 1.2586130e-01 
9.8048000e+04 1.9802547e-01 
9.8176000e+04 2.3264521e-01 
9.8304000e+04 2.2129081e-01 
9.8432000e+04 1.9826768e-01 
9.8560000e+04 1.3248819e-01 
9.8688000e+04 6.0760584e-02 
9.8816000e+04 5.2415837e-02 
9.8944000e+04 7.1446225e-02 
9.9072000e+04 1.0712785e-01 
9.9200000e+04 1.5175094e-01 
9.9328000e+04 1.8831407e-01 
9.9456000e+04 2.3009446e-01 
9.9584000e+04 2.7211335e-01 
9.9712000e+04 2.8942254e-01 
9.9840000e+04 2.5792444e-01 
9.9968000e+04 2.1061409e-01 
1.0009600e+05 2.0764497e-01 
1.0022400e+05 2.5692743e-01 
1.0035200e+05 2.5810763e-01 
1.0048000e+05 2.1353136e-01 
1.0060800e+05 1.6165073e-01 
1.0073600e+05 1.3766760e-01 
1.0086400e+05 9.2571855e-02 
1.0099200e+05 5.3285997e-02 
1.0112000e+05 4.5151029e-02 
1.0124800e+05 3.9319288e-02 
1.0137600e+05 3.0105790e-02 
1.0150400e+05 3.7993286e-02 
1.0163200e+05 3.9268978e-02 
1.0176000e+05 3.0140601e-02 
1.0188800e+05 3.5182890e-02 
1.0201600e+05 4.4986140e-02 
1.0214400e+05 7.7789523e-02 
1.0227200e+05 1.0647910e-01 
1.0240000e+05 9.4480529e-02 
