0.0000000e+00 1.0889916e-06 
1.2800000e+02 5.0445527e-07 
2.5600000e+02 4.2494769e-08 
3.8400000e+02 3.2977740e-10 
5.1200000e+02 7.0167054e-12 
6.4000000e+02 1.0999701e-11 
7.6800000e+02 2.6340544e-12 
8.9600000e+02 6.4259682e-13 
1.0240000e+03 4.0535878e-12 
1.1520000e+03 5.8241311e-12 
1.2800000e+03 3.3742130e-12 
1.4080000e+03 3.2796908e-12 
1.5360000e+03 2.3101178e-12 
1.6640000e+03 2.9379364e-12 
1.7920000e+03 1.8877883e-12 
1.9200000e+03 6.6136940e-13 
2.0480000e+03 3.9187046e-13 
2.1760000e+03 1.1982579e-13 
2.3040000e+03 4.3266264e-13 
2.4320000e+03 4.0343710e-13 
2.5600000e+03 6.0149238e-13 
2.6880000e+03 6.9348910e-13 
2.8160000e+03 3.7285737e-13 
2.9440000e+03 2.6297603e-13 
3.0720000e+03 9.8133762e-13 
3.2000000e+03 1.0243232e-12 
3.3280000e+03 1.1244880e-12 
3.4560000e+03 6.6748855e-12 
3.5840000e+03 2.6025185e-11 
3.7120000e+03 3.8887445e-11 
3.8400000e+03 1.3642512e-11 
3.9680000e+03 9.0811999e-13 
4.0960000e+03 2.0630256e-13 
4.2240000e+03 1.6523335e-13 
4.3520000e+03 3.4537051e-13 
4.4800000e+03 3.2432371e-13 
4.6080000e+03 1.2725429e-13 
4.7360000e+03 6.3166323e-14 
4.8640000e+03 8.0612004e-14 
4.9920000e+03 1.6616336e-13 
5.1200000e+03 1.3785891e-13 
5.2480000e+03 1.5100234e-13 
5.3760000e+03 2.8430654e-13 
5.5040000e+03 1.9891256e-13 
5.6320000e+03 1.4669303e-13 
5.7600000e+03 1.5181626e-13 
5.8880000e+03 4.9096500e-14 
6.0160000e+03 2.5819013e-14 
6.1440000e+03 1.6496108e-13 
6.2720000e+03 1.4741410e-13 
6.4000000e+03 2.0604630e-14 
6.5280000e+03 1.1372744e-13 
6.6560000e+03 1.2042644e-13 
6.7840000e+03 8.8150881e-14 
6.9120000e+03 7.1289789e-14 
7.0400000e+03 6.4267724e-14 
7.1680000e+03 8.1883712e-14 
7.2960000e+03 1.2199066e-13 
7.4240000e+03 1.0547221e-13 
7.5520000e+03 1.4498515e-13 
7.6800000e+03 1.5639382e-13 
7.8080000e+03 2.2041140e-13 
7.9360000e+03 2.3793229e-13 
8.0640000e+03 1.9480169e-13 
8.1920000e+03 1.5593910e-13 
8.3200000e+03 1.2234559e-13 
8.4480000e+03 5.8132955e-14 
8.5760000e+03 3.5101313e-14 
8.7040000e+03 4.8709799e-14 
8.8320000e+03 4.2996714e-14 
8.9600000e+03 1.0845765e-13 
9.0880000e+03 1.2216599e-13 
9.2160000e+03 1.8096082e-13 
9.3440000e+03 1.5263723e-13 
9.4720000e+03 1.2957129e-13 
9.6000000e+03 7.7041794e-14 
9.7280000e+03 5.3091988e-14 
9.8560000e+03 1.7398847e-13 
9.9840000e+03 2.2311799e-13 
1.0112000e+04 1.7353480e-13 
1.0240000e+04 1.9355832e-13 
1.0368000e+04 2.0695959e-13 
1.0496000e+04 2.1338858e-13 
1.0624000e+04 1.6044953e-13 
1.0752000e+04 9.6122763e-14 
1.0880000e+04 9.3430675e-14 
1.1008000e+04 9.9978924e-14 
1.1136000e+04 1.1997930e-13 
1.1264000e+04 1.1104764e-13 
1.1392000e+04 1.8061544e-13 
1.1520000e+04 1.9172915e-13 
1.1648000e+04 1.5681370e-13 
1.1776000e+04 1.4938135e-13 
1.1904000e+04 1.4566617e-13 
1.2032000e+04 1.5289286e-13 
1.2160000e+04 1.9190690e-13 
1.2288000e+04 1.5734145e-13 
1.2416000e+04 1.2352528e-13 
1.2544000e+04 1.3324354e-13 
1.2672000e+04 1.2077469e-13 
1.2800000e+04 1.0572195e-13 
1.2928000e+04 1.0482201e-13 
1.3056000e+04 1.3584965e-13 
1.3184000e+04 1.5938726e-13 
1.3312000e+04 2.0939198e-13 
1.3440000e+04 2.4240177e-13 
1.3568000e+04 1.7666690e-13 
1.3696000e+04 1.3682444e-13 
1.3824000e+04 1.4783391e-13 
1.3952000e+04 1.4430575e-13 
1.4080000e+04 1.1273882e-13 
1.4208000e+04 1.4091563e-13 
1.4336000e+04 1.8935926e-13 
1.4464000e+04 6.5837282e-13 
1.4592000e+04 8.8701372e-13 
1.4720000e+04 3.6470853e-13 
1.4848000e+04 6.5525744e-14 
1.4976000e+04 1.4222628e-13 
1.5104000e+04 1.5021621e-13 
1.5232000e+04 2.9518656e-13 
1.5360000e+04 1.0544998e-12 
1.5488000e+04 2.6350669e-12 
1.5616000e+04 1.5593602e-12 
1.5744000e+04 2.7940351e-13 
1.5872000e+04 1.3384588e-13 
1.6000000e+04 9.8886767e-14 
1.6128000e+04 1.0576955e-13 
1.6256000e+04 1.3706863e-13 
1.6384000e+04 1.6472723e-13 
1.6512000e+04 1.6564095e-13 
1.6640000e+04 1.6939958e-13 
1.6768000e+04 1.5074393e-13 
1.6896000e+04 1.4828420e-13 
1.7024000e+04 1.4030858e-13 
1.7152000e+04 1.3263576e-13 
1.7280000e+04 1.6557513e-13 
1.7408000e+04 1.6838192e-13 
1.7536000e+04 1.3682805e-13 
1.7664000e+04 1.4074060e-13 
1.7792000e+04 1.6291704e-13 
1.7920000e+04 1.5794413e-13 
1.8048000e+04 1.4883128e-13 
1.8176000e+04 1.5825832e-13 
1.8304000e+04 1.8912197e-13 
1.8432000e+04 1.8215369e-13 
1.8560000e+04 1.7816174e-13 
1.8688000e+04 1.8650724e-13 
1.8816000e+04 1.7812340e-13 
1.8944000e+04 1.4916205e-13 
1.9072000e+04 1.2242272e-13 
1.9200000e+04 1.2501221e-13 
1.9328000e+04 1.5349671e-13 
1.9456000e+04 2.1340404e-13 
1.9584000e+04 4.4118127e-13 
1.9712000e+04 3.1825427e-13 
1.9840000e+04 1.7534701e-13 
1.9968000e+04 7.8353468e-14 
2.0096000e+04 2.8573040e-13 
2.0224000e+04 5.6347109e-13 
2.0352000e+04 1.5366297e-13 
2.0480000e+04 1.4446238e-13 
2.0608000e+04 2.1218911e-13 
2.0736000e+04 2.5291363e-13 
2.0864000e+04 2.0558623e-13 
2.0992000e+04 1.8923123e-13 
2.1120000e+04 1.8131922e-13 
2.1248000e+04 1.8022163e-13 
2.1376000e+04 1.7148126e-13 
2.1504000e+04 1.9404645e-13 
2.1632000e+04 2.3564757e-13 
2.1760000e+04 2.2085277e-13 
2.1888000e+04 1.8837632e-13 
2.2016000e+04 1.9045853e-13 
2.2144000e+04 2.0065508e-13 
2.2272000e+04 1.8842390e-13 
2.2400000e+04 1.6784921e-13 
2.2528000e+04 1.5485635e-13 
2.2656000e+04 1.1250067e-13 
2.2784000e+04 1.2142461e-13 
2.2912000e+04 1.5617589e-13 
2.3040000e+04 1.8350587e-13 
2.3168000e+04 2.1950287e-13 
2.3296000e+04 2.2598034e-13 
2.3424000e+04 2.1859471e-13 
2.3552000e+04 1.7846480e-13 
2.3680000e+04 1.3390321e-13 
2.3808000e+04 1.4062444e-13 
2.3936000e+04 1.7419798e-13 
2.4064000e+04 1.7911220e-13 
2.4192000e+04 1.8729236e-13 
2.4320000e+04 2.1812146e-13 
2.4448000e+04 1.9222701e-13 
2.4576000e+04 1.6153769e-13 
2.4704000e+04 1.4233126e-13 
2.4832000e+04 1.3717372e-13 
2.4960000e+04 1.5875781e-13 
2.5088000e+04 1.8770368e-13 
2.5216000e+04 1.8028537e-13 
2.5344000e+04 1.7395486e-13 
2.5472000e+04 1.8757348e-13 
2.5600000e+04 2.0223340e-13 
2.5728000e+04 2.0066743e-13 
2.5856000e+04 1.7927984e-13 
2.5984000e+04 1.5052362e-13 
2.6112000e+04 1.7054882e-13 
2.6240000e+04 2.4005567e-13 
2.6368000e+04 2.4914979e-13 
2.6496000e+04 1.9346567e-13 
2.6624000e+04 1.6932149e-13 
2.6752000e+04 1.9221563e-13 
2.6880000e+04 2.0658318e-13 
2.7008000e+04 2.0064848e-13 
2.7136000e+04 2.3642140e-13 
2.7264000e+04 1.8842308e-13 
2.7392000e+04 1.5365690e-13 
2.7520000e+04 1.6228148e-13 
2.7648000e+04 1.7941886e-13 
2.7776000e+04 2.0944993e-13 
2.7904000e+04 2.5993259e-13 
2.8032000e+04 2.4084082e-13 
2.8160000e+04 1.7063797e-13 
2.8288000e+04 9.3439915e-13 
2.8416000e+04 4.5927233e-12 
2.8544000e+04 6.0954605e-12 
2.8672000e+04 2.7768718e-12 
2.8800000e+04 4.8175797e-13 
2.8928000e+04 9.8618305e-14 
2.9056000e+04 1.9050705e-13 
2.9184000e+04 2.0629531e-13 
2.9312000e+04 1.6350373e-13 
2.9440000e+04 2.1156194e-13 
2.9568000e+04 2.5370293e-13 
2.9696000e+04 2.3037754e-13 
2.9824000e+04 2.2699991e-13 
2.9952000e+04 2.3978749e-13 
3.0080000e+04 2.3771244e-13 
3.0208000e+04 2.4897532e-13 
3.0336000e+04 2.3072787e-13 
3.0464000e+04 2.1364270e-13 
3.0592000e+04 1.9863363e-13 
3.0720000e+04 2.0256408e-13 
3.0848000e+04 2.3185335e-13 
3.0976000e+04 2.2427578e-13 
3.1104000e+04 2.1274338e-13 
3.1232000e+04 2.1260141e-13 
3.1360000e+04 1.8796973e-13 
3.1488000e+04 1.9308964e-13 
3.1616000e+04 2.0358392e-13 
3.1744000e+04 2.2011201e-13 
3.1872000e+04 2.4410576e-13 
3.2000000e+04 2.2497079e-13 
3.2128000e+04 2.1527117e-13 
3.2256000e+04 2.1385252e-13 
3.2384000e+04 2.0487416e-13 
3.2512000e+04 2.0109752e-13 
3.2640000e+04 2.3144643e-13 
3.2768000e+04 2.5358039e-13 
3.2896000e+04 2.1881371e-13 
3.3024000e+04 2.0514563e-13 
3.3152000e+04 2.0450021e-13 
3.3280000e+04 2.0788831e-13 
3.3408000e+04 2.3834279e-13 
3.3536000e+04 2.3210297e-13 
3.3664000e+04 2.0215615e-13 
3.3792000e+04 2.0409824e-13 
3.3920000e+04 1.9255570e-13 
3.4048000e+04 1.9004534e-13 
3.4176000e+04 2.1565394e-13 
3.4304000e+04 2.3364476e-13 
3.4432000e+04 2.5731395e-13 
3.4560000e+04 2.3100770e-13 
3.4688000e+04 1.9854642e-13 
3.4816000e+04 1.9386501e-13 
3.4944000e+04 2.0058812e-13 
3.5072000e+04 2.2326894e-13 
3.5200000e+04 2.1879930e-13 
3.5328000e+04 2.2305137e-13 
3.5456000e+04 2.3023591e-13 
3.5584000e+04 2.0722653e-13 
3.5712000e+04 1.9825800e-13 
3.5840000e+04 1.9495019e-13 
3.5968000e+04 1.8498868e-13 
3.6096000e+04 2.0564086e-13 
3.6224000e+04 2.4060135e-13 
3.6352000e+04 2.2213829e-13 
3.6480000e+04 1.9557750e-13 
3.6608000e+04 2.0267486e-13 
3.6736000e+04 2.1173669e-13 
3.6864000e+04 2.0750703e-13 
3.6992000e+04 2.1777591e-13 
3.7120000e+04 2.3443208e-13 
3.7248000e+04 2.5529175e-13 
3.7376000e+04 2.3752772e-13 
3.7504000e+04 1.8654493e-13 
3.7632000e+04 1.8164162e-13 
3.7760000e+04 1.8641593e-13 
3.7888000e+04 1.8818283e-13 
3.8016000e+04 2.0902721e-13 
3.8144000e+04 2.0727704e-13 
3.8272000e+04 2.1151828e-13 
3.8400000e+04 2.3097526e-13 
3.8528000e+04 2.2097211e-13 
3.8656000e+04 2.0558938e-13 
3.8784000e+04 2.0350079e-13 
3.8912000e+04 2.1113126e-13 
3.9040000e+04 3.5820804e-13 
3.9168000e+04 5.6593136e-13 
3.9296000e+04 4.1657004e-13 
3.9424000e+04 2.5781506e-13 
3.9552000e+04 2.2960179e-13 
3.9680000e+04 2.2863379e-13 
3.9808000e+04 2.3170474e-13 
3.9936000e+04 2.4371797e-13 
4.0064000e+04 2.3634198e-13 
4.0192000e+04 1.9492280e-13 
4.0320000e+04 2.0824881e-13 
4.0448000e+04 2.2994589e-13 
4.0576000e+04 2.4359223e-13 
4.0704000e+04 2.4091593e-13 
4.0832000e+04 2.2912634e-13 
4.0960000e+04 2.2680360e-13 
4.1088000e+04 2.1799457e-13 
4.1216000e+04 2.1905986e-13 
4.1344000e+04 2.6636316e-13 
4.1472000e+04 3.0421659e-13 
4.1600000e+04 1.9157764e-13 
4.1728000e+04 2.6429015e-14 
4.1856000e+04 1.0681779e-13 
4.1984000e+04 1.8452050e-13 
4.2112000e+04 1.9856866e-13 
4.2240000e+04 2.0588530e-13 
4.2368000e+04 2.0614996e-13 
4.2496000e+04 1.9109824e-13 
4.2624000e+04 1.9266399e-13 
4.2752000e+04 2.0649247e-13 
4.2880000e+04 2.0462778e-13 
4.3008000e+04 2.0414620e-13 
4.3136000e+04 2.1092180e-13 
4.3264000e+04 2.3293319e-13 
4.3392000e+04 2.5911193e-13 
4.3520000e+04 2.3101584e-13 
4.3648000e+04 2.2339301e-13 
4.3776000e+04 2.2539703e-13 
4.3904000e+04 2.2486262e-13 
4.4032000e+04 2.4286798e-13 
4.4160000e+04 2.6430990e-13 
4.4288000e+04 3.3467987e-13 
4.4416000e+04 4.3614922e-13 
4.4544000e+04 3.7991393e-13 
4.4672000e+04 2.4358580e-13 
4.4800000e+04 2.3550221e-13 
4.4928000e+04 2.4471224e-13 
4.5056000e+04 2.4998775e-13 
4.5184000e+04 2.4597235e-13 
4.5312000e+04 2.2887942e-13 
4.5440000e+04 2.3101329e-13 
4.5568000e+04 2.2972737e-13 
4.5696000e+04 2.1947010e-13 
4.5824000e+04 2.1279197e-13 
4.5952000e+04 2.1126621e-13 
4.6080000e+04 2.1714748e-13 
4.6208000e+04 2.2308124e-13 
4.6336000e+04 2.3175461e-13 
4.6464000e+04 2.2998427e-13 
4.6592000e+04 2.2898098e-13 
4.6720000e+04 2.3822611e-13 
4.6848000e+04 2.3026020e-13 
4.6976000e+04 1.9637192e-13 
4.7104000e+04 1.8865782e-13 
4.7232000e+04 2.2379367e-13 
4.7360000e+04 2.5387236e-13 
4.7488000e+04 2.5808411e-13 
4.7616000e+04 2.5198675e-13 
4.7744000e+04 2.6328283e-13 
4.7872000e+04 2.7059610e-13 
4.8000000e+04 2.5974372e-13 
4.8128000e+04 2.4728188e-13 
4.8256000e+04 2.5011842e-13 
4.8384000e+04 2.5214726e-13 
4.8512000e+04 2.5106767e-13 
4.8640000e+04 2.4567710e-13 
4.8768000e+04 2.5599290e-13 
4.8896000e+04 2.6333083e-13 
4.9024000e+04 2.5514660e-13 
4.9152000e+04 2.4456289e-13 
4.9280000e+04 2.4193646e-13 
4.9408000e+04 2.2784389e-13 
4.9536000e+04 2.1996319e-13 
4.9664000e+04 2.2874476e-13 
4.9792000e+04 2.4909290e-13 
4.9920000e+04 2.5635066e-13 
5.0048000e+04 2.5025302e-13 
5.0176000e+04 2.4276187e-13 
5.0304000e+04 2.2177372e-13 
5.0432000e+04 2.2515216e-13 
5.0560000e+04 2.2559411e-13 
5.0688000e+04 2.3690785e-13 
5.0816000e+04 2.4463808e-13 
5.0944000e+04 2.2755390e-13 
5.1072000e+04 2.4229373e-13 
5.1200000e+04 2.5363441e-13 
5.1328000e+04 2.3731188e-13 
5.1456000e+04 2.3339195e-13 
5.1584000e+04 2.4998113e-13 
5.1712000e+04 2.7588083e-13 
5.1840000e+04 2.6463743e-13 
5.1968000e+04 2.4025186e-13 
5.2096000e+04 2.4125420e-13 
5.2224000e+04 2.4856069e-13 
5.2352000e+04 2.5817084e-13 
5.2480000e+04 2.5689390e-13 
5.2608000e+04 2.3394662e-13 
5.2736000e+04 2.2909967e-13 
5.2864000e+04 2.3877918e-13 
5.2992000e+04 2.3816124e-13 
5.3120000e+04 2.3513274e-13 
5.3248000e+04 2.0678332e-13 
5.3376000e+04 2.1639396e-13 
5.3504000e+04 2.4677415e-13 
5.3632000e+04 2.5714958e-13 
5.3760000e+04 2.6226151e-13 
5.3888000e+04 2.5965306e-13 
5.4016000e+04 2.6195645e-13 
5.4144000e+04 2.4762367e-13 
5.4272000e+04 2.4149378e-13 
5.4400000e+04 2.7043691e-13 
5.4528000e+04 2.6740516e-13 
5.4656000e+04 2.5184179e-13 
5.4784000e+04 2.6144443e-13 
5.4912000e+04 2.6272205e-13 
5.5040000e+04 2.5058021e-13 
5.5168000e+04 2.6407262e-13 
5.5296000e+04 2.7298162e-13 
5.5424000e+04 2.6363227e-13 
5.5552000e+04 2.6076098e-13 
5.5680000e+04 2.8221658e-13 
5.5808000e+04 2.9310026e-13 
5.5936000e+04 2.6570770e-13 
5.6064000e+04 2.3533936e-13 
5.6192000e+04 2.5036844e-13 
5.6320000e+04 2.6401521e-13 
5.6448000e+04 2.6916490e-13 
5.6576000e+04 2.7306014e-13 
5.6704000e+04 2.5517294e-13 
5.6832000e+04 2.5154168e-13 
5.6960000e+04 2.6144270e-13 
5.7088000e+04 2.7479131e-13 
5.7216000e+04 2.6542080e-13 
5.7344000e+04 2.5303140e-13 
5.7472000e+04 2.5575692e-13 
5.7600000e+04 2.5828198e-13 
5.7728000e+04 2.4173095e-13 
5.7856000e+04 2.3289278e-13 
5.7984000e+04 2.4490628e-13 
5.8112000e+04 2.6016729e-13 
5.8240000e+04 2.7156521e-13 
5.8368000e+04 2.7534520e-13 
5.8496000e+04 2.7495549e-13 
5.8624000e+04 4.4256691e-13 
5.8752000e+04 7.8304962e-13 
5.8880000e+04 5.8481730e-13 
5.9008000e+04 3.2779628e-13 
5.9136000e+04 2.8735442e-13 
5.9264000e+04 2.7825303e-13 
5.9392000e+04 2.8196878e-13 
5.9520000e+04 2.7271078e-13 
5.9648000e+04 2.6820554e-13 
5.9776000e+04 2.7739161e-13 
5.9904000e+04 2.8055442e-13 
6.0032000e+04 2.7244204e-13 
6.0160000e+04 2.7107426e-13 
6.0288000e+04 2.6218491e-13 
6.0416000e+04 2.7354508e-13 
6.0544000e+04 2.8908668e-13 
6.0672000e+04 2.8183941e-13 
6.0800000e+04 2.8375517e-13 
6.0928000e+04 2.8449891e-13 
6.1056000e+04 2.6010216e-13 
6.1184000e+04 2.4109162e-13 
6.1312000e+04 2.4402911e-13 
6.1440000e+04 2.5054720e-13 
6.1568000e+04 2.6887897e-13 
6.1696000e+04 2.7728988e-13 
6.1824000e+04 2.7585659e-13 
6.1952000e+04 2.7781954e-13 
6.2080000e+04 2.8910129e-13 
6.2208000e+04 3.0007518e-13 
6.2336000e+04 2.7678131e-13 
6.2464000e+04 2.5717669e-13 
6.2592000e+04 2.5697345e-13 
6.2720000e+04 2.6721146e-13 
6.2848000e+04 2.6563186e-13 
6.2976000e+04 2.6120569e-13 
6.3104000e+04 2.6774419e-13 
6.3232000e+04 2.4138509e-13 
6.3360000e+04 2.3082315e-13 
6.3488000e+04 2.5136609e-13 
6.3616000e+04 2.6513768e-13 
6.3744000e+04 2.7624211e-13 
6.3872000e+04 3.0103876e-13 
6.4000000e+04 3.2630533e-13 
6.4128000e+04 3.0545095e-13 
6.4256000e+04 2.9170373e-13 
6.4384000e+04 2.8178742e-13 
6.4512000e+04 2.8744783e-13 
6.4640000e+04 2.9628603e-13 
6.4768000e+04 3.3195706e-13 
6.4896000e+04 3.3316495e-13 
6.5024000e+04 2.7423192e-13 
6.5152000e+04 3.0601625e-13 
6.5280000e+04 4.2038177e-13 
6.5408000e+04 3.6063657e-13 
6.5536000e+04 2.8343509e-13 
6.5664000e+04 2.8591178e-13 
6.5792000e+04 2.8101255e-13 
6.5920000e+04 2.8218619e-13 
6.6048000e+04 2.7733496e-13 
6.6176000e+04 2.6572521e-13 
6.6304000e+04 2.8291711e-13 
6.6432000e+04 4.8042158e-13 
6.6560000e+04 5.8183401e-13 
6.6688000e+04 3.6196550e-13 
6.6816000e+04 2.6779593e-13 
6.6944000e+04 2.6981821e-13 
6.7072000e+04 2.8210255e-13 
6.7200000e+04 2.9075212e-13 
6.7328000e+04 2.8931976e-13 
6.7456000e+04 2.8197808e-13 
6.7584000e+04 2.8559617e-13 
6.7712000e+04 2.9140985e-13 
6.7840000e+04 2.9519434e-13 
6.7968000e+04 3.1692642e-13 
6.8096000e+04 3.1793085e-13 
6.8224000e+04 2.9775810e-13 
6.8352000e+04 2.8937185e-13 
6.8480000e+04 2.8126010e-13 
6.8608000e+04 2.8314707e-13 
6.8736000e+04 2.9047199e-13 
6.8864000e+04 2.9728837e-13 
6.8992000e+04 3.0258963e-13 
6.9120000e+04 3.1714431e-13 
6.9248000e+04 3.2535874e-13 
6.9376000e+04 3.0680214e-13 
6.9504000e+04 3.0177277e-13 
6.9632000e+04 2.9048920e-13 
6.9760000e+04 2.8295500e-13 
6.9888000e+04 2.8471512e-13 
7.0016000e+04 2.7129221e-13 
7.0144000e+04 2.7026832e-13 
7.0272000e+04 2.8456138e-13 
7.0400000e+04 2.8902512e-13 
7.0528000e+04 3.0123584e-13 
7.0656000e+04 3.2966083e-13 
7.0784000e+04 3.5144581e-13 
7.0912000e+04 3.3049803e-13 
7.1040000e+04 3.0708858e-13 
7.1168000e+04 2.8071588e-13 
7.1296000e+04 3.0740772e-13 
7.1424000e+04 3.4138927e-13 
7.1552000e+04 3.3167436e-13 
7.1680000e+04 3.2838272e-13 
7.1808000e+04 3.2098095e-13 
7.1936000e+04 3.0657719e-13 
7.2064000e+04 3.0663780e-13 
7.2192000e+04 3.0552408e-13 
7.2320000e+04 3.0219187e-13 
7.2448000e+04 3.0188479e-13 
7.2576000e+04 2.9693541e-13 
7.2704000e+04 3.2251057e-13 
7.2832000e+04 3.3964029e-13 
7.2960000e+04 3.3499971e-13 
7.3088000e+04 3.2890522e-13 
7.3216000e+04 3.2178478e-13 
7.3344000e+04 3.2043376e-13 
7.3472000e+04 3.4351062e-13 
7.3600000e+04 3.3081459e-13 
7.3728000e+04 2.9848739e-13 
7.3856000e+04 3.0599609e-13 
7.3984000e+04 3.2996864e-13 
7.4112000e+04 3.2893412e-13 
7.4240000e+04 3.3672330e-13 
7.4368000e+04 3.5615074e-13 
7.4496000e+04 3.5550688e-13 
7.4624000e+04 3.5000407e-13 
7.4752000e+04 3.4957624e-13 
7.4880000e+04 3.2155097e-13 
7.5008000e+04 2.9294649e-13 
7.5136000e+04 3.0737869e-13 
7.5264000e+04 3.2430092e-13 
7.5392000e+04 3.3191551e-13 
7.5520000e+04 3.1686936e-13 
7.5648000e+04 3.1984113e-13 
7.5776000e+04 3.4140499e-13 
7.5904000e+04 3.4728470e-13 
7.6032000e+04 3.3600683e-13 
7.6160000e+04 3.2757176e-13 
7.6288000e+04 2.9216465e-13 
7.6416000e+04 2.9534673e-13 
7.6544000e+04 3.0480035e-13 
7.6672000e+04 2.9566987e-13 
7.6800000e+04 2.6952746e-13 
7.6928000e+04 2.5847036e-13 
7.7056000e+04 3.1930779e-13 
7.7184000e+04 3.6424192e-13 
7.7312000e+04 3.3388708e-13 
7.7440000e+04 2.9339134e-13 
7.7568000e+04 3.0328412e-13 
7.7696000e+04 3.2868863e-13 
7.7824000e+04 3.2547665e-13 
7.7952000e+04 3.2701047e-13 
7.8080000e+04 3.7368852e-13 
7.8208000e+04 6.6504522e-13 
7.8336000e+04 1.1756297e-12 
7.8464000e+04 8.1870768e-13 
7.8592000e+04 3.9354601e-13 
7.8720000e+04 3.4323014e-13 
7.8848000e+04 3.5030011e-13 
7.8976000e+04 3.6631942e-13 
7.9104000e+04 3.7159371e-13 
7.9232000e+04 3.4635101e-13 
7.9360000e+04 3.3605112e-13 
7.9488000e+04 3.3004112e-13 
7.9616000e+04 3.1752061e-13 
7.9744000e+04 3.3114819e-13 
7.9872000e+04 3.4015604e-13 
8.0000000e+04 3.4074891e-13 
8.0128000e+04 3.6547176e-13 
8.0256000e+04 3.5859366e-13 
8.0384000e+04 3.3556884e-13 
8.0512000e+04 3.2632398e-13 
8.0640000e+04 3.6282097e-13 
8.0768000e+04 3.6910598e-13 
8.0896000e+04 3.4034508e-13 
8.1024000e+04 3.2705427e-13 
8.1152000e+04 3.2810378e-13 
8.1280000e+04 3.7752630e-13 
8.1408000e+04 4.1007792e-13 
8.1536000e+04 3.7504247e-13 
8.1664000e+04 3.4836546e-13 
8.1792000e+04 3.1256391e-13 
8.1920000e+04 3.1536926e-13 
8.2048000e+04 3.1973439e-13 
8.2176000e+04 3.5145275e-13 
8.2304000e+04 3.7137592e-13 
8.2432000e+04 3.6380865e-13 
8.2560000e+04 3.9627329e-13 
8.2688000e+04 4.3661011e-13 
8.2816000e+04 4.0711884e-13 
8.2944000e+04 2.6602180e-13 
8.3072000e+04 2.2666917e-13 
8.3200000e+04 3.9524606e-13 
8.3328000e+04 3.6572465e-13 
8.3456000e+04 3.0744688e-13 
8.3584000e+04 3.3241809e-13 
8.3712000e+04 3.5199263e-13 
8.3840000e+04 3.7584549e-13 
8.3968000e+04 3.8416050e-13 
8.4096000e+04 3.0491281e-13 
8.4224000e+04 2.1953420e-13 
8.4352000e+04 2.9421197e-13 
8.4480000e+04 3.2208735e-13 
8.4608000e+04 3.7825654e-13 
8.4736000e+04 3.5685528e-13 
8.4864000e+04 3.7228795e-13 
8.4992000e+04 3.6505147e-13 
8.5120000e+04 3.5696503e-13 
8.5248000e+04 3.8529596e-13 
8.5376000e+04 4.0522707e-13 
8.5504000e+04 4.1864160e-13 
8.5632000e+04 4.6720245e-13 
8.5760000e+04 4.8434190e-13 
8.5888000e+04 4.6785438e-13 
8.6016000e+04 3.9382522e-13 
8.6144000e+04 3.7119979e-13 
8.6272000e+04 4.6287166e-13 
8.6400000e+04 4.4865419e-13 
8.6528000e+04 4.3252110e-13 
8.6656000e+04 5.3584264e-13 
8.6784000e+04 6.0814889e-13 
8.6912000e+04 5.4621764e-13 
8.7040000e+04 3.0689511e-13 
8.7168000e+04 1.0407339e-13 
8.7296000e+04 3.0838471e-14 
8.7424000e+04 3.6071579e-14 
8.7552000e+04 8.3887724e-14 
8.7680000e+04 8.7817408e-14 
8.7808000e+04 2.2247170e-13 
8.7936000e+04 3.5848109e-13 
8.8064000e+04 5.8852500e-13 
8.8192000e+04 9.5553697e-13 
8.8320000e+04 1.4252048e-12 
8.8448000e+04 1.9127581e-12 
8.8576000e+04 2.2385462e-12 
8.8704000e+04 2.2134996e-12 
8.8832000e+04 1.9162139e-12 
8.8960000e+04 1.6449264e-12 
8.9088000e+04 1.4463664e-12 
8.9216000e+04 1.3038874e-12 
8.9344000e+04 9.6639591e-13 
8.9472000e+04 7.8488995e-13 
8.9600000e+04 6.7063260e-13 
8.9728000e+04 7.2977621e-13 
8.9856000e+04 7.0673795e-13 
8.9984000e+04 9.0183237e-13 
9.0112000e+04 1.5674210e-12 
9.0240000e+04 3.1087934e-12 
9.0368000e+04 4.7611771e-12 
9.0496000e+04 7.3097587e-12 
9.0624000e+04 9.7705221e-12 
9.0752000e+04 1.0053724e-11 
9.0880000e+04 1.0129645e-11 
9.1008000e+04 6.2413226e-12 
9.1136000e+04 3.2823926e-12 
9.1264000e+04 3.6179148e-12 
9.1392000e+04 4.0289265e-12 
9.1520000e+04 4.5898901e-12 
9.1648000e+04 3.6747879e-12 
9.1776000e+04 2.4575587e-12 
9.1904000e+04 1.9801608e-12 
9.2032000e+04 1.0126710e-12 
9.2160000e+04 9.1476479e-13 
9.2288000e+04 1.9550236e-12 
9.2416000e+04 2.1341529e-12 
9.2544000e+04 2.4727917e-12 
9.2672000e+04 3.5988346e-12 
9.2800000e+04 3.6568851e-12 
9.2928000e+04 3.2797701e-12 
9.3056000e+04 4.3661971e-12 
9.3184000e+04 5.4422777e-12 
9.3312000e+04 4.2048886e-12 
9.3440000e+04 3.5552874e-12 
9.3568000e+04 5.7329610e-12 
9.3696000e+04 7.1955857e-12 
9.3824000e+04 6.4434330e-12 
9.3952000e+04 7.5559194e-12 
9.4080000e+04 1.5436744e-11 
9.4208000e+04 2.2704479e-11 
9.4336000e+04 1.8061028e-11 
9.4464000e+04 8.3958673e-12 
9.4592000e+04 4.6216477e-12 
9.4720000e+04 6.4360513e-12 
9.4848000e+04 8.8245782e-12 
9.4976000e+04 8.3473723e-12 
9.5104000e+04 1.0360572e-11 
9.5232000e+04 2.1586620e-11 
9.5360000e+04 3.3364742e-11 
9.5488000e+04 3.1324759e-11 
9.5616000e+04 1.8662686e-11 
9.5744000e+04 9.6644264e-12 
9.5872000e+04 1.2837162e-11 
9.6000000e+04 2.1547691e-11 
9.6128000e+04 2.4672592e-11 
9.6256000e+04 2.0308696e-11 
9.6384000e+04 1.2014197e-11 
9.6512000e+04 6.9258210e-12 
9.6640000e+04 1.0221011e-11 
9.6768000e+04 2.2990450e-11 
9.6896000e+04 3.8321599e-11 
9.7024000e+04 3.8533742e-11 
9.7152000e+04 2.2301463e-11 
9.7280000e+04 8.0503564e-12 
9.7408000e+04 1.9025955e-12 
9.7536000e+04 1.3310493e-13 
9.7664000e+04 9.6131414e-13 
9.7792000e+04 3.0192389e-12 
9.7920000e+04 6.5281877e-12 
9.8048000e+04 1.3143398e-11 
9.8176000e+04 1.8510896e-11 
9.8304000e+04 1.5975905e-11 
9.8432000e+04 7.8087406e-12 
9.8560000e+04 2.3577904e-12 
9.8688000e+04 7.1627789e-13 
9.8816000e+04 5.3575444e-13 
9.8944000e+04 8.4797469e-13 
9.9072000e+04 1.3668871e-12 
9.9200000e+04 1.9761688e-12 
9.9328000e+04 2.7502492e-12 
9.9456000e+04 3.8019683e-12 
9.9584000e+04 5.0139727e-12 
9.9712000e+04 6.1490071e-12 
9.9840000e+04 6.8228717e-12 
9.9968000e+04 6.6616192e-12 
1.0009600e+05 6.2754463e-12 
1.0022400e+05 6.2063900e-12 
1.0035200e+05 5.6714056e-12 
1.0048000e+05 4.4354759e-12 
1.0060800e+05 3.1995353e-12 
1.0073600e+05 2.3783931e-12 
1.0086400e+05 1.5504042e-12 
1.0099200e+05 9.1086806e-13 
1.0112000e+05 6.8183187e-13 
1.0124800e+05 5.7679772e-13 
1.0137600e+05 4.6066921e-13 
1.0150400e+05 4.8196852e-13 
1.0163200e+05 4.6853293e-13 
1.0176000e+05 3.8118578e-13 
1.0188800e+05 3.7871616e-13 
1.0201600e+05 3.9369986e-13 
1.0214400e+05 4.8507525e-13 
1.0227200e+05 5.4156690e-13 
1.0240000e+05 5.0476447e-13 
