0.0000000e+00 1.1235470e-04 
1.2800000e+02 1.1140796e-04 
2.5600000e+02 1.1597304e-04 
3.8400000e+02 1.1486434e-04 
5.1200000e+02 1.1426722e-04 
6.4000000e+02 1.1915500e-04 
7.6800000e+02 1.2853918e-04 
8.9600000e+02 1.3628874e-04 
1.0240000e+03 1.4117781e-04 
1.1520000e+03 1.4335933e-04 
1.2800000e+03 1.3604773e-04 
1.4080000e+03 1.2553392e-04 
1.5360000e+03 1.1539911e-04 
1.6640000e+03 1.0654348e-04 
1.7920000e+03 1.0063122e-04 
1.9200000e+03 9.4371971e-05 
2.0480000e+03 8.8034139e-05 
2.1760000e+03 8.0420432e-05 
2.3040000e+03 7.4547112e-05 
2.4320000e+03 7.0015369e-05 
2.5600000e+03 6.5808446e-05 
2.6880000e+03 6.2958745e-05 
2.8160000e+03 5.9577345e-05 
2.9440000e+03 5.5391971e-05 
3.0720000e+03 5.1849955e-05 
3.2000000e+03 4.8023121e-05 
3.3280000e+03 4.4435383e-05 
3.4560000e+03 4.1083054e-05 
3.5840000e+03 3.8175291e-05 
3.7120000e+03 3.6032154e-05 
3.8400000e+03 3.4471435e-05 
3.9680000e+03 3.3023829e-05 
4.0960000e+03 3.1339001e-05 
4.2240000e+03 2.9428726e-05 
4.3520000e+03 2.8606190e-05 
4.4800000e+03 2.7842905e-05 
4.6080000e+03 2.6322243e-05 
4.7360000e+03 2.5264912e-05 
4.8640000e+03 2.4574831e-05 
4.9920000e+03 2.3561781e-05 
5.1200000e+03 2.2452685e-05 
5.2480000e+03 2.1737147e-05 
5.3760000e+03 2.1232661e-05 
5.5040000e+03 2.0846683e-05 
5.6320000e+03 2.0490228e-05 
5.7600000e+03 2.0072692e-05 
5.8880000e+03 1.9244939e-05 
6.0160000e+03 1.8576578e-05 
6.1440000e+03 1.8223371e-05 
6.2720000e+03 1.7643506e-05 
6.4000000e+03 1.7497354e-05 
6.5280000e+03 1.7358434e-05 
6.6560000e+03 1.6622394e-05 
6.7840000e+03 1.6235366e-05 
6.9120000e+03 1.6197353e-05 
7.0400000e+03 1.5986257e-05 
7.1680000e+03 1.5804560e-05 
7.2960000e+03 1.5588621e-05 
7.4240000e+03 1.5198470e-05 
7.5520000e+03 1.5025580e-05 
7.6800000e+03 1.4938151e-05 
7.8080000e+03 1.4806344e-05 
7.9360000e+03 1.4427406e-05 
8.0640000e+03 1.4035280e-05 
8.1920000e+03 1.3827244e-05 
8.3200000e+03 1.3764625e-05 
8.4480000e+03 1.3783378e-05 
8.5760000e+03 1.3535566e-05 
8.7040000e+03 1.3082224e-05 
8.8320000e+03 1.2892277e-05 
8.9600000e+03 1.2916775e-05 
9.0880000e+03 1.2691146e-05 
9.2160000e+03 1.2489135e-05 
9.3440000e+03 1.2529474e-05 
9.4720000e+03 1.2435593e-05 
9.6000000e+03 1.2070695e-05 
9.7280000e+03 1.1839588e-05 
9.8560000e+03 1.1804749e-05 
9.9840000e+03 1.1631946e-05 
1.0112000e+04 1.1457205e-05 
1.0240000e+04 1.1475510e-05 
1.0368000e+04 1.1295775e-05 
1.0496000e+04 1.1099328e-05 
1.0624000e+04 1.1102265e-05 
1.0752000e+04 1.1143666e-05 
1.0880000e+04 1.0782243e-05 
1.1008000e+04 1.0273192e-05 
1.1136000e+04 1.0008634e-05 
1.1264000e+04 9.7513594e-06 
1.1392000e+04 9.8721439e-06 
1.1520000e+04 9.9064337e-06 
1.1648000e+04 9.6129097e-06 
1.1776000e+04 9.4473153e-06 
1.1904000e+04 9.3337685e-06 
1.2032000e+04 9.2878781e-06 
1.2160000e+04 9.1221518e-06 
1.2288000e+04 8.8765773e-06 
1.2416000e+04 9.0104249e-06 
1.2544000e+04 8.9825508e-06 
1.2672000e+04 8.6192722e-06 
1.2800000e+04 8.4817202e-06 
1.2928000e+04 8.4206922e-06 
1.3056000e+04 8.4850089e-06 
1.3184000e+04 8.5038855e-06 
1.3312000e+04 8.4392414e-06 
1.3440000e+04 8.3859268e-06 
1.3568000e+04 8.2888400e-06 
1.3696000e+04 8.1766111e-06 
1.3824000e+04 8.0559976e-06 
1.3952000e+04 7.9775891e-06 
1.4080000e+04 8.0780701e-06 
1.4208000e+04 7.9344718e-06 
1.4336000e+04 7.8292760e-06 
1.4464000e+04 7.8875591e-06 
1.4592000e+04 7.6844190e-06 
1.4720000e+04 7.5201569e-06 
1.4848000e+04 7.5109560e-06 
1.4976000e+04 7.4682857e-06 
1.5104000e+04 7.4228901e-06 
1.5232000e+04 7.2850330e-06 
1.5360000e+04 7.0466299e-06 
1.5488000e+04 7.1002250e-06 
1.5616000e+04 7.3062042e-06 
1.5744000e+04 7.2917551e-06 
1.5872000e+04 7.1446666e-06 
1.6000000e+04 7.0662081e-06 
1.6128000e+04 7.0482392e-06 
1.6256000e+04 7.0160659e-06 
1.6384000e+04 6.9938155e-06 
1.6512000e+04 6.9511516e-06 
1.6640000e+04 6.8362115e-06 
1.6768000e+04 6.6860493e-06 
1.6896000e+04 6.5806280e-06 
1.7024000e+04 6.6383423e-06 
1.7152000e+04 6.7585947e-06 
1.7280000e+04 6.6524385e-06 
1.7408000e+04 6.5396302e-06 
1.7536000e+04 6.5230147e-06 
1.7664000e+04 6.5865411e-06 
1.7792000e+04 6.5817553e-06 
1.7920000e+04 6.4423580e-06 
1.8048000e+04 6.3213297e-06 
1.8176000e+04 6.3401385e-06 
1.8304000e+04 6.2006616e-06 
1.8432000e+04 6.1071569e-06 
1.8560000e+04 6.0992497e-06 
1.8688000e+04 5.9539943e-06 
1.8816000e+04 5.8921032e-06 
1.8944000e+04 5.9790254e-06 
1.9072000e+04 5.9488452e-06 
1.9200000e+04 5.8806249e-06 
1.9328000e+04 6.0172883e-06 
1.9456000e+04 6.1401356e-06 
1.9584000e+04 6.0747820e-06 
1.9712000e+04 5.8176247e-06 
1.9840000e+04 5.6327935e-06 
1.9968000e+04 5.6943923e-06 
2.0096000e+04 5.6748067e-06 
2.0224000e+04 5.6757353e-06 
2.0352000e+04 5.7166371e-06 
2.0480000e+04 5.6326576e-06 
2.0608000e+04 5.6102404e-06 
2.0736000e+04 5.6462736e-06 
2.0864000e+04 5.5329851e-06 
2.0992000e+04 5.5253299e-06 
2.1120000e+04 5.5666696e-06 
2.1248000e+04 5.4822322e-06 
2.1376000e+04 5.4405396e-06 
2.1504000e+04 5.4573388e-06 
2.1632000e+04 5.4919074e-06 
2.1760000e+04 5.3447302e-06 
2.1888000e+04 5.2709806e-06 
2.2016000e+04 5.3532635e-06 
2.2144000e+04 5.3811314e-06 
2.2272000e+04 5.2626187e-06 
2.2400000e+04 5.1537959e-06 
2.2528000e+04 5.1606021e-06 
2.2656000e+04 5.1625743e-06 
2.2784000e+04 5.1264637e-06 
2.2912000e+04 5.0811127e-06 
2.3040000e+04 5.0837580e-06 
2.3168000e+04 5.0850531e-06 
2.3296000e+04 5.0231470e-06 
2.3424000e+04 5.0013214e-06 
2.3552000e+04 4.9768846e-06 
2.3680000e+04 4.8568068e-06 
2.3808000e+04 4.8192301e-06 
2.3936000e+04 4.9103614e-06 
2.4064000e+04 5.0026338e-06 
2.4192000e+04 4.9325809e-06 
2.4320000e+04 4.8816291e-06 
2.4448000e+04 4.9125188e-06 
2.4576000e+04 4.8525640e-06 
2.4704000e+04 4.7053627e-06 
2.4832000e+04 4.6909399e-06 
2.4960000e+04 4.7980111e-06 
2.5088000e+04 4.8298934e-06 
2.5216000e+04 4.8365587e-06 
2.5344000e+04 4.8027391e-06 
2.5472000e+04 4.7132635e-06 
2.5600000e+04 4.7089343e-06 
2.5728000e+04 4.7290891e-06 
2.5856000e+04 4.6531395e-06 
2.5984000e+04 4.6641112e-06 
2.6112000e+04 4.6128926e-06 
2.6240000e+04 4.5710108e-06 
2.6368000e+04 4.6844448e-06 
2.6496000e+04 4.6904506e-06 
2.6624000e+04 4.5630077e-06 
2.6752000e+04 4.4759536e-06 
2.6880000e+04 4.4560261e-06 
2.7008000e+04 4.4407288e-06 
2.7136000e+04 4.4566132e-06 
2.7264000e+04 4.4599174e-06 
2.7392000e+04 4.3958858e-06 
2.7520000e+04 4.3104578e-06 
2.7648000e+04 4.3677842e-06 
2.7776000e+04 4.4667631e-06 
2.7904000e+04 4.3520254e-06 
2.8032000e+04 4.2364095e-06 
2.8160000e+04 4.3054724e-06 
2.8288000e+04 4.3125879e-06 
2.8416000e+04 4.3229325e-06 
2.8544000e+04 4.3486248e-06 
2.8672000e+04 4.4199096e-06 
2.8800000e+04 4.3010500e-06 
2.8928000e+04 4.1033013e-06 
2.9056000e+04 4.0738087e-06 
2.9184000e+04 4.0794125e-06 
2.9312000e+04 4.1581056e-06 
2.9440000e+04 4.2165807e-06 
2.9568000e+04 4.1533422e-06 
2.9696000e+04 4.1002031e-06 
2.9824000e+04 4.0379960e-06 
2.9952000e+04 4.0091572e-06 
3.0080000e+04 4.0545224e-06 
3.0208000e+04 4.0407858e-06 
3.0336000e+04 4.0617360e-06 
3.0464000e+04 4.0239925e-06 
3.0592000e+04 3.9344704e-06 
3.0720000e+04 3.9328770e-06 
3.0848000e+04 3.9353690e-06 
3.0976000e+04 3.8731914e-06 
3.1104000e+04 3.8184849e-06 
3.1232000e+04 3.9436782e-06 
3.1360000e+04 3.9961578e-06 
3.1488000e+04 3.8927001e-06 
3.1616000e+04 3.7968623e-06 
3.1744000e+04 3.7887378e-06 
3.1872000e+04 3.8444909e-06 
3.2000000e+04 3.8796734e-06 
3.2128000e+04 3.8330900e-06 
3.2256000e+04 3.7558314e-06 
3.2384000e+04 3.7998234e-06 
3.2512000e+04 3.7844845e-06 
3.2640000e+04 3.7068053e-06 
3.2768000e+04 3.7192433e-06 
3.2896000e+04 3.7762911e-06 
3.3024000e+04 3.7733030e-06 
3.3152000e+04 3.6764868e-06 
3.3280000e+04 3.6957151e-06 
3.3408000e+04 3.7576792e-06 
3.3536000e+04 3.6960114e-06 
3.3664000e+04 3.5971832e-06 
3.3792000e+04 3.6267400e-06 
3.3920000e+04 3.6202553e-06 
3.4048000e+04 3.6012932e-06 
3.4176000e+04 3.6158617e-06 
3.4304000e+04 3.6577644e-06 
3.4432000e+04 3.5931096e-06 
3.4560000e+04 3.4694817e-06 
3.4688000e+04 3.4552222e-06 
3.4816000e+04 3.4966990e-06 
3.4944000e+04 3.4693865e-06 
3.5072000e+04 3.4098505e-06 
3.5200000e+04 3.4036675e-06 
3.5328000e+04 3.5093028e-06 
3.5456000e+04 3.4816280e-06 
3.5584000e+04 3.4134130e-06 
3.5712000e+04 3.4719092e-06 
3.5840000e+04 3.4759216e-06 
3.5968000e+04 3.4139789e-06 
3.6096000e+04 3.3974211e-06 
3.6224000e+04 3.4221564e-06 
3.6352000e+04 3.4738423e-06 
3.6480000e+04 3.4801069e-06 
3.6608000e+04 3.4007426e-06 
3.6736000e+04 3.3106930e-06 
3.6864000e+04 3.2938588e-06 
3.6992000e+04 3.3264846e-06 
3.7120000e+04 3.3742574e-06 
3.7248000e+04 3.3794927e-06 
3.7376000e+04 3.3301135e-06 
3.7504000e+04 3.2967785e-06 
3.7632000e+04 3.2870955e-06 
3.7760000e+04 3.2575194e-06 
3.7888000e+04 3.2376229e-06 
3.8016000e+04 3.2547593e-06 
3.8144000e+04 3.2790356e-06 
3.8272000e+04 3.2852049e-06 
3.8400000e+04 3.3034346e-06 
3.8528000e+04 3.2512021e-06 
3.8656000e+04 3.1952909e-06 
3.8784000e+04 3.2239234e-06 
3.8912000e+04 3.1927098e-06 
3.9040000e+04 3.1321288e-06 
3.9168000e+04 3.1324830e-06 
3.9296000e+04 3.0801518e-06 
3.9424000e+04 3.1105483e-06 
3.9552000e+04 3.2052067e-06 
3.9680000e+04 3.2911403e-06 
3.9808000e+04 3.1804050e-06 
3.9936000e+04 3.0646747e-06 
4.0064000e+04 3.0627270e-06 
4.0192000e+04 3.0368030e-06 
4.0320000e+04 2.9949258e-06 
4.0448000e+04 3.0391245e-06 
4.0576000e+04 3.1142526e-06 
4.0704000e+04 3.0959382e-06 
4.0832000e+04 3.0415047e-06 
4.0960000e+04 3.0223468e-06 
4.1088000e+04 2.9983607e-06 
4.1216000e+04 2.9160447e-06 
4.1344000e+04 2.9369946e-06 
4.1472000e+04 3.0497442e-06 
4.1600000e+04 3.0743606e-06 
4.1728000e+04 3.0189076e-06 
4.1856000e+04 2.9691878e-06 
4.1984000e+04 3.0331641e-06 
4.2112000e+04 2.9803221e-06 
4.2240000e+04 2.9209730e-06 
4.2368000e+04 2.9351281e-06 
4.2496000e+04 2.9304460e-06 
4.2624000e+04 2.9297480e-06 
4.2752000e+04 2.9035050e-06 
4.2880000e+04 2.8657084e-06 
4.3008000e+04 2.8237030e-06 
4.3136000e+04 2.7991382e-06 
4.3264000e+04 2.8255824e-06 
4.3392000e+04 2.8238828e-06 
4.3520000e+04 2.8288853e-06 
4.3648000e+04 2.8629440e-06 
4.3776000e+04 2.9049718e-06 
4.3904000e+04 2.8747781e-06 
4.4032000e+04 2.8151157e-06 
4.4160000e+04 2.8106099e-06 
4.4288000e+04 2.8370907e-06 
4.4416000e+04 2.8651011e-06 
4.4544000e+04 2.8875329e-06 
4.4672000e+04 2.8574420e-06 
4.4800000e+04 2.8168008e-06 
4.4928000e+04 2.8167328e-06 
4.5056000e+04 2.7922010e-06 
4.5184000e+04 2.7760366e-06 
4.5312000e+04 2.8451857e-06 
4.5440000e+04 2.8616901e-06 
4.5568000e+04 2.8331281e-06 
4.5696000e+04 2.8274071e-06 
4.5824000e+04 2.8004047e-06 
4.5952000e+04 2.7854737e-06 
4.6080000e+04 2.7810122e-06 
4.6208000e+04 2.7866884e-06 
4.6336000e+04 2.7623819e-06 
4.6464000e+04 2.6857683e-06 
4.6592000e+04 2.7039712e-06 
4.6720000e+04 2.6784328e-06 
4.6848000e+04 2.6094685e-06 
4.6976000e+04 2.6416542e-06 
4.7104000e+04 2.6915811e-06 
4.7232000e+04 2.7061722e-06 
4.7360000e+04 2.7029769e-06 
4.7488000e+04 2.6591258e-06 
4.7616000e+04 2.6550006e-06 
4.7744000e+04 2.6602354e-06 
4.7872000e+04 2.6262082e-06 
4.8000000e+04 2.6089672e-06 
4.8128000e+04 2.6220105e-06 
4.8256000e+04 2.5937495e-06 
4.8384000e+04 2.5755703e-06 
4.8512000e+04 2.5554023e-06 
4.8640000e+04 2.5514184e-06 
4.8768000e+04 2.5487500e-06 
4.8896000e+04 2.5138984e-06 
4.9024000e+04 2.5471834e-06 
4.9152000e+04 2.5865686e-06 
4.9280000e+04 2.5945926e-06 
4.9408000e+04 2.6204275e-06 
4.9536000e+04 2.5816773e-06 
4.9664000e+04 2.5234610e-06 
4.9792000e+04 2.5355534e-06 
4.9920000e+04 2.5722074e-06 
5.0048000e+04 2.5865204e-06 
5.0176000e+04 2.5705867e-06 
5.0304000e+04 2.5428355e-06 
5.0432000e+04 2.5443269e-06 
5.0560000e+04 2.5219572e-06 
5.0688000e+04 2.4784508e-06 
5.0816000e+04 2.4881328e-06 
5.0944000e+04 2.5074175e-06 
5.1072000e+04 2.5499844e-06 
5.1200000e+04 2.5726479e-06 
5.1328000e+04 2.5294112e-06 
5.1456000e+04 2.4575747e-06 
5.1584000e+04 2.4712499e-06 
5.1712000e+04 2.4939284e-06 
5.1840000e+04 2.4627448e-06 
5.1968000e+04 2.4263584e-06 
5.2096000e+04 2.4286317e-06 
5.2224000e+04 2.4320500e-06 
5.2352000e+04 2.4179014e-06 
5.2480000e+04 2.3832736e-06 
5.2608000e+04 2.3596576e-06 
5.2736000e+04 2.4062963e-06 
5.2864000e+04 2.4027665e-06 
5.2992000e+04 2.3437392e-06 
5.3120000e+04 2.3689952e-06 
5.3248000e+04 2.3721393e-06 
5.3376000e+04 2.3441021e-06 
5.3504000e+04 2.3474838e-06 
5.3632000e+04 2.3456623e-06 
5.3760000e+04 2.3327154e-06 
5.3888000e+04 2.3643490e-06 
5.4016000e+04 2.3713867e-06 
5.4144000e+04 2.3363141e-06 
5.4272000e+04 2.3887201e-06 
5.4400000e+04 2.4174369e-06 
5.4528000e+04 2.3979592e-06 
5.4656000e+04 2.3573193e-06 
5.4784000e+04 2.3401651e-06 
5.4912000e+04 2.3511620e-06 
5.5040000e+04 2.3424452e-06 
5.5168000e+04 2.3299508e-06 
5.5296000e+04 2.3330279e-06 
5.5424000e+04 2.3270875e-06 
5.5552000e+04 2.3376690e-06 
5.5680000e+04 2.3276700e-06 
5.5808000e+04 2.3177420e-06 
5.5936000e+04 2.3111679e-06 
5.6064000e+04 2.2811623e-06 
5.6192000e+04 2.2370350e-06 
5.6320000e+04 2.2434376e-06 
5.6448000e+04 2.2700440e-06 
5.6576000e+04 2.2833626e-06 
5.6704000e+04 2.2949191e-06 
5.6832000e+04 2.2868726e-06 
5.6960000e+04 2.2533864e-06 
5.7088000e+04 2.2693387e-06 
5.7216000e+04 2.2420709e-06 
5.7344000e+04 2.1615601e-06 
5.7472000e+04 2.1946671e-06 
5.7600000e+04 2.2208219e-06 
5.7728000e+04 2.2007600e-06 
5.7856000e+04 2.2362124e-06 
5.7984000e+04 2.2541187e-06 
5.8112000e+04 2.2433712e-06 
5.8240000e+04 2.2240968e-06 
5.8368000e+04 2.2267234e-06 
5.8496000e+04 2.2254621e-06 
5.8624000e+04 2.2932818e-06 
5.8752000e+04 2.3636196e-06 
5.8880000e+04 2.2855897e-06 
5.9008000e+04 2.1872436e-06 
5.9136000e+04 2.1383632e-06 
5.9264000e+04 2.1286933e-06 
5.9392000e+04 2.1312728e-06 
5.9520000e+04 2.1616931e-06 
5.9648000e+04 2.1921721e-06 
5.9776000e+04 2.1948215e-06 
5.9904000e+04 2.1796943e-06 
6.0032000e+04 2.2002937e-06 
6.0160000e+04 2.1841911e-06 
6.0288000e+04 2.1063345e-06 
6.0416000e+04 2.0792850e-06 
6.0544000e+04 2.1138037e-06 
6.0672000e+04 2.1313874e-06 
6.0800000e+04 2.1472658e-06 
6.0928000e+04 2.1764897e-06 
6.1056000e+04 2.1279805e-06 
6.1184000e+04 2.0717648e-06 
6.1312000e+04 2.1149483e-06 
6.1440000e+04 2.1376825e-06 
6.1568000e+04 2.1190206e-06 
6.1696000e+04 2.0941636e-06 
6.1824000e+04 2.0912960e-06 
6.1952000e+04 2.1313290e-06 
6.2080000e+04 2.1488484e-06 
6.2208000e+04 2.1472492e-06 
6.2336000e+04 2.1673707e-06 
6.2464000e+04 2.1532153e-06 
6.2592000e+04 2.0741159e-06 
6.2720000e+04 2.0379102e-06 
6.2848000e+04 2.0787850e-06 
6.2976000e+04 2.0958266e-06 
6.3104000e+04 2.0631660e-06 
6.3232000e+04 2.0282134e-06 
6.3360000e+04 2.0589457e-06 
6.3488000e+04 2.0203765e-06 
6.3616000e+04 2.0313646e-06 
6.3744000e+04 2.0680422e-06 
6.3872000e+04 2.0454893e-06 
6.4000000e+04 2.0043733e-06 
6.4128000e+04 2.0150155e-06 
6.4256000e+04 2.0113218e-06 
6.4384000e+04 2.0229782e-06 
6.4512000e+04 2.0265550e-06 
6.4640000e+04 1.9701872e-06 
6.4768000e+04 1.9770218e-06 
6.4896000e+04 1.9921176e-06 
6.5024000e+04 1.9923582e-06 
6.5152000e+04 2.0271871e-06 
6.5280000e+04 2.0246935e-06 
6.5408000e+04 2.0086713e-06 
6.5536000e+04 1.9951340e-06 
6.5664000e+04 1.9867377e-06 
6.5792000e+04 1.9795891e-06 
6.5920000e+04 1.9845402e-06 
6.6048000e+04 1.9925158e-06 
6.6176000e+04 1.9902855e-06 
6.6304000e+04 1.9987231e-06 
6.6432000e+04 1.9837557e-06 
6.6560000e+04 1.9631284e-06 
6.6688000e+04 1.9481838e-06 
6.6816000e+04 1.9284705e-06 
6.6944000e+04 1.8992582e-06 
6.7072000e+04 1.9016348e-06 
6.7200000e+04 1.9343361e-06 
6.7328000e+04 1.9427328e-06 
6.7456000e+04 1.9619865e-06 
6.7584000e+04 1.9814984e-06 
6.7712000e+04 1.9611809e-06 
6.7840000e+04 1.9433301e-06 
6.7968000e+04 1.9413915e-06 
6.8096000e+04 1.9420183e-06 
6.8224000e+04 1.9325869e-06 
6.8352000e+04 1.8996085e-06 
6.8480000e+04 1.9017079e-06 
6.8608000e+04 1.8940708e-06 
6.8736000e+04 1.8690123e-06 
6.8864000e+04 1.8812210e-06 
6.8992000e+04 1.9059471e-06 
6.9120000e+04 1.9422698e-06 
6.9248000e+04 1.9531012e-06 
6.9376000e+04 1.9189636e-06 
6.9504000e+04 1.8743760e-06 
6.9632000e+04 1.8785728e-06 
6.9760000e+04 1.9109823e-06 
6.9888000e+04 1.8929481e-06 
7.0016000e+04 1.8741455e-06 
7.0144000e+04 1.8639546e-06 
7.0272000e+04 1.8626760e-06 
7.0400000e+04 1.8605646e-06 
7.0528000e+04 1.8442753e-06 
7.0656000e+04 1.8501245e-06 
7.0784000e+04 1.8630891e-06 
7.0912000e+04 1.8561450e-06 
7.1040000e+04 1.8609160e-06 
7.1168000e+04 1.8394744e-06 
7.1296000e+04 1.8381015e-06 
7.1424000e+04 1.8594822e-06 
7.1552000e+04 1.8376152e-06 
7.1680000e+04 1.8113038e-06 
7.1808000e+04 1.8012589e-06 
7.1936000e+04 1.8114808e-06 
7.2064000e+04 1.8368326e-06 
7.2192000e+04 1.8477087e-06 
7.2320000e+04 1.8092408e-06 
7.2448000e+04 1.7932847e-06 
7.2576000e+04 1.8040437e-06 
7.2704000e+04 1.7880392e-06 
7.2832000e+04 1.7967237e-06 
7.2960000e+04 1.8111886e-06 
7.3088000e+04 1.7979710e-06 
7.3216000e+04 1.7787403e-06 
7.3344000e+04 1.7638606e-06 
7.3472000e+04 1.7415360e-06 
7.3600000e+04 1.7134839e-06 
7.3728000e+04 1.7519192e-06 
7.3856000e+04 1.8022915e-06 
7.3984000e+04 1.7913974e-06 
7.4112000e+04 1.8002050e-06 
7.4240000e+04 1.7957890e-06 
7.4368000e+04 1.7710875e-06 
7.4496000e+04 1.7461657e-06 
7.4624000e+04 1.7310415e-06 
7.4752000e+04 1.7289976e-06 
7.4880000e+04 1.7269562e-06 
7.5008000e+04 1.7570201e-06 
7.5136000e+04 1.7778324e-06 
7.5264000e+04 1.7724977e-06 
7.5392000e+04 1.7431487e-06 
7.5520000e+04 1.7074256e-06 
7.5648000e+04 1.7205271e-06 
7.5776000e+04 1.7457536e-06 
7.5904000e+04 1.7438781e-06 
7.6032000e+04 1.7599529e-06 
7.6160000e+04 1.7535029e-06 
7.6288000e+04 1.7434703e-06 
7.6416000e+04 1.7514421e-06 
7.6544000e+04 1.7572207e-06 
7.6672000e+04 1.7328880e-06 
7.6800000e+04 1.6907794e-06 
7.6928000e+04 1.6864522e-06 
7.7056000e+04 1.7098887e-06 
7.7184000e+04 1.6969371e-06 
7.7312000e+04 1.6661077e-06 
7.7440000e+04 1.6660143e-06 
7.7568000e+04 1.6846236e-06 
7.7696000e+04 1.7227349e-06 
7.7824000e+04 1.7345783e-06 
7.7952000e+04 1.7168096e-06 
7.8080000e+04 1.7103300e-06 
7.8208000e+04 1.7463881e-06 
7.8336000e+04 1.8247176e-06 
7.8464000e+04 1.7599934e-06 
7.8592000e+04 1.6549407e-06 
7.8720000e+04 1.6611776e-06 
7.8848000e+04 1.6946117e-06 
7.8976000e+04 1.7045653e-06 
7.9104000e+04 1.6992509e-06 
7.9232000e+04 1.6737019e-06 
7.9360000e+04 1.6806886e-06 
7.9488000e+04 1.6813807e-06 
7.9616000e+04 1.6696401e-06 
7.9744000e+04 1.6278830e-06 
7.9872000e+04 1.5830351e-06 
8.0000000e+04 1.5765584e-06 
8.0128000e+04 1.6131119e-06 
8.0256000e+04 1.6417400e-06 
8.0384000e+04 1.6300722e-06 
8.0512000e+04 1.6106837e-06 
8.0640000e+04 1.6080209e-06 
8.0768000e+04 1.6250954e-06 
8.0896000e+04 1.6549461e-06 
8.1024000e+04 1.6504024e-06 
8.1152000e+04 1.6536147e-06 
8.1280000e+04 1.6639029e-06 
8.1408000e+04 1.6893134e-06 
8.1536000e+04 1.7098794e-06 
8.1664000e+04 1.6732591e-06 
8.1792000e+04 1.6605594e-06 
8.1920000e+04 1.6649026e-06 
8.2048000e+04 1.6415453e-06 
8.2176000e+04 1.6139800e-06 
8.2304000e+04 1.6279276e-06 
8.2432000e+04 1.6533605e-06 
8.2560000e+04 1.6806719e-06 
8.2688000e+04 1.6571280e-06 
8.2816000e+04 1.6422863e-06 
8.2944000e+04 1.6490856e-06 
8.3072000e+04 1.6652390e-06 
8.3200000e+04 1.7019098e-06 
8.3328000e+04 1.6937319e-06 
8.3456000e+04 1.6562876e-06 
8.3584000e+04 1.6491454e-06 
8.3712000e+04 1.6510550e-06 
8.3840000e+04 1.6231642e-06 
8.3968000e+04 1.5978185e-06 
8.4096000e+04 1.6027875e-06 
8.4224000e+04 1.6087785e-06 
8.4352000e+04 1.5998056e-06 
8.4480000e+04 1.5838609e-06 
8.4608000e+04 1.5928545e-06 
8.4736000e+04 1.5865343e-06 
8.4864000e+04 1.5949668e-06 
8.4992000e+04 1.5909388e-06 
8.5120000e+04 1.5602678e-06 
8.5248000e+04 1.5820881e-06 
8.5376000e+04 1.6266163e-06 
8.5504000e+04 1.6242659e-06 
8.5632000e+04 1.5880819e-06 
8.5760000e+04 1.5801108e-06 
8.5888000e+04 1.5948442e-06 
8.6016000e+04 1.6180840e-06 
8.6144000e+04 1.6302708e-06 
8.6272000e+04 1.6394127e-06 
8.6400000e+04 1.6339337e-06 
8.6528000e+04 1.6038261e-06 
8.6656000e+04 1.5860431e-06 
8.6784000e+04 1.6010955e-06 
8.6912000e+04 1.6229181e-06 
8.7040000e+04 1.6499404e-06 
8.7168000e+04 1.6337920e-06 
8.7296000e+04 1.6200377e-06 
8.7424000e+04 1.5975993e-06 
8.7552000e+04 1.5838800e-06 
8.7680000e+04 1.5812285e-06 
8.7808000e+04 1.5740452e-06 
8.7936000e+04 1.5693755e-06 
8.8064000e+04 1.5569924e-06 
8.8192000e+04 1.5619030e-06 
8.8320000e+04 1.5998074e-06 
8.8448000e+04 1.5849308e-06 
8.8576000e+04 1.5611315e-06 
8.8704000e+04 1.5755287e-06 
8.8832000e+04 1.5799321e-06 
8.8960000e+04 1.5593019e-06 
8.9088000e+04 1.5697374e-06 
8.9216000e+04 1.5837792e-06 
8.9344000e+04 1.5686330e-06 
8.9472000e+04 1.5722419e-06 
8.9600000e+04 1.5699701e-06 
8.9728000e+04 1.5605865e-06 
8.9856000e+04 1.5580715e-06 
8.9984000e+04 1.5618928e-06 
9.0112000e+04 1.5224375e-06 
9.0240000e+04 1.5046430e-06 
9.0368000e+04 1.5386133e-06 
9.0496000e+04 1.5820413e-06 
9.0624000e+04 1.5882371e-06 
9.0752000e+04 1.6139162e-06 
9.0880000e+04 1.6162907e-06 
9.1008000e+04 1.5927827e-06 
9.1136000e+04 1.6280671e-06 
9.1264000e+04 1.6444785e-06 
9.1392000e+04 1.6318666e-06 
9.1520000e+04 1.5821003e-06 
9.1648000e+04 1.5665108e-06 
9.1776000e+04 1.6432946e-06 
9.1904000e+04 1.6563695e-06 
9.2032000e+04 1.6415994e-06 
9.2160000e+04 1.6490892e-06 
9.2288000e+04 1.6382107e-06 
9.2416000e+04 1.5932602e-06 
9.2544000e+04 1.5990400e-06 
9.2672000e+04 1.6274595e-06 
9.2800000e+04 1.5809993e-06 
9.2928000e+04 1.5434659e-06 
9.3056000e+04 1.5619441e-06 
9.3184000e+04 1.5872644e-06 
9.3312000e+04 1.5594834e-06 
9.3440000e+04 1.5271971e-06 
9.3568000e+04 1.5498698e-06 
9.3696000e+04 1.5326834e-06 
9.3824000e+04 1.4696000e-06 
9.3952000e+04 1.4709027e-06 
9.4080000e+04 1.5308166e-06 
9.4208000e+04 1.5433592e-06 
9.4336000e+04 1.5041476e-06 
9.4464000e+04 1.5058281e-06 
9.4592000e+04 1.5423801e-06 
9.4720000e+04 1.5756308e-06 
9.4848000e+04 1.5581844e-06 
9.4976000e+04 1.5013179e-06 
9.5104000e+04 1.4676247e-06 
9.5232000e+04 1.5167147e-06 
9.5360000e+04 1.5569120e-06 
9.5488000e+04 1.5114101e-06 
9.5616000e+04 1.4446110e-06 
9.5744000e+04 1.4250936e-06 
9.5872000e+04 1.4537537e-06 
9.6000000e+04 1.4956647e-06 
9.6128000e+04 1.5190529e-06 
9.6256000e+04 1.5062051e-06 
9.6384000e+04 1.4820591e-06 
9.6512000e+04 1.4486056e-06 
9.6640000e+04 1.4498468e-06 
9.6768000e+04 1.5022808e-06 
9.6896000e+04 1.5227083e-06 
9.7024000e+04 1.5011465e-06 
9.7152000e+04 1.4416718e-06 
9.7280000e+04 1.3963576e-06 
9.7408000e+04 1.3920668e-06 
9.7536000e+04 1.3786148e-06 
9.7664000e+04 1.4117084e-06 
9.7792000e+04 1.4949735e-06 
9.7920000e+04 1.6033121e-06 
9.8048000e+04 1.5785398e-06 
9.8176000e+04 1.5049355e-06 
9.8304000e+04 1.4654928e-06 
9.8432000e+04 1.4328081e-06 
9.8560000e+04 1.3856607e-06 
9.8688000e+04 1.3582594e-06 
9.8816000e+04 1.3579210e-06 
9.8944000e+04 1.3572234e-06 
9.9072000e+04 1.3948927e-06 
9.9200000e+04 1.4529718e-06 
9.9328000e+04 1.4491402e-06 
9.9456000e+04 1.4539645e-06 
9.9584000e+04 1.4937774e-06 
9.9712000e+04 1.5027692e-06 
9.9840000e+04 1.4975528e-06 
9.9968000e+04 1.4812018e-06 
1.0009600e+05 1.4737462e-06 
1.0022400e+05 1.4518779e-06 
1.0035200e+05 1.4326146e-06 
1.0048000e+05 1.4257572e-06 
1.0060800e+05 1.3894190e-06 
1.0073600e+05 1.3465631e-06 
1.0086400e+05 1.3718080e-06 
1.0099200e+05 1.3908735e-06 
1.0112000e+05 1.3568598e-06 
1.0124800e+05 1.3324237e-06 
1.0137600e+05 1.3241546e-06 
1.0150400e+05 1.3060452e-06 
1.0163200e+05 1.3086922e-06 
1.0176000e+05 1.3316399e-06 
1.0188800e+05 1.3405944e-06 
1.0201600e+05 1.3491706e-06 
1.0214400e+05 1.3417017e-06 
1.0227200e+05 1.3004561e-06 
1.0240000e+05 1.2904853e-06 
