0.0000000e+00 4.8760071e+00 
5.0024426e+01 4.7950602e+00 
1.0004885e+02 4.7096186e+00 
1.5007328e+02 4.6138940e+00 
2.0009770e+02 4.5064783e+00 
2.5012213e+02 4.3952417e+00 
3.0014656e+02 4.2808785e+00 
3.5017098e+02 4.1545668e+00 
4.0019541e+02 4.0306540e+00 
4.5021983e+02 3.8942339e+00 
5.0024426e+02 3.7585814e+00 
5.5026869e+02 3.6293314e+00 
6.0029311e+02 3.4921703e+00 
6.5031754e+02 3.3601842e+00 
7.0034196e+02 3.2311113e+00 
7.5036639e+02 3.1024456e+00 
8.0039082e+02 2.9781172e+00 
8.5041524e+02 2.8610671e+00 
9.0043967e+02 2.7458043e+00 
9.5046409e+02 2.6410515e+00 
1.0004885e+03 2.5453115e+00 
1.0505129e+03 2.4550846e+00 
1.1005374e+03 2.3746099e+00 
1.1505618e+03 2.3093657e+00 
1.2005862e+03 2.2469490e+00 
1.2506106e+03 2.2024541e+00 
1.3006351e+03 2.1686447e+00 
1.3506595e+03 2.1426072e+00 
1.4006839e+03 2.1377904e+00 
1.4507084e+03 2.1353829e+00 
1.5007328e+03 2.1464615e+00 
1.5507572e+03 2.1768506e+00 
1.6007816e+03 2.2106721e+00 
1.6508061e+03 2.2609813e+00 
1.7008305e+03 2.3238750e+00 
1.7508549e+03 2.3929479e+00 
1.8008793e+03 2.4767153e+00 
1.8509038e+03 2.5687773e+00 
1.9009282e+03 2.6640451e+00 
1.9509526e+03 2.7724459e+00 
2.0009770e+03 2.8867502e+00 
2.0510015e+03 3.0055137e+00 
2.1010259e+03 3.1328981e+00 
2.1510503e+03 3.2644937e+00 
2.2010747e+03 3.3963695e+00 
2.2510992e+03 3.5305932e+00 
2.3011236e+03 3.6681027e+00 
2.3511480e+03 3.8012600e+00 
2.4011724e+03 3.9335306e+00 
2.4511969e+03 4.0672307e+00 
2.5012213e+03 4.1905036e+00 
2.5512457e+03 4.3136516e+00 
2.6012702e+03 4.4314976e+00 
2.6512946e+03 4.5369635e+00 
2.7013190e+03 4.6438808e+00 
2.7513434e+03 4.7357011e+00 
2.8013679e+03 4.8206134e+00 
2.8513923e+03 4.8991051e+00 
2.9014167e+03 4.9591951e+00 
2.9514411e+03 5.0129619e+00 
3.0014656e+03 5.0551624e+00 
3.0514900e+03 5.0829577e+00 
3.1015144e+03 5.1006818e+00 
3.1515388e+03 5.1064296e+00 
3.2015633e+03 5.0997243e+00 
3.2515877e+03 5.0800829e+00 
3.3016121e+03 5.0513272e+00 
3.3516365e+03 5.0067244e+00 
3.4016610e+03 4.9534311e+00 
3.4516854e+03 4.8875580e+00 
3.5017098e+03 4.8109722e+00 
3.5517342e+03 4.7245936e+00 
3.6017587e+03 4.6313071e+00 
3.6517831e+03 4.5258336e+00 
3.7018075e+03 4.4160256e+00 
3.7518319e+03 4.2996702e+00 
3.8018564e+03 4.1742029e+00 
3.8518808e+03 4.0524921e+00 
3.9019052e+03 3.9194369e+00 
3.9519297e+03 3.7839870e+00 
4.0019541e+03 3.6542234e+00 
4.0519785e+03 3.5181115e+00 
4.1020029e+03 3.3838298e+00 
4.1520274e+03 3.2523999e+00 
4.2020518e+03 3.1208110e+00 
4.2520762e+03 2.9949336e+00 
4.3021006e+03 2.8758023e+00 
4.3521251e+03 2.7612896e+00 
4.4021495e+03 2.6544619e+00 
4.4521739e+03 2.5572855e+00 
4.5021983e+03 2.4675851e+00 
4.5522228e+03 2.3861933e+00 
4.6022472e+03 2.3171046e+00 
4.6522716e+03 2.2575939e+00 
4.7022960e+03 2.2068045e+00 
4.7523205e+03 2.1734712e+00 
4.8023449e+03 2.1469436e+00 
4.8523693e+03 2.1320131e+00 
4.9023937e+03 2.1373088e+00 
4.9524182e+03 2.1459796e+00 
5.0024426e+03 2.1696100e+00 
5.0524670e+03 2.2101884e+00 
5.1024915e+03 2.2537229e+00 
5.1525159e+03 2.3156536e+00 
5.2025403e+03 2.3852284e+00 
5.2525647e+03 2.4627781e+00 
5.3025892e+03 2.5548911e+00 
5.3526136e+03 2.6525455e+00 
5.4026380e+03 2.7598357e+00 
5.4526624e+03 2.8734238e+00 
5.5026869e+03 2.9944530e+00 
5.5527113e+03 3.1174269e+00 
5.6027357e+03 3.2470779e+00 
5.6527601e+03 3.3790057e+00 
5.7027846e+03 3.5133090e+00 
5.7528090e+03 3.6475227e+00 
5.8028334e+03 3.7815890e+00 
5.8528578e+03 3.9126437e+00 
5.9028823e+03 4.0472660e+00 
5.9529067e+03 4.1765990e+00 
6.0029311e+03 4.2962961e+00 
6.0529555e+03 4.4150591e+00 
6.1029800e+03 4.5268011e+00 
6.1530044e+03 4.6279211e+00 
6.2030288e+03 4.7270083e+00 
6.2530532e+03 4.8085623e+00 
6.3030777e+03 4.8837080e+00 
6.3531021e+03 4.9519892e+00 
6.4031265e+03 5.0048056e+00 
6.4531510e+03 5.0484514e+00 
6.5031754e+03 5.0815201e+00 
6.5531998e+03 5.0987663e+00 
6.6032242e+03 5.1054721e+00 
6.6532487e+03 5.1021194e+00 
6.7032731e+03 5.0853534e+00 
6.7532975e+03 5.0537243e+00 
6.8033219e+03 5.0129619e+00 
6.8533464e+03 4.9611163e+00 
6.9033708e+03 4.8962188e+00 
6.9533952e+03 4.8230238e+00 
7.0034196e+03 4.7395639e+00 
7.0534441e+03 4.6429138e+00 
7.1034685e+03 4.5442214e+00 
7.1534929e+03 4.4314976e+00 
7.2035173e+03 4.3136516e+00 
7.2535418e+03 4.1967406e+00 
7.3035662e+03 4.0662794e+00 
7.3535906e+03 3.9359634e+00 
7.4036150e+03 3.8041408e+00 
7.4536395e+03 3.6685810e+00 
7.5036639e+03 3.5349128e+00 
7.5536883e+03 3.3992624e+00 
7.6037128e+03 3.2659452e+00 
7.6537372e+03 3.1382174e+00 
7.7037616e+03 3.0132129e+00 
7.7537860e+03 2.8938971e+00 
7.8038105e+03 2.7773042e+00 
7.8538349e+03 2.6721947e+00 
7.9038593e+03 2.5735643e+00 
7.9538837e+03 2.4815192e+00 
8.0039082e+03 2.4021113e+00 
8.0539326e+03 2.3262928e+00 
8.1039570e+03 2.2672720e+00 
8.1539814e+03 2.2188921e+00 
8.2040059e+03 2.1754022e+00 
8.2540303e+03 2.1517632e+00 
8.3040547e+03 2.1363459e+00 
8.3540791e+03 2.1329756e+00 
8.4041036e+03 2.1454978e+00 
8.4541280e+03 2.1652670e+00 
8.5041524e+03 2.1971378e+00 
8.5541768e+03 2.2459812e+00 
8.6042013e+03 2.3021097e+00 
8.6542257e+03 2.3697820e+00 
8.7042501e+03 2.4497933e+00 
8.7542745e+03 2.5362082e+00 
8.8042990e+03 2.6319549e+00 
8.8543234e+03 2.7366283e+00 
8.9043478e+03 2.8496771e+00 
8.9543723e+03 2.9665978e+00 
9.0043967e+03 3.0937493e+00 
9.0544211e+03 3.2233689e+00 
9.1044455e+03 3.3495622e+00 
9.1544700e+03 3.4888058e+00 
9.2044944e+03 3.6211920e+00 
9.2545188e+03 3.7509160e+00 
9.3045432e+03 3.8874617e+00 
9.3545677e+03 4.0192771e+00 
9.4045921e+03 4.1464319e+00 
9.4546165e+03 4.2717290e+00 
9.5046409e+03 4.3899264e+00 
9.5546654e+03 4.4997039e+00 
9.6046898e+03 4.6085730e+00 
9.6547142e+03 4.7062368e+00 
9.7047386e+03 4.7926483e+00 
9.7547631e+03 4.8697486e+00 
9.8047875e+03 4.9385343e+00 
9.8548119e+03 4.9928074e+00 
9.9048363e+03 5.0398211e+00 
9.9548608e+03 5.0767283e+00 
1.0004885e+04 5.0939760e+00 
1.0054910e+04 5.1059504e+00 
1.0104934e+04 5.1045141e+00 
1.0154958e+04 5.0848737e+00 
1.0204983e+04 5.0618730e+00 
1.0255007e+04 5.0211172e+00 
1.0305032e+04 4.9697623e+00 
1.0355056e+04 4.9106493e+00 
1.0405081e+04 4.8355532e+00 
1.0455105e+04 4.7535648e+00 
1.0505129e+04 4.6617718e+00 
1.0555154e+04 4.5606737e+00 
1.0605178e+04 4.4527774e+00 
1.0655203e+04 4.3372889e+00 
1.0705227e+04 4.2164226e+00 
1.0755252e+04 4.0905623e+00 
1.0805276e+04 3.9632773e+00 
1.0855300e+04 3.8315306e+00 
1.0905325e+04 3.6944239e+00 
1.0955349e+04 3.5622561e+00 
1.1005374e+04 3.4281776e+00 
1.1055398e+04 3.2920599e+00 
1.1105423e+04 3.1633694e+00 
1.1155447e+04 3.0348837e+00 
1.1205471e+04 2.9134593e+00 
1.1255496e+04 2.7987413e+00 
1.1305520e+04 2.6861067e+00 
1.1355545e+04 2.5845735e+00 
1.1405569e+04 2.4944837e+00 
1.1455594e+04 2.4093430e+00 
1.1505618e+04 2.3364453e+00 
1.1555642e+04 2.2721109e+00 
1.1605667e+04 2.2232447e+00 
1.1655691e+04 2.1811962e+00 
1.1705716e+04 2.1522453e+00 
1.1755740e+04 2.1382720e+00 
1.1805765e+04 2.1320131e+00 
1.1855789e+04 2.1421254e+00 
1.1905813e+04 2.1657495e+00 
1.1955838e+04 2.1927888e+00 
1.2005862e+04 2.2401752e+00 
1.2055887e+04 2.2977557e+00 
1.2105911e+04 2.3630211e+00 
1.2155936e+04 2.4430573e+00 
1.2205960e+04 2.5290194e+00 
1.2255984e+04 2.6242964e+00 
1.2306009e+04 2.7298748e+00 
1.2356033e+04 2.8435140e+00 
1.2406058e+04 2.9589238e+00 
1.2456082e+04 3.0811925e+00 
1.2506106e+04 3.2127233e+00 
1.2556131e+04 3.3389378e+00 
1.2606155e+04 3.4729395e+00 
1.2656180e+04 3.6111355e+00 
1.2706204e+04 3.7408581e+00 
1.2756229e+04 3.8753817e+00 
1.2806253e+04 4.0121722e+00 
1.2856277e+04 4.1359100e+00 
1.2906302e+04 4.2611380e+00 
1.2956326e+04 4.3788142e+00 
1.3006351e+04 4.4905105e+00 
1.3056375e+04 4.5984135e+00 
1.3106400e+04 4.6956067e+00 
1.3156424e+04 4.7844481e+00 
1.3206448e+04 4.8601193e+00 
1.3256473e+04 4.9308443e+00 
1.3306497e+04 4.9899278e+00 
1.3356522e+04 5.0345464e+00 
1.3406546e+04 5.0728955e+00 
1.3456571e+04 5.0963707e+00 
1.3506595e+04 5.1035557e+00 
1.3556619e+04 5.1045141e+00 
1.3606644e+04 5.0901442e+00 
1.3656668e+04 5.0647488e+00 
1.3706693e+04 5.0297508e+00 
1.3756717e+04 4.9764848e+00 
1.3806742e+04 4.9173822e+00 
1.3856766e+04 4.8480787e+00 
1.3906790e+04 4.7637010e+00 
1.3956815e+04 4.6738577e+00 
1.4006839e+04 4.5737381e+00 
1.4056864e+04 4.4668045e+00 
1.4106888e+04 4.3512869e+00 
1.4156913e+04 4.2317986e+00 
1.4206937e+04 4.1086845e+00 
1.4256961e+04 3.9760025e+00 
1.4306986e+04 3.8454869e+00 
1.4357010e+04 3.7135684e+00 
1.4407035e+04 3.5771179e+00 
1.4457059e+04 3.4464760e+00 
1.4507084e+04 3.3123639e+00 
1.4557108e+04 3.1788514e+00 
1.4607132e+04 3.0541680e+00 
1.4657157e+04 2.9316232e+00 
1.4707181e+04 2.8148928e+00 
1.4757206e+04 2.7058017e+00 
1.4807230e+04 2.6041956e+00 
1.4857255e+04 2.5093596e+00 
1.4907279e+04 2.4247620e+00 
1.4957303e+04 2.3499777e+00 
1.5007328e+04 2.2832403e+00 
1.5057352e+04 2.2290490e+00 
1.5107377e+04 2.1903734e+00 
1.5157401e+04 2.1575491e+00 
1.5207426e+04 2.1377904e+00 
1.5257450e+04 2.1353829e+00 
1.5307474e+04 2.1368272e+00 
1.5357499e+04 2.1575491e+00 
1.5407523e+04 2.1894071e+00 
1.5457548e+04 2.2290490e+00 
1.5507572e+04 2.2851758e+00 
1.5557596e+04 2.3504610e+00 
1.5607621e+04 2.4257252e+00 
1.5657645e+04 2.5093596e+00 
1.5707670e+04 2.6061096e+00 
1.5757694e+04 2.7096491e+00 
1.5807719e+04 2.8193097e+00 
1.5857743e+04 2.9364080e+00 
1.5907767e+04 3.0604386e+00 
1.5957792e+04 3.1846578e+00 
1.6007816e+04 3.3200960e+00 
1.6057841e+04 3.4503267e+00 
1.6107865e+04 3.5828695e+00 
1.6157890e+04 3.7217062e+00 
1.6207914e+04 3.8546393e+00 
1.6257938e+04 3.9872854e+00 
1.6307963e+04 4.1158442e+00 
1.6357987e+04 4.2394900e+00 
1.6408012e+04 4.3575635e+00 
1.6458036e+04 4.4726095e+00 
1.6508061e+04 4.5805125e+00 
1.6558085e+04 4.6801410e+00 
1.6608109e+04 4.7699742e+00 
1.6658134e+04 4.8528957e+00 
1.6708158e+04 4.9197865e+00 
1.6758183e+04 4.9798460e+00 
1.6808207e+04 5.0297508e+00 
1.6858232e+04 5.0652285e+00 
1.6908256e+04 5.0901442e+00 
1.6958280e+04 5.1054721e+00 
1.7008305e+04 5.1035557e+00 
1.7058329e+04 5.0934978e+00 
1.7108354e+04 5.0714583e+00 
1.7158378e+04 5.0350256e+00 
1.7208403e+04 4.9856067e+00 
1.7258427e+04 4.9284406e+00 
1.7308451e+04 4.8586750e+00 
1.7358476e+04 4.7757649e+00 
1.7408500e+04 4.6883578e+00 
1.7458525e+04 4.5921245e+00 
1.7508549e+04 4.4803505e+00 
1.7558574e+04 4.3696365e+00 
1.7608598e+04 4.2471848e+00 
1.7658622e+04 4.1210971e+00 
1.7708647e+04 3.9966249e+00 
1.7758671e+04 3.8613882e+00 
1.7808696e+04 3.7264936e+00 
1.7858720e+04 3.5948489e+00 
1.7908745e+04 3.4585078e+00 
1.7958769e+04 3.3234785e+00 
1.8008793e+04 3.1909480e+00 
1.8058818e+04 3.0667117e+00 
1.8108842e+04 2.9435894e+00 
1.8158867e+04 2.8242235e+00 
1.8208891e+04 2.7154231e+00 
1.8258915e+04 2.6085026e+00 
1.8308940e+04 2.5141559e+00 
1.8358964e+04 2.4324672e+00 
1.8408989e+04 2.3543262e+00 
1.8459013e+04 2.2890465e+00 
1.8509038e+04 2.2338862e+00 
1.8559062e+04 2.1903734e+00 
1.8609086e+04 2.1594784e+00 
1.8659111e+04 2.1392353e+00 
1.8709135e+04 2.1334572e+00 
1.8759160e+04 2.1387537e+00 
1.8809184e+04 2.1570668e+00 
1.8859209e+04 2.1879578e+00 
1.8909233e+04 2.2256629e+00 
1.8959257e+04 2.2803369e+00 
1.9009282e+04 2.3456287e+00 
1.9059306e+04 2.4175358e+00 
1.9109331e+04 2.5050418e+00 
1.9159355e+04 2.5984526e+00 
1.9209380e+04 2.6995533e+00 
1.9259404e+04 2.8075430e+00 
1.9309428e+04 2.9249277e+00 
1.9359453e+04 3.0478985e+00 
1.9409477e+04 3.1740131e+00 
1.9459502e+04 3.3075304e+00 
1.9509526e+04 3.4411800e+00 
1.9559551e+04 3.5699275e+00 
1.9609575e+04 3.7097397e+00 
1.9659599e+04 3.8411543e+00 
1.9709624e+04 3.9706149e+00 
1.9759648e+04 4.1010509e+00 
1.9809673e+04 4.2245893e+00 
1.9859697e+04 4.3445287e+00 
1.9909722e+04 4.4605160e+00 
1.9959746e+04 4.5684156e+00 
2.0009770e+04 4.6675730e+00 
2.0059795e+04 4.7612877e+00 
2.0109819e+04 4.8432617e+00 
2.0159844e+04 4.9144974e+00 
2.0209868e+04 4.9726434e+00 
2.0259893e+04 5.0259137e+00 
2.0309917e+04 5.0609145e+00 
2.0359941e+04 5.0882273e+00 
2.0409966e+04 5.1040349e+00 
2.0459990e+04 5.1035557e+00 
2.0510015e+04 5.0920606e+00 
2.0560039e+04 5.0724158e+00 
2.0610064e+04 5.0350256e+00 
2.0660088e+04 4.9889669e+00 
2.0710112e+04 4.9327664e+00 
2.0760137e+04 4.8639717e+00 
2.0810161e+04 4.7858958e+00 
2.0860186e+04 4.6960893e+00 
2.0910210e+04 4.5979300e+00 
2.0960234e+04 4.4876075e+00 
2.1010259e+04 4.3768821e+00 
2.1060283e+04 4.2582507e+00 
2.1110308e+04 4.1311302e+00 
2.1160332e+04 4.0045986e+00 
2.1210357e+04 3.8729677e+00 
2.1260381e+04 3.7365479e+00 
2.1310405e+04 3.6039503e+00 
2.1360430e+04 3.4690919e+00 
2.1410454e+04 3.3316920e+00 
2.1460479e+04 3.2011099e+00 
2.1510503e+04 3.0725031e+00 
2.1560528e+04 2.9479001e+00 
2.1610552e+04 2.8307288e+00 
2.1660576e+04 2.7178299e+00 
2.1710601e+04 2.6128097e+00 
2.1760625e+04 2.5184720e+00 
2.1810650e+04 2.4329488e+00 
2.1860674e+04 2.3562586e+00 
2.1910699e+04 2.2900145e+00 
2.1960723e+04 2.2363050e+00 
2.2010747e+04 2.1908565e+00 
2.2060772e+04 2.1594784e+00 
2.2110796e+04 2.1426072e+00 
2.2160821e+04 2.1324942e+00 
2.2210845e+04 2.1397169e+00 
2.2260870e+04 2.1561024e+00 
2.2310894e+04 2.1855426e+00 
2.2360918e+04 2.2271142e+00 
2.2410943e+04 2.2798531e+00 
2.2460967e+04 2.3456287e+00 
2.2510992e+04 2.4194629e+00 
2.2561016e+04 2.5060012e+00 
2.2611041e+04 2.6008456e+00 
2.2661065e+04 2.6971509e+00 
2.2711089e+04 2.8134215e+00 
2.2761114e+04 2.9282751e+00 
2.2811138e+04 3.0464520e+00 
2.2861163e+04 3.1788514e+00 
2.2911187e+04 3.3094637e+00 
2.2961212e+04 3.4426246e+00 
2.3011236e+04 3.5799935e+00 
2.3061260e+04 3.7087822e+00 
2.3111285e+04 3.8440428e+00 
2.3161309e+04 3.9794338e+00 
2.3211334e+04 4.1105928e+00 
2.3261358e+04 4.2337208e+00 
2.3311383e+04 4.3537011e+00 
2.3361407e+04 4.4711585e+00 
2.3411431e+04 4.5785770e+00 
2.3461456e+04 4.6796579e+00 
2.3511480e+04 4.7704568e+00 
2.3561505e+04 4.8475966e+00 
2.3611529e+04 4.9183440e+00 
2.3661553e+04 4.9803257e+00 
2.3711578e+04 5.0273528e+00 
2.3761602e+04 5.0676236e+00 
2.3811627e+04 5.0925388e+00 
2.3861651e+04 5.1016407e+00 
2.3911676e+04 5.1035557e+00 
2.3961700e+04 5.0915813e+00 
2.4011724e+04 5.0676236e+00 
2.4061749e+04 5.0311899e+00 
2.4111773e+04 4.9851270e+00 
2.4161798e+04 4.9265175e+00 
2.4211822e+04 4.8562670e+00 
2.4261847e+04 4.7791414e+00 
2.4311871e+04 4.6854582e+00 
2.4361895e+04 4.5858345e+00 
2.4411920e+04 4.4818020e+00 
2.4461944e+04 4.3643236e+00 
2.4511969e+04 4.2452607e+00 
2.4561993e+04 4.1220522e+00 
2.4612018e+04 3.9917073e+00 
2.4662042e+04 3.8623528e+00 
2.4712066e+04 3.7279301e+00 
2.4762091e+04 3.5914950e+00 
2.4812115e+04 3.4580264e+00 
2.4862140e+04 3.3229954e+00 
2.4912164e+04 3.1890128e+00 
2.4962189e+04 3.0609212e+00 
2.5012213e+04 2.9378440e+00 
2.5062237e+04 2.8227489e+00 
2.5112262e+04 2.7101302e+00 
2.5162286e+04 2.6118524e+00 
2.5212311e+04 2.5155947e+00 
2.5262335e+04 2.4290967e+00 
2.5312360e+04 2.3548095e+00 
2.5362384e+04 2.2856598e+00 
2.5412408e+04 2.2338862e+00 
2.5462433e+04 2.1932721e+00 
2.5512457e+04 2.1565847e+00 
2.5562482e+04 2.1397169e+00 
2.5612506e+04 2.1339386e+00 
2.5662531e+04 2.1358643e+00 
2.5712555e+04 2.1561024e+00 
2.5762579e+04 2.1865087e+00 
2.5812604e+04 2.2266304e+00 
2.5862628e+04 2.2808208e+00 
2.5912653e+04 2.3480449e+00 
2.5962677e+04 2.4228354e+00 
2.6012702e+04 2.5064809e+00 
2.6062726e+04 2.6018026e+00 
2.6112750e+04 2.7038789e+00 
2.6162775e+04 2.8144023e+00 
2.6212799e+04 2.9316232e+00 
2.6262824e+04 3.0527208e+00 
2.6312848e+04 3.1788514e+00 
2.6362872e+04 3.3138134e+00 
2.6412897e+04 3.4426246e+00 
2.6462921e+04 3.5785556e+00 
2.6512946e+04 3.7159622e+00 
2.6562970e+04 3.8459682e+00 
2.6612995e+04 3.9769828e+00 
2.6663019e+04 4.1096387e+00 
2.6713043e+04 4.2351632e+00 
2.6763068e+04 4.3541832e+00 
2.6813092e+04 4.4706750e+00 
2.6863117e+04 4.5751901e+00 
2.6913141e+04 4.6753073e+00 
2.6963166e+04 4.7685266e+00 
2.7013190e+04 4.8475966e+00 
2.7063214e+04 4.9183440e+00 
2.7113239e+04 4.9841666e+00 
2.7163263e+04 5.0278325e+00 
2.7213288e+04 5.0642691e+00 
2.7263312e+04 5.0934978e+00 
2.7313337e+04 5.1016407e+00 
2.7363361e+04 5.1021194e+00 
2.7413385e+04 5.0925388e+00 
2.7463410e+04 5.0690618e+00 
2.7513434e+04 5.0350256e+00 
2.7563459e+04 4.9870467e+00 
2.7613483e+04 4.9274788e+00 
2.7663508e+04 4.8581929e+00 
2.7713532e+04 4.7772121e+00 
2.7763556e+04 4.6888409e+00 
2.7813581e+04 4.5882540e+00 
2.7863605e+04 4.4827695e+00 
2.7913630e+04 4.3686705e+00 
2.7963654e+04 4.2467036e+00 
2.8013679e+04 4.1239624e+00 
2.8063703e+04 3.9931817e+00 
2.8113727e+04 3.8613882e+00 
2.8163752e+04 3.7303233e+00 
2.8213776e+04 3.5895782e+00 
2.8263801e+04 3.4561017e+00 
2.8313825e+04 3.3239615e+00 
2.8363850e+04 3.1894965e+00 
2.8413874e+04 3.0633335e+00 
2.8463898e+04 2.9392800e+00 
2.8513923e+04 2.8178365e+00 
2.8563947e+04 2.7101302e+00 
2.8613972e+04 2.6070666e+00 
2.8663996e+04 2.5112782e+00 
2.8714021e+04 2.4252436e+00 
2.8764045e+04 2.3504610e+00 
2.8814069e+04 2.2861435e+00 
2.8864094e+04 2.2324350e+00 
2.8914118e+04 2.1894071e+00 
2.8964143e+04 2.1561024e+00 
2.9014167e+04 2.1373088e+00 
2.9064191e+04 2.1339386e+00 
2.9114216e+04 2.1373088e+00 
2.9164240e+04 2.1580312e+00 
2.9214265e+04 2.1903734e+00 
2.9264289e+04 2.2305000e+00 
2.9314314e+04 2.2890465e+00 
2.9364338e+04 2.3528769e+00 
2.9414362e+04 2.4281335e+00 
2.9464387e+04 2.5189514e+00 
2.9514411e+04 2.6118524e+00 
2.9564436e+04 2.7134981e+00 
2.9614460e+04 2.8293099e+00 
2.9664485e+04 2.9464629e+00 
2.9714509e+04 3.0700896e+00 
2.9764533e+04 3.2011099e+00 
2.9814558e+04 3.3336244e+00 
2.9864582e+04 3.4657245e+00 
2.9914607e+04 3.6029928e+00 
2.9964631e+04 3.7370269e+00 
3.0014656e+04 3.8676586e+00 
3.0064680e+04 4.0064917e+00 
3.0114704e+04 4.1330419e+00 
3.0164729e+04 4.2568069e+00 
3.0214753e+04 4.3817124e+00 
3.0264778e+04 4.4924459e+00 
3.0314802e+04 4.5969625e+00 
3.0364827e+04 4.7009220e+00 
3.0414851e+04 4.7863779e+00 
3.0464875e+04 4.8654156e+00 
3.0514900e+04 4.9361310e+00 
3.0564924e+04 4.9908872e+00 
3.0614949e+04 5.0393414e+00 
3.0664973e+04 5.0709786e+00 
3.0714998e+04 5.0915813e+00 
3.0765022e+04 5.1040349e+00 
3.0815046e+04 5.1011610e+00 
3.0865071e+04 5.0882273e+00 
3.0915095e+04 5.0585175e+00 
3.0965120e+04 5.0206375e+00 
3.1015144e+04 4.9707227e+00 
3.1065169e+04 4.9058394e+00 
3.1115193e+04 4.8350711e+00 
3.1165217e+04 4.7497020e+00 
3.1215242e+04 4.6569371e+00 
3.1265266e+04 4.5572867e+00 
3.1315291e+04 4.4450383e+00 
3.1365315e+04 4.3300519e+00 
3.1415340e+04 4.2063394e+00 
3.1465364e+04 4.0786533e+00 
3.1515388e+04 3.9520440e+00 
3.1565413e+04 3.8137455e+00 
3.1615437e+04 3.6800671e+00 
3.1665462e+04 3.5483472e+00 
3.1715486e+04 3.4103498e+00 
3.1765511e+04 3.2765856e+00 
3.1815535e+04 3.1459551e+00 
3.1865559e+04 3.0185075e+00 
3.1915584e+04 2.8967576e+00 
3.1965608e+04 2.7831407e+00 
3.2015633e+04 2.6755514e+00 
3.2065657e+04 2.5735643e+00 
3.2115681e+04 2.4824798e+00 
3.2165706e+04 2.3992178e+00 
3.2215730e+04 2.3267760e+00 
3.2265755e+04 2.2648523e+00 
3.2315779e+04 2.2130895e+00 
3.2365804e+04 2.1739538e+00 
3.2415828e+04 2.1512811e+00 
3.2465852e+04 2.1329756e+00 
3.2515877e+04 2.1320131e+00 
3.2565901e+04 2.1459796e+00 
3.2615926e+04 2.1657495e+00 
3.2665950e+04 2.2029374e+00 
3.2715975e+04 2.2513037e+00 
3.2765999e+04 2.3079147e+00 
3.2816023e+04 2.3813677e+00 
3.2866048e+04 2.4618165e+00 
3.2916072e+04 2.5491436e+00 
3.2966097e+04 2.6482346e+00 
3.3016121e+04 2.7535417e+00 
3.3066146e+04 2.8672433e+00 
3.3116170e+04 2.9867635e+00 
3.3166194e+04 3.1125937e+00 
3.3216219e+04 3.2398205e+00 
3.3266243e+04 3.3751457e+00 
3.3316268e+04 3.5109076e+00 
3.3366292e+04 3.6432140e+00 
3.3416317e+04 3.7835073e+00 
3.3466341e+04 3.9174950e+00 
3.3516365e+04 4.0467911e+00 
3.3566390e+04 4.1775575e+00 
3.3616414e+04 4.2982240e+00 
3.3666439e+04 4.4136090e+00 
3.3716463e+04 4.5297046e+00 
3.3766488e+04 4.6288886e+00 
3.3816512e+04 4.7255592e+00 
3.3866536e+04 4.8124185e+00 
3.3916561e+04 4.8861141e+00 
3.3966585e+04 4.9539108e+00 
3.4016610e+04 5.0096035e+00 
3.4066634e+04 5.0479722e+00 
3.4116659e+04 5.0805621e+00 
3.4166683e+04 5.0997243e+00 
3.4216707e+04 5.1025982e+00 
3.4266732e+04 5.0987663e+00 
3.4316756e+04 5.0819993e+00 
3.4366781e+04 5.0498896e+00 
3.4416805e+04 5.0076842e+00 
3.4466830e+04 4.9543910e+00 
3.4516854e+04 4.8856330e+00 
3.4566878e+04 4.8109722e+00 
3.4616903e+04 4.7260423e+00 
3.4666927e+04 4.6269546e+00 
3.4716952e+04 4.5243816e+00 
3.4766976e+04 4.4121585e+00 
3.4817000e+04 4.2924414e+00 
3.4867025e+04 4.1718073e+00 
3.4917049e+04 4.0401435e+00 
3.4967074e+04 3.9077942e+00 
3.5017098e+04 3.7777529e+00 
3.5067123e+04 3.6379488e+00 
3.5117147e+04 3.5051436e+00 
3.5167171e+04 3.3708026e+00 
3.5217196e+04 3.2359498e+00 
3.5267220e+04 3.1077609e+00 
3.5317245e+04 2.9809988e+00 
3.5367269e+04 2.8620174e+00 
3.5417294e+04 2.7487049e+00 
3.5467318e+04 2.6424882e+00 
3.5517342e+04 2.5448325e+00 
3.5567367e+04 2.4550846e+00 
3.5617391e+04 2.3770237e+00 
3.5667416e+04 2.3064635e+00 
3.5717440e+04 2.2484004e+00 
3.5767465e+04 2.2014873e+00 
3.5817489e+04 2.1652670e+00 
3.5867513e+04 2.1454978e+00 
3.5917538e+04 2.1344199e+00 
3.5967562e+04 2.1339386e+00 
3.6017587e+04 2.1522453e+00 
3.6067611e+04 2.1782990e+00 
3.6117636e+04 2.2159908e+00 
3.6167660e+04 2.2711432e+00 
3.6217684e+04 2.3287101e+00 
3.6267709e+04 2.4040401e+00 
3.6317733e+04 2.4882424e+00 
3.6367758e+04 2.5778723e+00 
3.6417782e+04 2.6827476e+00 
3.6467807e+04 2.7909341e+00 
3.6517831e+04 2.9048665e+00 
3.6567855e+04 3.0310292e+00 
3.6617880e+04 3.1565967e+00 
3.6667904e+04 3.2877083e+00 
3.6717929e+04 3.4243240e+00 
3.6767953e+04 3.5569808e+00 
3.6817978e+04 3.6939452e+00 
3.6868002e+04 3.8286452e+00 
3.6918026e+04 3.9637659e+00 
3.6968051e+04 4.0953293e+00 
3.7018075e+04 4.2197852e+00 
3.7068100e+04 4.3406677e+00 
3.7118124e+04 4.4566460e+00 
3.7168149e+04 4.5674481e+00 
3.7218173e+04 4.6666064e+00 
3.7268197e+04 4.7579093e+00 
3.7318222e+04 4.8422985e+00 
3.7368246e+04 4.9130540e+00 
3.7418271e+04 4.9740839e+00 
3.7468295e+04 5.0254345e+00 
3.7518319e+04 5.0604353e+00 
3.7568344e+04 5.0920606e+00 
3.7618368e+04 5.1030769e+00 
3.7668393e+04 5.1021194e+00 
3.7718417e+04 5.0944552e+00 
3.7768442e+04 5.0685830e+00 
3.7818466e+04 5.0335870e+00 
3.7868490e+04 4.9875274e+00 
3.7918515e+04 4.9265175e+00 
3.7968539e+04 4.8601193e+00 
3.8018564e+04 4.7796235e+00 
3.8068588e+04 4.6869078e+00 
3.8118613e+04 4.5897050e+00 
3.8168637e+04 4.4813180e+00 
3.8218661e+04 4.3672214e+00 
3.8268686e+04 4.2476659e+00 
3.8318710e+04 4.1215744e+00 
3.8368735e+04 3.9926901e+00 
3.8418759e+04 3.8570492e+00 
3.8468784e+04 3.7240999e+00 
3.8518808e+04 3.5890987e+00 
3.8568832e+04 3.4522521e+00 
3.8618857e+04 3.3186460e+00 
3.8668881e+04 3.1832058e+00 
3.8718906e+04 3.0589912e+00 
3.8768930e+04 2.9335370e+00 
3.8818955e+04 2.8144023e+00 
3.8868979e+04 2.7067637e+00 
3.8919003e+04 2.6003668e+00 
3.8969028e+04 2.5055215e+00 
3.9019052e+04 2.4242802e+00 
3.9069077e+04 2.3436959e+00 
3.9119101e+04 2.2813048e+00 
3.9169126e+04 2.2290490e+00 
3.9219150e+04 2.1826448e+00 
3.9269174e+04 2.1565847e+00 
3.9319199e+04 2.1373088e+00 
3.9369223e+04 2.1324942e+00 
3.9419248e+04 2.1411619e+00 
3.9469272e+04 2.1599605e+00 
3.9519297e+04 2.1923058e+00 
3.9569321e+04 2.2382402e+00 
3.9619345e+04 2.2948527e+00 
3.9669370e+04 2.3610892e+00 
3.9719394e+04 2.4396882e+00 
3.9769419e+04 2.5280607e+00 
3.9819443e+04 2.6223819e+00 
3.9869468e+04 2.7298748e+00 
3.9919492e+04 2.8435140e+00 
3.9969516e+04 2.9627600e+00 
4.0019541e+04 3.0927832e+00 
4.0069565e+04 3.2199817e+00 
4.0119590e+04 3.3534255e+00 
4.0169614e+04 3.4936118e+00 
4.0219638e+04 3.6259801e+00 
4.0269663e+04 3.7657692e+00 
4.0319687e+04 3.9000425e+00 
4.0369712e+04 4.0320773e+00 
4.0419736e+04 4.1646218e+00 
4.0469761e+04 4.2852139e+00 
4.0519785e+04 4.4044247e+00 
4.0569809e+04 4.5142202e+00 
4.0619834e+04 4.6076055e+00 
4.0669858e+04 4.6927071e+00 
4.0719883e+04 4.7637010e+00 
4.0769907e+04 4.8220601e+00 
4.0819932e+04 4.8745632e+00 
4.0869956e+04 4.9169016e+00 
4.0919980e+04 4.9534311e+00 
4.0970005e+04 4.9851270e+00 
4.1020029e+04 5.0076842e+00 
4.1070054e+04 5.0249548e+00 
4.1120078e+04 5.0407805e+00 
4.1170103e+04 5.0556417e+00 
4.1220127e+04 5.0633106e+00 
4.1270151e+04 5.0724158e+00 
4.1320176e+04 5.0800829e+00 
4.1370200e+04 5.0829577e+00 
4.1420225e+04 5.0887070e+00 
4.1470249e+04 5.0891857e+00 
4.1520274e+04 5.0901442e+00 
4.1570298e+04 5.0939760e+00 
4.1620322e+04 5.0901442e+00 
4.1670347e+04 5.0911016e+00 
4.1720371e+04 5.0920606e+00 
4.1770396e+04 5.0853534e+00 
4.1820420e+04 5.0858321e+00 
4.1870445e+04 5.0839157e+00 
4.1920469e+04 5.0781665e+00 
4.1970493e+04 5.0738535e+00 
4.2020518e+04 5.0633106e+00 
4.2070542e+04 5.0570798e+00 
4.2120567e+04 5.0508480e+00 
4.2170591e+04 5.0350256e+00 
4.2220616e+04 5.0254345e+00 
4.2270640e+04 5.0105629e+00 
4.2320664e+04 4.9899278e+00 
4.2370689e+04 4.9716825e+00 
4.2420713e+04 4.9481454e+00 
4.2470738e+04 4.9197865e+00 
4.2520762e+04 4.8928509e+00 
4.2570787e+04 4.8601193e+00 
4.2620811e+04 4.8235054e+00 
4.2670835e+04 4.7854128e+00 
4.2720860e+04 4.7429433e+00 
4.2770884e+04 4.6956067e+00 
4.2820909e+04 4.6467824e+00 
4.2870933e+04 4.5930920e+00 
4.2920957e+04 4.5350275e+00 
4.2970982e+04 4.4745445e+00 
4.3021006e+04 4.4087749e+00 
4.3071031e+04 4.3416328e+00 
4.3121055e+04 4.2702847e+00 
4.3171080e+04 4.1914630e+00 
4.3221104e+04 4.1167989e+00 
4.3271128e+04 4.0344491e+00 
4.3321153e+04 3.9452169e+00 
4.3371177e+04 3.8633173e+00 
4.3421202e+04 3.7691240e+00 
4.3471226e+04 3.6757598e+00 
4.3521251e+04 3.5862236e+00 
4.3571275e+04 3.4902475e+00 
4.3621299e+04 3.3978157e+00 
4.3671324e+04 3.3026962e+00 
4.3721348e+04 3.2025619e+00 
4.3771373e+04 3.1121106e+00 
4.3821397e+04 3.0170636e+00 
4.3871422e+04 2.9254060e+00 
4.3921446e+04 2.8416185e+00 
4.3971470e+04 2.7520905e+00 
4.4021495e+04 2.6721947e+00 
4.4071519e+04 2.5936670e+00 
4.4121544e+04 2.5184720e+00 
4.4171568e+04 2.4546034e+00 
4.4221593e+04 2.3905358e+00 
4.4271617e+04 2.3301609e+00 
4.4321641e+04 2.2817888e+00 
4.4371666e+04 2.2363050e+00 
4.4421690e+04 2.1990707e+00 
4.4471715e+04 2.1691275e+00 
4.4521739e+04 2.1479073e+00 
4.4571764e+04 2.1353829e+00 
4.4621788e+04 2.1320131e+00 
4.4671812e+04 2.1353829e+00 
4.4721837e+04 2.1493530e+00 
4.4771861e+04 2.1725059e+00 
4.4821886e+04 2.2024541e+00 
4.4871910e+04 2.2445297e+00 
4.4921935e+04 2.2924337e+00 
4.4971959e+04 2.3465953e+00 
4.5021983e+04 2.4141626e+00 
4.5072008e+04 2.4872823e+00 
4.5122032e+04 2.5668621e+00 
4.5172057e+04 2.6568573e+00 
4.5222081e+04 2.7467709e+00 
4.5272106e+04 2.8496771e+00 
4.5322130e+04 2.9560468e+00 
4.5372154e+04 3.0614035e+00 
4.5422179e+04 3.1783676e+00 
4.5472203e+04 3.2983453e+00 
4.5522228e+04 3.4180605e+00 
4.5572252e+04 3.5445094e+00 
4.5622277e+04 3.6661887e+00 
4.5672301e+04 3.7868648e+00 
4.5722325e+04 3.9116733e+00 
4.5772350e+04 4.0301800e+00 
4.5822374e+04 4.1488242e+00 
4.5872399e+04 4.2635446e+00 
4.5922423e+04 4.3725343e+00 
4.5972447e+04 4.4793830e+00 
4.6022472e+04 4.5771260e+00 
4.6072496e+04 4.6699896e+00 
4.6122521e+04 4.7593570e+00 
4.6172545e+04 4.8331442e+00 
4.6222570e+04 4.9024730e+00 
4.6272594e+04 4.9630380e+00 
4.6322618e+04 5.0081639e+00 
4.6372643e+04 5.0498896e+00 
4.6422667e+04 5.0786457e+00 
4.6472692e+04 5.0949345e+00 
4.6522716e+04 5.1054721e+00 
4.6572741e+04 5.1002030e+00 
4.6622765e+04 5.0877490e+00 
4.6672789e+04 5.0628319e+00 
4.6722814e+04 5.0259137e+00 
4.6772838e+04 4.9817662e+00 
4.6822863e+04 4.9260364e+00 
4.6872887e+04 4.8596377e+00 
4.6922912e+04 4.7825189e+00 
4.6972936e+04 4.6994724e+00 
4.7022960e+04 4.6047029e+00 
4.7072985e+04 4.5045419e+00 
4.7123009e+04 4.3971748e+00 
4.7173034e+04 4.2813601e+00 
4.7223058e+04 4.1646218e+00 
4.7273083e+04 4.0415678e+00 
4.7323107e+04 3.9140985e+00 
4.7373131e+04 3.7883041e+00 
4.7423156e+04 3.6547019e+00 
4.7473180e+04 3.5262733e+00 
4.7523205e+04 3.3992624e+00 
4.7573229e+04 3.2678797e+00 
4.7623254e+04 3.1449881e+00 
4.7673278e+04 3.0185075e+00 
4.7723302e+04 2.9015265e+00 
4.7773327e+04 2.7923968e+00 
4.7823351e+04 2.6832273e+00 
4.7873376e+04 2.5874453e+00 
4.7923400e+04 2.4983237e+00 
4.7973425e+04 2.4127169e+00 
4.8023449e+04 2.3436959e+00 
4.8073473e+04 2.2803369e+00 
4.8123498e+04 2.2280815e+00 
4.8173522e+04 2.1874750e+00 
4.8223547e+04 2.1551383e+00 
4.8273571e+04 2.1387537e+00 
4.8323596e+04 2.1334572e+00 
4.8373620e+04 2.1349015e+00 
4.8423644e+04 2.1561024e+00 
4.8473669e+04 2.1855426e+00 
4.8523693e+04 2.2242122e+00 
4.8573718e+04 2.2784014e+00 
4.8623742e+04 2.3388624e+00 
4.8673766e+04 2.4127169e+00 
4.8723791e+04 2.4964039e+00 
4.8773815e+04 2.5831375e+00 
4.8823840e+04 2.6846669e+00 
4.8873864e+04 2.7914217e+00 
4.8923889e+04 2.9058208e+00 
4.8973913e+04 3.0247674e+00 
4.9023937e+04 3.1478901e+00 
4.9073962e+04 3.2765856e+00 
4.9123986e+04 3.4055300e+00 
4.9174011e+04 3.5392318e+00 
4.9224035e+04 3.6762388e+00 
4.9274060e+04 3.8046212e+00 
4.9324084e+04 3.9340169e+00 
4.9374108e+04 4.0639009e+00 
4.9424133e+04 4.1861873e+00 
4.9474157e+04 4.3059368e+00 
4.9524182e+04 4.4208603e+00 
4.9574206e+04 4.5292211e+00 
4.9624231e+04 4.6308236e+00 
4.9674255e+04 4.7236276e+00 
4.9724279e+04 4.8090439e+00 
4.9774304e+04 4.8837080e+00 
4.9824328e+04 4.9500675e+00 
4.9874353e+04 5.0024061e+00 
4.9924377e+04 5.0450950e+00 
4.9974402e+04 5.0776873e+00 
5.0024426e+04 5.0958920e+00 
5.0074450e+04 5.1045141e+00 
5.0124475e+04 5.0997243e+00 
5.0174499e+04 5.0858321e+00 
5.0224524e+04 5.0589972e+00 
5.0274548e+04 5.0163198e+00 
5.0324573e+04 4.9659204e+00 
5.0374597e+04 4.9063210e+00 
5.0424621e+04 4.8336258e+00 
5.0474646e+04 4.7521167e+00 
5.0524670e+04 4.6574202e+00 
5.0574695e+04 4.5601897e+00 
5.0624719e+04 4.4513254e+00 
5.0674744e+04 4.3372889e+00 
5.0724768e+04 4.2183437e+00 
5.0774792e+04 4.0924683e+00 
5.0824817e+04 3.9657221e+00 
5.0874841e+04 3.8348980e+00 
5.0924866e+04 3.7030389e+00 
5.0974890e+04 3.5713658e+00 
5.1024915e+04 3.4368467e+00 
5.1074939e+04 3.3055966e+00 
5.1124963e+04 3.1793351e+00 
5.1174988e+04 3.0517564e+00 
5.1225012e+04 2.9297099e+00 
5.1275037e+04 2.8144023e+00 
5.1325061e+04 2.7000339e+00 
5.1375085e+04 2.6037169e+00 
5.1425110e+04 2.5107985e+00 
5.1475134e+04 2.4242802e+00 
5.1525159e+04 2.3523936e+00 
5.1575183e+04 2.2856598e+00 
5.1625208e+04 2.2343700e+00 
5.1675232e+04 2.1903734e+00 
5.1725256e+04 2.1575491e+00 
5.1775281e+04 2.1430888e+00 
5.1825305e+04 2.1305690e+00 
5.1875330e+04 2.1377904e+00 
5.1925354e+04 2.1580312e+00 
5.1975379e+04 2.1826448e+00 
5.2025403e+04 2.2280815e+00 
5.2075427e+04 2.2779176e+00 
5.2125452e+04 2.3398292e+00 
5.2175476e+04 2.4165721e+00 
5.2225501e+04 2.4968836e+00 
5.2275525e+04 2.5922313e+00 
5.2325550e+04 2.6928279e+00 
5.2375574e+04 2.8006957e+00 
5.2425598e+04 2.9211035e+00 
5.2475623e+04 3.0353658e+00 
5.2525647e+04 3.1614342e+00 
5.2575672e+04 3.2930269e+00 
5.2625696e+04 3.4238424e+00 
5.2675721e+04 3.5608177e+00 
5.2725745e+04 3.6934667e+00 
5.2775769e+04 3.8233564e+00 
5.2825794e+04 3.9608331e+00 
5.2875818e+04 4.0853209e+00 
5.2925843e+04 4.2135415e+00 
5.2975867e+04 4.3363247e+00 
5.3025892e+04 4.4474564e+00 
5.3075916e+04 4.5587382e+00 
5.3125940e+04 4.6559691e+00 
5.3175965e+04 4.7487373e+00 
5.3225989e+04 4.8355532e+00 
5.3276014e+04 4.9024730e+00 
5.3326038e+04 4.9683213e+00 
5.3376063e+04 5.0201573e+00 
5.3426087e+04 5.0566010e+00 
5.3476111e+04 5.0863109e+00 
5.3526136e+04 5.0978084e+00 
5.3576160e+04 5.1059504e+00 
5.3626185e+04 5.0973291e+00 
5.3676209e+04 5.0733747e+00 
5.3726234e+04 5.0455751e+00 
5.3776258e+04 4.9980865e+00 
5.3826282e+04 4.9433403e+00 
5.3876307e+04 4.8774514e+00 
5.3926331e+04 4.7974715e+00 
5.3976356e+04 4.7144499e+00 
5.4026380e+04 4.6177635e+00 
5.4076404e+04 4.5118008e+00 
5.4126429e+04 4.4029746e+00 
5.4176453e+04 4.2813601e+00 
5.4226478e+04 4.1622272e+00 
5.4276502e+04 4.0368218e+00 
5.4326527e+04 3.9024642e+00 
5.4376551e+04 3.7734380e+00 
5.4426575e+04 3.6374700e+00 
5.4476600e+04 3.5051436e+00 
5.4526624e+04 3.3746631e+00 
5.4576649e+04 3.2403047e+00 
5.4626673e+04 3.1121106e+00 
5.4676698e+04 2.9867635e+00 
5.4726722e+04 2.8667679e+00 
5.4776746e+04 2.7554777e+00 
5.4826771e+04 2.6467981e+00 
5.4876795e+04 2.5524967e+00 
5.4926820e+04 2.4642203e+00 
5.4976844e+04 2.3828156e+00 
5.5026869e+04 2.3142028e+00 
5.5076893e+04 2.2532389e+00 
5.5126917e+04 2.2063210e+00 
5.5176942e+04 2.1710579e+00 
5.5226966e+04 2.1435704e+00 
5.5276991e+04 2.1344199e+00 
5.5327015e+04 2.1344199e+00 
5.5377040e+04 2.1459796e+00 
5.5427064e+04 2.1734712e+00 
5.5477088e+04 2.2072880e+00 
5.5527113e+04 2.2556584e+00 
5.5577137e+04 2.3175883e+00 
5.5627162e+04 2.3861933e+00 
5.5677186e+04 2.4690270e+00 
5.5727211e+04 2.5577645e+00 
5.5777235e+04 2.6558990e+00 
5.5827259e+04 2.7637126e+00 
5.5877284e+04 2.8748507e+00 
5.5927308e+04 2.9944530e+00 
5.5977333e+04 3.1179104e+00 
5.6027357e+04 3.2436912e+00 
5.6077382e+04 3.3799706e+00 
5.6127406e+04 3.5128288e+00 
5.6177430e+04 3.6451292e+00 
5.6227455e+04 3.7777529e+00 
5.6277479e+04 3.9102187e+00 
5.6327504e+04 4.0444169e+00 
5.6377528e+04 4.1684537e+00 
5.6427553e+04 4.2919588e+00 
5.6477577e+04 4.4092584e+00 
5.6527601e+04 4.5180917e+00 
5.6577626e+04 4.6240520e+00 
5.6627650e+04 4.7154155e+00 
5.6677675e+04 4.8027759e+00 
5.6727699e+04 4.8827453e+00 
5.6777723e+04 4.9486256e+00 
5.6827748e+04 5.0019259e+00 
5.6877772e+04 5.0470128e+00 
5.6927797e+04 5.0772076e+00 
5.6977821e+04 5.0973291e+00 
5.7027846e+04 5.1054721e+00 
5.7077870e+04 5.1011610e+00 
5.7127894e+04 5.0848737e+00 
5.7177919e+04 5.0566010e+00 
5.7227943e+04 5.0158405e+00 
5.7277968e+04 4.9664001e+00 
5.7327992e+04 4.9019918e+00 
5.7378017e+04 4.8307347e+00 
5.7428041e+04 4.7477717e+00 
5.7478065e+04 4.6554861e+00 
5.7528090e+04 4.5548677e+00 
5.7578114e+04 4.4460058e+00 
5.7628139e+04 4.3314991e+00 
5.7678163e+04 4.2135415e+00 
5.7728188e+04 4.0857973e+00 
5.7778212e+04 3.9569254e+00 
5.7828236e+04 3.8267219e+00 
5.7878261e+04 3.6929882e+00 
5.7928285e+04 3.5617766e+00 
5.7978310e+04 3.4257691e+00 
5.8028334e+04 3.2901258e+00 
5.8078359e+04 3.1628857e+00 
5.8128383e+04 3.0334384e+00 
5.8178407e+04 2.9139371e+00 
5.8228432e+04 2.7982533e+00 
5.8278456e+04 2.6894670e+00 
5.8328481e+04 2.5903168e+00 
5.8378505e+04 2.4997633e+00 
5.8428530e+04 2.4131987e+00 
5.8478554e+04 2.3407958e+00 
5.8528578e+04 2.2745304e+00 
5.8578603e+04 2.2261467e+00 
5.8628627e+04 2.1840937e+00 
5.8678652e+04 2.1522453e+00 
5.8728676e+04 2.1392353e+00 
5.8778701e+04 2.1324942e+00 
5.8828725e+04 2.1377904e+00 
5.8878749e+04 2.1604431e+00 
5.8928774e+04 2.1903734e+00 
5.8978798e+04 2.2377565e+00 
5.9028823e+04 2.2895305e+00 
5.9078847e+04 2.3514273e+00 
5.9128872e+04 2.4315042e+00 
5.9178896e+04 2.5122375e+00 
5.9228920e+04 2.6089809e+00 
5.9278945e+04 2.7120545e+00 
5.9328969e+04 2.8188183e+00 
5.9378994e+04 2.9416740e+00 
5.9429018e+04 3.0628512e+00 
5.9479043e+04 3.1894965e+00 
5.9529067e+04 3.3249283e+00 
5.9579091e+04 3.4561017e+00 
5.9629116e+04 3.5929320e+00 
5.9679140e+04 3.7269723e+00 
5.9729165e+04 3.8584952e+00 
5.9779189e+04 3.9946568e+00 
5.9829213e+04 4.1191869e+00 
5.9879238e+04 4.2457418e+00 
5.9929262e+04 4.3662558e+00 
5.9979287e+04 4.4779315e+00 
6.0029311e+04 4.5868025e+00 
6.0079336e+04 4.6859407e+00 
6.0129360e+04 4.7728691e+00 
6.0179384e+04 4.8543396e+00 
6.0229409e+04 4.9231515e+00 
6.0279433e+04 4.9836864e+00 
6.0329458e+04 5.0321488e+00 
6.0379482e+04 5.0652285e+00 
6.0429507e+04 5.0925388e+00 
6.0479531e+04 5.1040349e+00 
6.0529555e+04 5.1030769e+00 
6.0579580e+04 5.0934978e+00 
6.0629604e+04 5.0666661e+00 
6.0679629e+04 5.0321488e+00 
6.0729653e+04 4.9860873e+00 
6.0779678e+04 4.9265175e+00 
6.0829702e+04 4.8577113e+00 
6.0879726e+04 4.7796235e+00 
6.0929751e+04 4.6898079e+00 
6.0979775e+04 4.5926085e+00 
6.1029800e+04 4.4851890e+00 
6.1079824e+04 4.3715682e+00 
6.1129849e+04 4.2515140e+00 
6.1179873e+04 4.1268291e+00 
6.1229897e+04 3.9995782e+00 
6.1279922e+04 3.8681417e+00 
6.1329946e+04 3.7331965e+00 
6.1379971e+04 3.5991600e+00 
6.1429995e+04 3.4662058e+00 
6.1480020e+04 3.3316920e+00 
6.1530044e+04 3.1991744e+00 
6.1580068e+04 3.0734684e+00 
6.1630093e+04 2.9498165e+00 
6.1680117e+04 2.8345149e+00 
6.1730142e+04 2.7216823e+00 
6.1780166e+04 2.6199884e+00 
6.1830191e+04 2.5266225e+00 
6.1880215e+04 2.4372816e+00 
6.1930239e+04 2.3625383e+00 
6.1980264e+04 2.2943687e+00 
6.2030288e+04 2.2367887e+00 
6.2080313e+04 2.1966546e+00 
6.2130337e+04 2.1618900e+00 
6.2180362e+04 2.1401985e+00 
6.2230386e+04 2.1358643e+00 
6.2280410e+04 2.1368272e+00 
6.2330435e+04 2.1536918e+00 
6.2380459e+04 2.1826448e+00 
6.2430484e+04 2.2198594e+00 
6.2480508e+04 2.2759821e+00 
6.2530532e+04 2.3359621e+00 
6.2580557e+04 2.4074147e+00 
6.2630581e+04 2.4940038e+00 
6.2680606e+04 2.5817018e+00 
6.2730630e+04 2.6827476e+00 
6.2780655e+04 2.7928843e+00 
6.2830679e+04 2.9043891e+00 
6.2880703e+04 3.0286207e+00 
6.2930728e+04 3.1517596e+00 
6.2980752e+04 3.2828729e+00 
6.3030777e+04 3.4180605e+00 
6.3080801e+04 3.5497866e+00 
6.3130826e+04 3.6853311e+00 
6.3180850e+04 3.8195114e+00 
6.3230874e+04 3.9496052e+00 
6.3280899e+04 4.0815101e+00 
6.3330923e+04 4.2053790e+00 
6.3380948e+04 4.3242626e+00 
6.3430972e+04 4.4440713e+00 
6.3480997e+04 4.5519643e+00 
6.3531021e+04 4.6516185e+00 
6.3581045e+04 4.7453575e+00 
6.3631070e+04 4.8278427e+00 
6.3681094e+04 4.9029541e+00 
6.3731119e+04 4.9659204e+00 
6.3781143e+04 5.0153608e+00 
6.3831168e+04 5.0566010e+00 
6.3881192e+04 5.0839157e+00 
6.3931216e+04 5.1006818e+00 
6.3981241e+04 5.1064296e+00 
6.4031265e+04 5.0954132e+00 
6.4081290e+04 5.0752912e+00 
6.4131314e+04 5.0470128e+00 
6.4181339e+04 5.0019259e+00 
6.4231363e+04 4.9471846e+00 
6.4281387e+04 4.8846703e+00 
6.4331412e+04 4.8037395e+00 
6.4381436e+04 4.7168655e+00 
6.4431461e+04 4.6230850e+00 
6.4481485e+04 4.5156713e+00 
6.4531510e+04 4.4082913e+00 
6.4581534e+04 4.2890682e+00 
6.4631558e+04 4.1631846e+00 
6.4681583e+04 4.0391946e+00 
6.4731607e+04 3.9029491e+00 
6.4781632e+04 3.7724795e+00 
6.4831656e+04 3.6403422e+00 
6.4881681e+04 3.5013001e+00 
6.4931705e+04 3.3751457e+00 
6.4981729e+04 3.2393367e+00 
6.5031754e+04 3.1087275e+00 
6.5081778e+04 2.9867635e+00 
6.5131803e+04 2.8658175e+00 
6.5181827e+04 2.7549937e+00 
6.5231851e+04 2.6496718e+00 
6.5281876e+04 2.5496228e+00 
6.5331900e+04 2.4627781e+00 
6.5381925e+04 2.3823328e+00 
6.5431949e+04 2.3117843e+00 
6.5481974e+04 2.2561424e+00 
6.5531998e+04 2.2053545e+00 
6.5582022e+04 2.1705754e+00 
6.5632047e+04 2.1464615e+00 
6.5682071e+04 2.1339386e+00 
6.5732096e+04 2.1353829e+00 
6.5782120e+04 2.1483893e+00 
6.5832145e+04 2.1720231e+00 
6.5882169e+04 2.2077713e+00 
6.5932193e+04 2.2571101e+00 
6.5982218e+04 2.3171046e+00 
6.6032242e+04 2.3876410e+00 
6.6082267e+04 2.4695077e+00 
6.6132291e+04 2.5572855e+00 
6.6182316e+04 2.6563780e+00 
6.6232340e+04 2.7622585e+00 
6.6282364e+04 2.8738997e+00 
6.6332389e+04 2.9968572e+00 
6.6382413e+04 3.1198442e+00 
6.6432438e+04 3.2490132e+00 
6.6482462e+04 3.3843119e+00 
6.6532487e+04 3.5147495e+00 
6.6582511e+04 3.6494370e+00 
6.6632535e+04 3.7844665e+00 
6.6682560e+04 3.9140985e+00 
6.6732584e+04 4.0496407e+00 
6.6782609e+04 4.1746826e+00 
6.6832633e+04 4.2953324e+00 
6.6882658e+04 4.4155426e+00 
6.6932682e+04 4.5224462e+00 
6.6982706e+04 4.6274381e+00 
6.7032731e+04 4.7241106e+00 
6.7082755e+04 4.8061509e+00 
6.7132780e+04 4.8851519e+00 
6.7182804e+04 4.9519892e+00 
6.7232829e+04 5.0028858e+00 
6.7282853e+04 5.0474930e+00 
6.7332877e+04 5.0767283e+00 
6.7382902e+04 5.0978084e+00 
6.7432926e+04 5.1059504e+00 
6.7482951e+04 5.0987663e+00 
6.7532975e+04 5.0834370e+00 
6.7583000e+04 5.0556417e+00 
6.7633024e+04 5.0153608e+00 
6.7683048e+04 4.9644790e+00 
6.7733073e+04 4.9019918e+00 
6.7783097e+04 4.8273606e+00 
6.7833122e+04 4.7448750e+00 
6.7883146e+04 4.6525850e+00 
6.7933170e+04 4.5480928e+00 
6.7983195e+04 4.4392347e+00 
6.8033219e+04 4.3232975e+00 
6.8083244e+04 4.1996198e+00 
6.8133268e+04 4.0743690e+00 
6.8183293e+04 3.9447296e+00 
6.8233317e+04 3.8094230e+00 
6.8283341e+04 3.6795883e+00 
6.8333366e+04 3.5440297e+00 
6.8383390e+04 3.4069760e+00 
6.8433415e+04 3.2775531e+00 
6.8483439e+04 3.1445045e+00 
6.8533464e+04 3.0194705e+00 
6.8583488e+04 2.9010496e+00 
6.8633512e+04 2.7826540e+00 
6.8683537e+04 2.6765108e+00 
6.8733561e+04 2.5783510e+00 
6.8783586e+04 2.4844007e+00 
6.8833610e+04 2.4059684e+00 
6.8883635e+04 2.3301609e+00 
6.8933659e+04 2.2696915e+00 
6.8983683e+04 2.2203431e+00 
6.9033708e+04 2.1792645e+00 
6.9083732e+04 2.1536918e+00 
6.9133757e+04 2.1368272e+00 
6.9183781e+04 2.1334572e+00 
6.9233806e+04 2.1426072e+00 
6.9283830e+04 2.1638198e+00 
6.9333854e+04 2.1966546e+00 
6.9383879e+04 2.2416267e+00 
6.9433903e+04 2.3001745e+00 
6.9483928e+04 2.3664019e+00 
6.9533952e+04 2.4440196e+00 
6.9583977e+04 2.5318952e+00 
6.9634001e+04 2.6262107e+00 
6.9684025e+04 2.7337332e+00 
6.9734050e+04 2.8473060e+00 
6.9784074e+04 2.9622805e+00 
6.9834099e+04 3.0879531e+00 
6.9884123e+04 3.2151430e+00 
6.9934148e+04 3.3452163e+00 
6.9984172e+04 3.4806335e+00 
7.0034196e+04 3.6092193e+00 
7.0084221e+04 3.7456472e+00 
7.0134245e+04 3.8806949e+00 
7.0184270e+04 4.0064917e+00 
7.0234294e+04 4.1349540e+00 
7.0284319e+04 4.2601757e+00 
7.0334343e+04 4.3773651e+00 
7.0384367e+04 4.4924459e+00 
7.0434392e+04 4.5979300e+00 
7.0484416e+04 4.6941571e+00 
7.0534441e+04 4.7849307e+00 
7.0584465e+04 4.8634896e+00 
7.0634489e+04 4.9303632e+00 
7.0684514e+04 4.9899278e+00 
7.0734538e+04 5.0340667e+00 
7.0784563e+04 5.0704999e+00 
7.0834587e+04 5.0949345e+00 
7.0884612e+04 5.1040349e+00 
7.0934636e+04 5.1006818e+00 
7.0984660e+04 5.0915813e+00 
7.1034685e+04 5.0637903e+00 
7.1084709e+04 5.0249548e+00 
7.1134734e+04 4.9812860e+00 
7.1184758e+04 4.9164205e+00 
7.1234783e+04 4.8485603e+00 
7.1284807e+04 4.7709394e+00 
7.1334831e+04 4.6762743e+00 
7.1384856e+04 4.5805125e+00 
7.1434880e+04 4.4740610e+00 
7.1484905e+04 4.3585296e+00 
7.1534929e+04 4.2418942e+00 
7.1584954e+04 4.1139345e+00 
7.1634978e+04 3.9877763e+00 
7.1685002e+04 3.8575311e+00 
7.1735027e+04 3.7202699e+00 
7.1785051e+04 3.5876613e+00 
7.1835076e+04 3.4541769e+00 
7.1885100e+04 3.3191292e+00 
7.1935125e+04 3.1894965e+00 
7.1985149e+04 3.0633335e+00 
7.2035173e+04 2.9407163e+00 
7.2085198e+04 2.8247154e+00 
7.2135222e+04 2.7139792e+00 
7.2185247e+04 2.6094596e+00 
7.2235271e+04 2.5146358e+00 
7.2285296e+04 2.4305413e+00 
7.2335320e+04 2.3523936e+00 
7.2385344e+04 2.2895305e+00 
7.2435369e+04 2.2363050e+00 
7.2485393e+04 2.1874750e+00 
7.2535418e+04 2.1609254e+00 
7.2585442e+04 2.1397169e+00 
7.2635467e+04 2.1300876e+00 
7.2685491e+04 2.1406803e+00 
7.2735515e+04 2.1556203e+00 
7.2785540e+04 2.1840937e+00 
7.2835564e+04 2.2295325e+00 
7.2885589e+04 2.2788854e+00 
7.2935613e+04 2.3456287e+00 
7.2985638e+04 2.4204264e+00 
7.3035662e+04 2.5016830e+00 
7.3085686e+04 2.5955813e+00 
7.3135711e+04 2.6961901e+00 
7.3185735e+04 2.8055851e+00 
7.3235760e+04 2.9215813e+00 
7.3285784e+04 3.0416312e+00 
7.3335809e+04 3.1682074e+00 
7.3385833e+04 3.2983453e+00 
7.3435857e+04 3.4320309e+00 
7.3485882e+04 3.5660923e+00 
7.3535906e+04 3.7006454e+00 
7.3585931e+04 3.8353791e+00 
7.3635955e+04 3.9671898e+00 
7.3685979e+04 4.0977130e+00 
7.3736004e+04 4.2221875e+00 
7.3786028e+04 4.3401852e+00 
7.3836053e+04 4.4576139e+00 
7.3886077e+04 4.5635777e+00 
7.3936102e+04 4.6637053e+00 
7.3986126e+04 4.7583909e+00 
7.4036150e+04 4.8379622e+00 
7.4086175e+04 4.9125733e+00 
7.4136199e+04 4.9736037e+00 
7.4186224e+04 5.0220766e+00 
7.4236248e+04 5.0637903e+00 
7.4286273e+04 5.0882273e+00 
7.4336297e+04 5.1016407e+00 
7.4386321e+04 5.1078658e+00 
7.4436346e+04 5.0963707e+00 
7.4486370e+04 5.0752912e+00 
7.4536395e+04 5.0422182e+00 
7.4586419e+04 4.9952073e+00 
7.4636444e+04 4.9394956e+00 
7.4686468e+04 4.8750443e+00 
7.4736492e+04 4.7984362e+00 
7.4786517e+04 4.7096186e+00 
7.4836541e+04 4.6153460e+00 
7.4886566e+04 4.5098648e+00 
7.4936590e+04 4.3966918e+00 
7.4986615e+04 4.2818418e+00 
7.5036639e+04 4.1550450e+00 
7.5086663e+04 4.0297060e+00 
7.5136688e+04 3.9010110e+00 
7.5186712e+04 3.7652898e+00 
7.5236737e+04 3.6317255e+00 
7.5286761e+04 3.4984171e+00 
7.5336786e+04 3.3616321e+00 
7.5386810e+04 3.2320790e+00 
7.5436834e+04 3.0995464e+00 
7.5486859e+04 2.9733167e+00 
7.5536883e+04 2.8610671e+00 
7.5586908e+04 2.7458043e+00 
7.5636932e+04 2.6410515e+00 
7.5686957e+04 2.5472276e+00 
7.5736981e+04 2.4560463e+00 
7.5787005e+04 2.3770237e+00 
7.5837030e+04 2.3108170e+00 
7.5887054e+04 2.2498519e+00 
7.5937079e+04 2.2024541e+00 
7.5987103e+04 2.1686447e+00 
7.6037128e+04 2.1435704e+00 
7.6087152e+04 2.1334572e+00 
7.6137176e+04 2.1353829e+00 
7.6187201e+04 2.1479073e+00 
7.6237225e+04 2.1734712e+00 
7.6287250e+04 2.2155073e+00 
7.6337274e+04 2.2638845e+00 
7.6387298e+04 2.3233914e+00 
7.6437323e+04 2.3968067e+00 
7.6487347e+04 2.4752741e+00 
7.6537372e+04 2.5673409e+00 
7.6587396e+04 2.6683593e+00 
7.6637421e+04 2.7724459e+00 
7.6687445e+04 2.8886559e+00 
7.6737469e+04 3.0055137e+00 
7.6787494e+04 3.1314473e+00 
7.6837518e+04 3.2620752e+00 
7.6887543e+04 3.3920293e+00 
7.6937567e+04 3.5253131e+00 
7.6987592e+04 3.6590097e+00 
7.7037616e+04 3.7911825e+00 
7.7087640e+04 3.9257510e+00 
7.7137665e+04 4.0572448e+00 
7.7187689e+04 4.1823511e+00 
7.7237714e+04 4.3044906e+00 
7.7287738e+04 4.4237609e+00 
7.7337763e+04 4.5340595e+00 
7.7387787e+04 4.6346927e+00 
7.7437811e+04 4.7342520e+00 
7.7487836e+04 4.8172398e+00 
7.7537860e+04 4.8904448e+00 
7.7587885e+04 4.9582343e+00 
7.7637909e+04 5.0086436e+00 
7.7687934e+04 5.0522866e+00 
7.7737958e+04 5.0843949e+00 
7.7787982e+04 5.0978084e+00 
7.7838007e+04 5.1069083e+00 
7.7888031e+04 5.1002030e+00 
7.7938056e+04 5.0781665e+00 
7.7988080e+04 5.0503683e+00 
7.8038105e+04 5.0081639e+00 
7.8088129e+04 4.9515090e+00 
7.8138153e+04 4.8894830e+00 
7.8188178e+04 4.8143477e+00 
7.8238202e+04 4.7274914e+00 
7.8288227e+04 4.6327581e+00 
7.8338251e+04 4.5301890e+00 
7.8388276e+04 4.4165092e+00 
7.8438300e+04 4.2991886e+00 
7.8488324e+04 4.1809134e+00 
7.8538349e+04 4.0491662e+00 
7.8588373e+04 3.9179807e+00 
7.8638398e+04 3.7859054e+00 
7.8688422e+04 3.6484799e+00 
7.8738447e+04 3.5161903e+00 
7.8788471e+04 3.3814180e+00 
7.8838495e+04 3.2465942e+00 
7.8888520e+04 3.1222610e+00 
7.8938544e+04 2.9920495e+00 
7.8988569e+04 2.8734238e+00 
7.9038593e+04 2.7632282e+00 
7.9088617e+04 2.6535037e+00 
7.9138642e+04 2.5544124e+00 
7.9188666e+04 2.4651818e+00 
7.9238691e+04 2.3852284e+00 
7.9288715e+04 2.3156536e+00 
7.9338740e+04 2.2556584e+00 
7.9388764e+04 2.2077713e+00 
7.9438788e+04 2.1681623e+00 
7.9488813e+04 2.1479073e+00 
7.9538837e+04 2.1344199e+00 
7.9588862e+04 2.1310503e+00 
7.9638886e+04 2.1469436e+00 
7.9688911e+04 2.1734712e+00 
7.9738935e+04 2.2068045e+00 
7.9788959e+04 2.2580779e+00 
7.9838984e+04 2.3156536e+00 
7.9889008e+04 2.3866761e+00 
7.9939033e+04 2.4685464e+00 
7.9989057e+04 2.5544124e+00 
8.0039082e+04 2.6549408e+00 
8.0089106e+04 2.7661371e+00 
8.0139130e+04 2.8758023e+00 
8.0189155e+04 2.9939723e+00 
8.0239179e+04 3.1198442e+00 
8.0289204e+04 3.2509487e+00 
8.0339228e+04 3.3852768e+00 
8.0389253e+04 3.5185914e+00 
8.0439277e+04 3.6527874e+00 
8.0489301e+04 3.7859054e+00 
8.0539326e+04 3.9194369e+00 
8.0589350e+04 4.0496407e+00 
8.0639375e+04 4.1770782e+00 
8.0689399e+04 4.3025627e+00 
8.0739424e+04 4.4174762e+00 
8.0789448e+04 4.5301890e+00 
8.0839472e+04 4.6351767e+00 
8.0889497e+04 4.7279744e+00 
8.0939521e+04 4.8153114e+00 
8.0989546e+04 4.8914070e+00 
8.1039570e+04 4.9543910e+00 
8.1089595e+04 5.0115228e+00 
8.1139619e+04 5.0508480e+00 
8.1189643e+04 5.0800829e+00 
8.1239668e+04 5.1002030e+00 
8.1289692e+04 5.1073871e+00 
8.1339717e+04 5.1016407e+00 
8.1389741e+04 5.0824785e+00 
8.1439766e+04 5.0522866e+00 
8.1489790e+04 5.0100832e+00 
8.1539814e+04 4.9534311e+00 
8.1589839e+04 4.8918886e+00 
8.1639863e+04 4.8133831e+00 
8.1689888e+04 4.7294230e+00 
8.1739912e+04 4.6351767e+00 
8.1789936e+04 4.5258336e+00 
8.1839961e+04 4.4194098e+00 
8.1889985e+04 4.3040085e+00 
8.1940010e+04 4.1770782e+00 
8.1990034e+04 4.0548682e+00 
8.2040059e+04 3.9204080e+00 
8.2090083e+04 3.7849464e+00 
8.2140107e+04 3.6513515e+00 
8.2190132e+04 3.5147495e+00 
8.2240156e+04 3.3828650e+00 
8.2290181e+04 3.2494969e+00 
8.2340205e+04 3.1203275e+00 
8.2390230e+04 2.9944530e+00 
8.2440254e+04 2.8753264e+00 
8.2490278e+04 2.7612896e+00 
8.2540303e+04 2.6530247e+00 
8.2590327e+04 2.5539334e+00 
8.2640352e+04 2.4647009e+00 
8.2690376e+04 2.3818502e+00 
8.2740401e+04 2.3151698e+00 
8.2790425e+04 2.2561424e+00 
8.2840449e+04 2.2043874e+00 
8.2890474e+04 2.1696100e+00 
8.2940498e+04 2.1464615e+00 
8.2990523e+04 2.1339386e+00 
8.3040547e+04 2.1358643e+00 
8.3090572e+04 2.1474252e+00 
8.3140596e+04 2.1729884e+00 
8.3190620e+04 2.2097051e+00 
8.3240645e+04 2.2609813e+00 
8.3290669e+04 2.3195226e+00 
8.3340694e+04 2.3876410e+00 
8.3390718e+04 2.4714298e+00 
8.3440743e+04 2.5587220e+00 
8.3490767e+04 2.6597321e+00 
8.3540791e+04 2.7690477e+00 
8.3590816e+04 2.8791330e+00 
8.3640840e+04 2.9982994e+00 
8.3690865e+04 3.1275792e+00 
8.3740889e+04 3.2543349e+00 
8.3790914e+04 3.3876889e+00 
8.3840938e+04 3.5253131e+00 
8.3890962e+04 3.6580527e+00 
8.3940987e+04 3.7926221e+00 
8.3991011e+04 3.9252656e+00 
8.4041036e+04 4.0567689e+00 
8.4091060e+04 4.1833105e+00 
8.4141085e+04 4.3064189e+00 
8.4191109e+04 4.4242449e+00 
8.4241133e+04 4.5306721e+00 
8.4291158e+04 4.6371112e+00 
8.4341182e+04 4.7303886e+00 
8.4391207e+04 4.8162751e+00 
8.4441231e+04 4.8928509e+00 
8.4491255e+04 4.9553518e+00 
8.4541280e+04 5.0100832e+00 
8.4591304e+04 5.0546837e+00 
8.4641329e+04 5.0829577e+00 
8.4691353e+04 5.1016407e+00 
8.4741378e+04 5.1064296e+00 
8.4791402e+04 5.1006818e+00 
8.4841426e+04 5.0819993e+00 
8.4891451e+04 5.0537243e+00 
8.4941475e+04 5.0110435e+00 
8.4991500e+04 4.9563131e+00 
8.5041524e+04 4.8947759e+00 
8.5091549e+04 4.8196497e+00 
8.5141573e+04 4.7318382e+00 
8.5191597e+04 4.6414638e+00 
8.5241622e+04 4.5374475e+00 
8.5291646e+04 4.4252114e+00 
8.5341671e+04 4.3107581e+00 
8.5391695e+04 4.1876264e+00 
8.5441720e+04 4.0619984e+00 
8.5491744e+04 3.9315848e+00 
8.5541768e+04 3.7988603e+00 
8.5591793e+04 3.6652315e+00 
8.5641817e+04 3.5291529e+00 
8.5691842e+04 3.3978157e+00 
8.5741866e+04 3.2620752e+00 
8.5791891e+04 3.1304801e+00 
8.5841915e+04 3.0064757e+00 
8.5891939e+04 2.8834169e+00 
8.5941964e+04 2.7685628e+00 
8.5991988e+04 2.6640451e+00 
8.6042013e+04 2.5606377e+00 
8.6092037e+04 2.4714298e+00 
8.6142062e+04 2.3915007e+00 
8.6192086e+04 2.3180718e+00 
8.6242110e+04 2.2604973e+00 
8.6292135e+04 2.2106721e+00 
8.6342159e+04 2.1710579e+00 
8.6392184e+04 2.1483893e+00 
8.6442208e+04 2.1363459e+00 
8.6492233e+04 2.1344199e+00 
8.6542257e+04 2.1459796e+00 
8.6592281e+04 2.1715405e+00 
8.6642306e+04 2.2077713e+00 
8.6692330e+04 2.2527552e+00 
8.6742355e+04 2.3151698e+00 
8.6792379e+04 2.3852284e+00 
8.6842404e+04 2.4651818e+00 
8.6892428e+04 2.5568066e+00 
8.6942452e+04 2.6539826e+00 
8.6992477e+04 2.7583830e+00 
8.7042501e+04 2.8758023e+00 
8.7092526e+04 2.9925301e+00 
8.7142550e+04 3.1164601e+00 
8.7192574e+04 3.2480452e+00 
8.7242599e+04 3.3809354e+00 
8.7292623e+04 3.5137892e+00 
8.7342648e+04 3.6484799e+00 
8.7392672e+04 3.7835073e+00 
8.7442697e+04 3.9145837e+00 
8.7492721e+04 4.0496407e+00 
8.7542745e+04 4.1780372e+00 
8.7592770e+04 4.2972603e+00 
8.7642794e+04 4.4160256e+00 
8.7692819e+04 4.5272851e+00 
8.7742843e+04 4.6298566e+00 
8.7792868e+04 4.7260423e+00 
8.7842892e+04 4.8143477e+00 
8.7892916e+04 4.8880391e+00 
8.7942941e+04 4.9529495e+00 
8.7992965e+04 5.0076842e+00 
8.8042990e+04 5.0503683e+00 
8.8093014e+04 5.0796041e+00 
8.8143039e+04 5.1011610e+00 
8.8193063e+04 5.1069083e+00 
8.8243087e+04 5.1002030e+00 
8.8293112e+04 5.0853534e+00 
8.8343136e+04 5.0542035e+00 
8.8393161e+04 5.0110435e+00 
8.8443185e+04 4.9611163e+00 
8.8493210e+04 4.8947759e+00 
8.8543234e+04 4.8191681e+00 
8.8593258e+04 4.7347355e+00 
8.8643283e+04 4.6390452e+00 
8.8693307e+04 4.5345440e+00 
8.8743332e+04 4.4227943e+00 
8.8793356e+04 4.3064189e+00 
8.8843381e+04 4.1833105e+00 
8.8893405e+04 4.0567689e+00 
8.8943429e+04 3.9310987e+00 
8.8993454e+04 3.7926221e+00 
8.9043478e+04 3.6585305e+00 
8.9093503e+04 3.5277133e+00 
8.9143527e+04 3.3901000e+00 
8.9193552e+04 3.2586887e+00 
8.9243576e+04 3.1295133e+00 
8.9293600e+04 3.0026276e+00 
8.9343625e+04 2.8824646e+00 
8.9393649e+04 2.7695332e+00 
8.9443674e+04 2.6626074e+00 
8.9493698e+04 2.5630317e+00 
8.9543723e+04 2.4723909e+00 
8.9593747e+04 2.3943949e+00 
8.9643771e+04 2.3190391e+00 
8.9693796e+04 2.2585616e+00 
8.9743820e+04 2.2121224e+00 
8.9793845e+04 2.1700926e+00 
8.9843869e+04 2.1479073e+00 
8.9893894e+04 2.1363459e+00 
8.9943918e+04 2.1339386e+00 
8.9993942e+04 2.1469436e+00 
9.0043967e+04 2.1705754e+00 
9.0093991e+04 2.2058377e+00 
9.0144016e+04 2.2513037e+00 
9.0194040e+04 2.3122680e+00 
9.0244064e+04 2.3847458e+00 
9.0294089e+04 2.4603741e+00 
9.0344113e+04 2.5520175e+00 
9.0394138e+04 2.6520665e+00 
9.0444162e+04 2.7545097e+00 
9.0494187e+04 2.8715217e+00 
9.0544211e+04 2.9901271e+00 
9.0594235e+04 3.1145267e+00 
9.0644260e+04 3.2446592e+00 
9.0694284e+04 3.3780408e+00 
9.0744309e+04 3.5104272e+00 
9.0794333e+04 3.6451292e+00 
9.0844358e+04 3.7815890e+00 
9.0894382e+04 3.9136136e+00 
9.0944406e+04 4.0444169e+00 
9.0994431e+04 4.1746826e+00 
9.1044455e+04 4.2943687e+00 
9.1094480e+04 4.4111915e+00 
9.1144504e+04 4.5263171e+00 
9.1194529e+04 4.6298566e+00 
9.1244553e+04 4.7226615e+00 
9.1294577e+04 4.8114543e+00 
9.1344602e+04 4.8875580e+00 
9.1394626e+04 4.9519892e+00 
9.1444651e+04 5.0052848e+00 
9.1494675e+04 5.0503683e+00 
9.1544700e+04 5.0834370e+00 
9.1594724e+04 5.0987663e+00 
9.1644748e+04 5.1083450e+00 
9.1694773e+04 5.1016407e+00 
9.1744797e+04 5.0834370e+00 
9.1794822e+04 5.0585175e+00 
9.1844846e+04 5.0148811e+00 
9.1894871e+04 4.9601555e+00 
9.1944895e+04 4.8995867e+00 
9.1994919e+04 4.8235054e+00 
9.2044944e+04 4.7371492e+00 
9.2094968e+04 4.6438808e+00 
9.2144993e+04 4.5398664e+00 
9.2195017e+04 4.4285965e+00 
9.2245042e+04 4.3107581e+00 
9.2295066e+04 4.1905036e+00 
9.2345090e+04 4.0605717e+00 
9.2395115e+04 3.9281809e+00 
9.2445139e+04 3.7983801e+00 
9.2495164e+04 3.6599669e+00 
9.2545188e+04 3.5253131e+00 
9.2595213e+04 3.3929939e+00 
9.2645237e+04 3.2557859e+00 
9.2695261e+04 3.1275792e+00 
9.2745286e+04 3.0007041e+00 
9.2795310e+04 2.8829408e+00 
9.2845335e+04 2.7675922e+00 
9.2895359e+04 2.6602111e+00 
9.2945383e+04 2.5630317e+00 
9.2995408e+04 2.4699883e+00 
9.3045432e+04 2.3890884e+00 
9.3095457e+04 2.3204899e+00 
9.3145481e+04 2.2566261e+00 
9.3195506e+04 2.2097051e+00 
9.3245530e+04 2.1734712e+00 
9.3295554e+04 2.1464615e+00 
9.3345579e+04 2.1353829e+00 
9.3395603e+04 2.1358643e+00 
9.3445628e+04 2.1483893e+00 
9.3495652e+04 2.1720231e+00 
9.3545677e+04 2.2082546e+00 
9.3595701e+04 2.2571101e+00 
9.3645725e+04 2.3161373e+00 
9.3695750e+04 2.3871586e+00 
9.3745774e+04 2.4685464e+00 
9.3795799e+04 2.5544124e+00 
9.3845823e+04 2.6563780e+00 
9.3895848e+04 2.7661371e+00 
9.3945872e+04 2.8772295e+00 
9.3995896e+04 2.9997420e+00 
9.4045921e+04 3.1251619e+00 
9.4095945e+04 3.2548187e+00 
9.4145970e+04 3.3881707e+00 
9.4195994e+04 3.5243528e+00 
9.4246019e+04 3.6609240e+00 
9.4296043e+04 3.7955005e+00 
9.4346067e+04 3.9296396e+00 
9.4396092e+04 4.0629501e+00 
9.4446116e+04 4.1861873e+00 
9.4496141e+04 4.3117228e+00 
9.4546165e+04 4.4271460e+00 
9.4596190e+04 4.5374475e+00 
9.4646214e+04 4.6448488e+00 
9.4696238e+04 4.7366672e+00 
9.4746263e+04 4.8210959e+00 
9.4796287e+04 4.8971810e+00 
9.4846312e+04 4.9625573e+00 
9.4896336e+04 5.0139217e+00 
9.4946361e+04 5.0551624e+00 
9.4996385e+04 5.0853534e+00 
9.5046409e+04 5.1025982e+00 
9.5096434e+04 5.1069083e+00 
9.5146458e+04 5.1021194e+00 
9.5196483e+04 5.0815201e+00 
9.5246507e+04 5.0489306e+00 
9.5296532e+04 5.0091238e+00 
9.5346556e+04 4.9515090e+00 
9.5396580e+04 4.8851519e+00 
9.5446605e+04 4.8090439e+00 
9.5496629e+04 4.7192802e+00 
9.5546654e+04 4.6235681e+00 
9.5596678e+04 4.5195427e+00 
9.5646702e+04 4.4063582e+00 
9.5696727e+04 4.2876229e+00 
9.5746751e+04 4.1670165e+00 
9.5796776e+04 4.0387197e+00 
9.5846800e+04 3.9005270e+00 
9.5896825e+04 3.7672064e+00 
9.5946849e+04 3.6331618e+00 
9.5996873e+04 3.4964950e+00 
9.6046898e+04 3.3654940e+00 
9.6096922e+04 3.2306275e+00 
9.6146947e+04 3.0985801e+00 
9.6196971e+04 2.9761970e+00 
9.6246996e+04 2.8572690e+00 
9.6297020e+04 2.7433884e+00 
9.6347044e+04 2.6377001e+00 
9.6397069e+04 2.5419579e+00 
9.6447093e+04 2.4531605e+00 
9.6497118e+04 2.3726788e+00 
9.6547142e+04 2.3079147e+00 
9.6597167e+04 2.2474327e+00 
9.6647191e+04 2.2000372e+00 
9.6697215e+04 2.1691275e+00 
9.6747240e+04 2.1445341e+00 
9.6797264e+04 2.1339386e+00 
9.6847289e+04 2.1373088e+00 
9.6897313e+04 2.1493530e+00 
9.6947338e+04 2.1778162e+00 
9.6997362e+04 2.2179251e+00 
9.7047386e+04 2.2667880e+00 
9.7097411e+04 2.3311276e+00 
9.7147435e+04 2.4040401e+00 
9.7197460e+04 2.4868021e+00 
9.7247484e+04 2.5793083e+00 
9.7297509e+04 2.6803486e+00 
9.7347533e+04 2.7880099e+00 
9.7397557e+04 2.9048665e+00 
9.7447582e+04 3.0291023e+00 
9.7497606e+04 3.1561127e+00 
9.7547631e+04 3.2857740e+00 
9.7597655e+04 3.4238424e+00 
9.7647680e+04 3.5574608e+00 
9.7697704e+04 3.6901171e+00 
9.7747728e+04 3.8281639e+00 
9.7797753e+04 3.9613223e+00 
9.7847777e+04 4.0910392e+00 
9.7897802e+04 4.2183437e+00 
9.7947826e+04 4.3392200e+00 
9.7997851e+04 4.4576139e+00 
9.8047875e+04 4.5659966e+00 
9.8097899e+04 4.6661229e+00 
9.8147924e+04 4.7569437e+00 
9.8197948e+04 4.8413343e+00 
9.8247973e+04 4.9144974e+00 
9.8297997e+04 4.9740839e+00 
9.8348021e+04 5.0259137e+00 
9.8398046e+04 5.0661864e+00 
9.8448070e+04 5.0906234e+00 
9.8498095e+04 5.1064296e+00 
9.8548119e+04 5.1069083e+00 
9.8598144e+04 5.0954132e+00 
9.8648168e+04 5.0757704e+00 
9.8698192e+04 5.0407805e+00 
9.8748217e+04 4.9942470e+00 
9.8798241e+04 4.9361310e+00 
9.8848266e+04 4.8683047e+00 
9.8898290e+04 4.7868600e+00 
9.8948315e+04 4.6980228e+00 
9.8998339e+04 4.6003489e+00 
9.9048363e+04 4.4924459e+00 
9.9098388e+04 4.3797803e+00 
9.9148412e+04 4.2635446e+00 
9.9198437e+04 4.1335196e+00 
9.9248461e+04 4.0093312e+00 
9.9298486e+04 3.8758645e+00 
9.9348510e+04 3.7375059e+00 
9.9398534e+04 3.6049085e+00 
9.9448559e+04 3.4705348e+00 
9.9498583e+04 3.3321753e+00 
9.9548608e+04 3.2035294e+00 
9.9598632e+04 3.0744338e+00 
9.9648657e+04 2.9512541e+00 
9.9698681e+04 2.8354616e+00 
9.9748705e+04 2.7197559e+00 
9.9798730e+04 2.6161597e+00 
9.9848754e+04 2.5199106e+00 
9.9898779e+04 2.4348745e+00 
9.9948803e+04 2.3567419e+00 
9.9998828e+04 2.2904983e+00 
1.0004885e+05 2.2363050e+00 
1.0009888e+05 2.1894071e+00 
1.0014890e+05 2.1604431e+00 
1.0019893e+05 2.1416435e+00 
1.0024895e+05 2.1334572e+00 
1.0029897e+05 2.1397169e+00 
1.0034900e+05 2.1570668e+00 
1.0039902e+05 2.1850595e+00 
1.0044905e+05 2.2290490e+00 
1.0049907e+05 2.2817888e+00 
1.0054910e+05 2.3441789e+00 
1.0059912e+05 2.4233170e+00 
1.0064915e+05 2.5074406e+00 
1.0069917e+05 2.5998886e+00 
1.0074919e+05 2.7019560e+00 
1.0079922e+05 2.8158739e+00 
1.0084924e+05 2.9316232e+00 
1.0089927e+05 3.0541680e+00 
1.0094929e+05 3.1865931e+00 
1.0099932e+05 3.3147805e+00 
1.0104934e+05 3.4517708e+00 
1.0109936e+05 3.5881407e+00 
1.0114939e+05 3.7178767e+00 
1.0119941e+05 3.8556035e+00 
1.0124944e+05 3.9892497e+00 
1.0129946e+05 4.1167989e+00 
1.0134949e+05 4.2442989e+00 
1.0139951e+05 4.3638411e+00 
1.0144954e+05 4.4764800e+00 
1.0149956e+05 4.5858345e+00 
1.0154958e+05 4.6840081e+00 
1.0159961e+05 4.7747993e+00 
1.0164963e+05 4.8577113e+00 
1.0169966e+05 4.9269986e+00 
1.0174968e+05 4.9860873e+00 
1.0179971e+05 5.0359850e+00 
1.0184973e+05 5.0719371e+00 
1.0189976e+05 5.0944552e+00 
1.0194978e+05 5.1083450e+00 
1.0199980e+05 5.1069083e+00 
1.0204983e+05 5.0915813e+00 
1.0209985e+05 5.0695410e+00 
1.0214988e+05 5.0321488e+00 
1.0219990e+05 4.9798460e+00 
1.0224993e+05 4.9207482e+00 
1.0229995e+05 4.8475966e+00 
1.0234998e+05 4.7637010e+00 
1.0240000e+05 4.6753073e+00 
