0.00077359006
0.0012835606
7.1683142e-05
0.00028217517
0.00035224512
0.0011675289
0.00027068047
0.00073429948
0.00035380886
0.0003217459
0.00016671202
0.0027229814
0.00060581375
0.00094657787
0.0029048573
0.0038770929
0.0012757049
0.0023469925
0.0011979135
0.00041167074
0.0014902109
0.0020520634
0.00044742445
0.00295129
0.0050632893
0.0039811004
0.0030234589
0.0014004526
5.2356456e-05
0.00023734184
0.0027080951
0.0014204821
0.0020837574
0.0041371416
0.0028315445
0.001135433
0.0005600641
0.00024407577
0.0016972231
0.0024508359
0.0013522592
0.0011943458
0.00098072155
0.0018201967
0.0020248026
0.0024684099
0.0032369518
0.0040765819
0.0014916931
8.4332705e-06
0.00099615369
0.0052441256
0.0023186977
0.00091663661
0.0042277449
0.00087851443
0.00019567125
0.00091472937
0.0023204917
0.0026108737
0.00077923981
0.00056370971
0.0023015789
0.002763642
0.00025852417
0.00028472373
0.00078434829
0.0035020576
0.0034781287
0.0066035469
0.0021227449
0.00059516256
0.00086793362
0.0016206296
0.0024946684
0.0042769457
0.0087941969
0.007003542
0.0019465116
0.00030134508
0.00024914372
0.00039612752
0.00066946109
0.0064222496
0.0095355194
0.0057265968
0.0028520913
0.0026486777
0.0032150361
0.0052156388
0.0041536586
0.0046918318
0.011708884
0.0069397534
0.0025167884
0.0011648125
0.0015617139
0.0031059401
0.0055864421
0.0029016577
0.0028845381
0.0030537448
0.0017657526
0.0020198144
0.0039477483
0.0063468819
0.0056128995
0.0072219414
0.0091320295
0.014920034
0.016550295
0.013989762
0.0075563793
0.0044065639
0.0040403246
0.0060871122
0.0054782815
0.0034214926
0.0025679867
0.0012651011
0.0051120813
0.0092268353
0.0080931177
0.0092023369
0.0072793197
0.0083965827
0.013467974
0.013459144
0.018030891
0.021265754
0.024740087
0.023964833
0.010528157
0.0042548501
0.0070534581
0.01464789
0.01172416
0.01374553
0.012227523
0.0082326271
0.010117985
0.022135854
0.020949515
0.015350794
0.016740814
0.016313834
0.012642222
0.0087521924
0.0091396496
0.011478469
0.0090379929
0.0075573637
0.0074544842
0.0042931344
0.0022228477
0.0034183152
0.010441721
0.013056286
0.010470771
0.013819233
0.016913941
0.021775179
0.022371478
0.020990813
0.014350012
0.011427848
0.018131584
0.023492314
0.01961047
0.010672547
0.0083487965
0.006684449
0.0072690565
0.01507875
0.010324162
0.006593782
0.014816204
0.021561729
0.021800157
0.022803387
0.027191237
0.031357337
0.03334194
0.029791487
0.028530685
0.029031523
0.0333957
0.030600443
0.03193431
0.038551908
0.038099933
0.030197486
0.025908319
0.022994194
0.022398202
0.022191152
0.016587451
0.0072212117
0.0081529208
0.021515045
0.033895303
0.026507879
0.01863301
0.020996256
0.020122489
0.025639066
0.027396981
0.024022372
0.02246578
0.02255133
0.019712133
0.021157181
0.02723795
0.02952314
0.029512687
0.025180159
0.016696777
0.010486616
0.0087501528
0.0091410577
0.0053435354
0.0077589378
0.0091182226
0.0073487693
0.0030901653
0.00025516769
0.0001682764
0.0001838632
0.00055579765
0.0016828626
0.0020607398
0.0023891211
0.0024713292
0.0019902331
0.0020300481
0.0012996987
0.00030685563
9.4062627e-05
0.00016794672
0.0002355105
0.00052544643
0.00099896058
0.00068714283
0.0013552726
0.0015466866
0.0016539111
0.0036837952
0.0056548226
0.0078240084
0.0054939901
0.0060057994
0.0096262498
0.0072322474
0.0089912359
0.0099077765
0.0072616995
0.011514534
0.017461713
0.017922536
0.017915681
0.021384744
0.028072592
0.026183285
0.027179867
0.031060657
0.024890197
0.025504092
0.027907634
0.030434536
0.034972236
0.030643584
0.029681416
0.033120625
0.037716214
0.04912807
0.055646837
0.050871495
0.027326534
0.011795274
0.013488339
0.036889888
0.054880276
0.046654001
0.044408698
0.047945268
0.049504008
0.04917096
0.048676655
0.057561751
0.062236674
0.062272761
0.062900096
0.076929696
0.073570706
0.060529567
0.063729018
0.068927675
0.056024566
0.046200749
0.054905787
0.058600288
0.011402104
0.00066765299
0.0014712628
0.00070348108
0.0017565355
0.025561236
0.017921051
0.0015484982
0.00030325315
0.00016427571
9.5802017e-05
0.0013320682
0.022431124
0.020354038
0.0021524194
0.00053053908
0.00035931671
0.00080872967
0.031632181
0.08156243
0.078252517
0.087686814
0.12547806
0.12759547
0.10138171
0.094706841
0.10286009
0.10429453
0.10404754
0.10157139
0.087673485
0.080240428
0.09494058
0.12220683
0.14407779
0.14661653
0.13471711
0.13273144
0.12033966
0.12045537
0.13086544
0.14325455
0.1474514
0.1399671
0.14141914
0.14311726
0.12745924
0.11188916
0.12147024
0.14351298
0.16013905
0.15707141
0.14965943
0.15409067
0.17651068
0.16892146
0.15233451
0.16288906
0.16045092
0.14407329
0.134673
0.14794128
0.14412463
0.13871412
0.15965381
0.15986541
0.15664209
0.14917669
0.16140851
0.17188391
0.19323324
0.19922186
0.17701021
0.14403041
0.13727401
0.14991976
0.15992816
0.18576001
0.17523387
0.1546281
0.14684775
0.12746298
0.1028688
0.087997377
0.092065379
0.091643177
0.10102484
0.11946471
0.091519408
0.032233838
0.023298349
0.036097404
0.07348419
0.082075901
0.10000231
0.10940766
0.11468228
0.11307111
0.10050815
0.084892131
0.069392011
0.059950978
0.042208988
0.033883456
0.040772267
0.066919081
0.11012024
0.12113166
0.11061309
0.11111645
0.10754734
0.10859811
0.10650225
0.075055592
0.069579504
0.068986759
0.043731228
0.02967163
0.024706574
0.010915412
0.0071627325
0.012030521
0.0090654613
0.0078499252
0.012703036
0.02787682
0.041508745
0.045846011
0.04030066
0.02620637
0.026113842
0.036086775
0.032623615
0.028807314
0.033960782
0.037521448
0.0261044
0.011828532
0.0096473079
0.0043861205
0.003455729
0.0014816497
0.00078297494
0.00045260624
2.5386218e-05
0.00045850096
0.0041895104
0.0062358426
0.0075541274
0.00983286
0.012781347
0.012447235
0.0091007361
0.016128646
0.024215644
0.022297215
0.020067019
0.025382668
0.032127302
0.03739759
0.052824438
0.068496324
0.062021982
0.059784926
0.064038306
0.064240716
0.083447181
0.11325254
0.12418115
0.11537129
0.1121173
0.13346471
0.16733667
0.16679829
0.14809237
0.15462914
0.16238275
0.17353886
0.15479046
0.13876019
0.14055562
0.15217814
0.16215059
0.1720466
0.19004393
0.2093128
0.19793504
0.19848341
0.21682355
0.22404116
0.21624416
0.20617053
0.2169845
0.24264039
0.26092198
0.255732
0.23068783
0.24393389
0.2679033
0.26653767
0.23297496
0.17038162
0.16107573
0.2343128
0.2964074
0.31118694
0.32480454
0.30688852
0.23534583
0.2407909
0.29657543
0.32051116
0.31190267
0.3098363
0.31816968
0.33700183
0.35578111
0.35570893
0.24450448
0.12169674
0.12767427
0.24419855
0.31602946
0.33823282
0.36474758
0.39319837
0.38158524
0.35232008
0.37836844
0.40163311
0.40090337
0.39802682
0.40373495
0.41456571
0.41157147
0.4004955
0.39051938
0.39110085
0.38731945
0.38732156
0.38368005
0.36046034
0.35191321
0.38754737
0.41104656
0.3905682
0.39419815
0.41148716
0.40827158
0.43152854
0.42731807
0.4280186
0.44231457
0.45157233
0.46181318
0.45409593
0.44875747
0.46117297
0.46634823
0.46889663
0.45810023
0.45099366
0.46519947
0.47497606
0.47840241
0.46162182
0.44561219
0.47502148
0.49536154
0.4730829
0.47355038
0.49700952
0.51111394
0.51502562
0.50213021
0.49693999
0.49547559
0.50773519
0.49359274
0.49041733
0.49216366
0.47773802
0.48088256
0.49831632
0.51058364
0.49297494
0.47997653
0.49747738
0.51577604
0.50996709
0.50494677
0.50124407
0.50352538
0.51782691
0.52461302
0.52501261
0.5258919
0.52955592
0.53598028
0.5370695
0.52413321
0.51049662
0.51329124
0.52591556
0.53366381
0.54090571
0.55188811
0.54552799
0.54784977
0.55113655
0.54860067
0.55392498
0.55988687
0.55714828
0.56217426
0.5578171
0.55166757
0.55882204
0.5739153
0.58075947
0.56810933
0.53724539
0.48761541
0.50618821
0.5661763
0.58744842
0.5718829
0.54842645
0.55591542
0.57326001
0.58182663
0.58196914
0.59395832
0.59566259
0.59750068
0.59626925
0.60204577
0.56691331
0.50939608
0.51488286
0.44113165
0.39956805
0.45885661
0.52173001
0.49225846
0.35291797
0.29238591
0.34635794
0.31867948
0.22720185
0.15029359
0.20926018
0.35462797
0.46290615
0.52081496
0.5375759
0.5478816
0.56746113
0.57256341
0.56393558
0.56694579
0.58688509
0.58741701
0.56264746
0.54761553
0.5271368
0.49842727
0.48799103
0.45723435
0.4106012
0.40282464
0.42310745
0.40199518
0.36196235
0.31298515
0.26364654
0.21631485
0.14594471
0.030123925
0.0047519398
0.0013486622
0.00070575118
0.0033216379
0.055208463
0.15588377
0.21107063
0.28193191
0.3416599
0.40859976
0.45979151
0.49265918
0.49513006
0.50433517
0.52188957
0.54781061
0.55915225
0.57190615
0.59390199
0.60479915
0.61234653
0.59821659
0.60488796
0.64406282
0.64968282
0.65255791
0.6578663
0.66683292
0.66810971
0.66511488
0.67999965
0.68727851
0.67025912
0.6555379
0.66100639
0.66896474
0.69149351
0.69757003
0.69241029
0.68537396
0.66739023
0.65923762
0.66182154
0.66652048
0.68395185
0.69897521
0.70355457
0.70655894
0.70515609
0.69571358
0.68760538
0.7000072
0.70999151
0.70704329
0.70836437
0.70768869
0.70891285
0.70071703
0.66609997
0.60491091
0.6121015
0.6084677
0.49918821
0.27622423
0.24213797
0.42529517
0.66526949
0.70016372
0.69934821
0.70639777
0.71063983
0.70262146
0.69863039
0.71122104
0.70759374
0.69748223
0.68023676
0.69801676
0.72621453
0.73347193
0.73522264
0.72789937
0.72939795
0.7448746
0.74022365
0.72270465
0.71840465
0.72137779
0.72644538
0.73594129
0.7420966
0.74509907
0.73472488
0.7184729
0.7205075
0.72808498
0.71561646
0.69881433
0.70963359
0.71817994
0.70358253
0.71137154
0.72981918
0.72550267
0.72173703
0.72745389
0.73021525
0.73869705
0.75070488
0.75783998
0.77276158
0.76666874
0.74814624
0.73990774
0.74258184
0.74880868
0.7491079
0.757981
0.76851535
0.76832056
