0.0001261701
0.0001078074
0.00014995289
0.0001971871
0.00017052653
0.00011076769
9.789152e-05
0.00010434725
0.00010709529
0.00010442978
0.00010484659
0.00010922138
0.00011159503
0.0001146322
0.00011671554
0.00011938391
0.00011931747
0.00011737756
0.00011369286
0.00011130728
0.00011450169
0.00011370435
0.00010656933
0.00010033555
9.6808559e-05
9.3304174e-05
8.9587345e-05
8.6471395e-05
8.2901963e-05
8.0424412e-05
7.8127625e-05
7.5739685e-05
7.321647e-05
7.0370348e-05
6.7768371e-05
6.5761713e-05
6.3606938e-05
6.3076433e-05
6.11539e-05
5.7760255e-05
5.6209872e-05
5.5843186e-05
5.4520504e-05
5.2166473e-05
4.9251346e-05
4.6427951e-05
4.4651304e-05
4.3121712e-05
4.1589825e-05
3.9700361e-05
3.8164981e-05
3.6934434e-05
3.5772107e-05
3.5259258e-05
3.3894663e-05
3.2678363e-05
3.1975054e-05
3.0972675e-05
3.0084184e-05
2.8860781e-05
2.797983e-05
2.7551727e-05
2.6837257e-05
2.6365746e-05
2.6180549e-05
2.5418027e-05
2.4486488e-05
2.3340681e-05
2.2557329e-05
2.2530894e-05
2.2422753e-05
2.1709575e-05
2.0998552e-05
2.0302967e-05
2.0065245e-05
2.0172778e-05
1.9961375e-05
1.9548734e-05
1.8968012e-05
1.8852199e-05
1.8709628e-05
1.8438217e-05
1.8217848e-05
1.7975426e-05
1.7400624e-05
1.7289502e-05
1.7095359e-05
1.6747681e-05
1.6882102e-05
1.6764219e-05
1.6410298e-05
1.629675e-05
1.6261394e-05
1.5895175e-05
1.5539046e-05
1.5101876e-05
1.4631278e-05
1.461458e-05
1.4427327e-05
1.4471892e-05
1.4546239e-05
1.4177041e-05
1.3917932e-05
1.4131288e-05
1.4074786e-05
1.3771791e-05
1.3354072e-05
1.3319279e-05
1.3401794e-05
1.3287554e-05
1.3115533e-05
1.2841334e-05
1.234884e-05
1.2365827e-05
1.236018e-05
1.2202965e-05
1.2337009e-05
1.2315477e-05
1.2365012e-05
1.2508251e-05
1.219529e-05
1.1984435e-05
1.2081183e-05
1.1869316e-05
1.1554364e-05
1.1536186e-05
1.1639611e-05
1.1659693e-05
1.1466115e-05
1.1251857e-05
1.1203399e-05
1.1257926e-05
1.1270404e-05
1.1127441e-05
1.0997286e-05
1.1096549e-05
1.1197176e-05
1.1011204e-05
1.1098658e-05
1.1201344e-05
1.1056914e-05
1.0924897e-05
1.0959305e-05
1.0965889e-05
1.0916875e-05
1.0908955e-05
1.0760837e-05
1.0538215e-05
1.0592446e-05
1.0470262e-05
1.0245976e-05
1.0359969e-05
1.0342387e-05
1.0291052e-05
1.0259406e-05
1.0026485e-05
9.9553363e-06
9.9360295e-06
9.7943448e-06
9.5967325e-06
9.7055572e-06
9.9285271e-06
9.8256669e-06
9.5259238e-06
9.4183788e-06
9.3995559e-06
9.382471e-06
9.3158415e-06
9.1389538e-06
9.02181e-06
9.2296486e-06
9.1361853e-06
8.9153637e-06
8.8969309e-06
8.7981671e-06
8.659149e-06
8.641322e-06
8.655993e-06
8.4983694e-06
8.3876212e-06
8.1960707e-06
8.1343551e-06
8.285655e-06
8.4474177e-06
8.2853367e-06
7.9863621e-06
7.9292467e-06
7.8642279e-06
7.79121e-06
7.769785e-06
7.7615568e-06
7.8184776e-06
7.8070689e-06
7.8063404e-06
7.7759214e-06
7.7171326e-06
7.6979641e-06
7.6759361e-06
7.7289014e-06
7.6667802e-06
7.421228e-06
7.3240908e-06
7.3737219e-06
7.2668108e-06
7.1513377e-06
7.1566083e-06
7.2152375e-06
7.2231637e-06
7.1446275e-06
7.0584538e-06
7.1158647e-06
7.273085e-06
7.3053138e-06
7.1825539e-06
7.0762858e-06
6.9227954e-06
6.8679074e-06
6.9492817e-06
6.9810185e-06
6.8812974e-06
6.7370129e-06
6.6773046e-06
6.7274109e-06
6.8826498e-06
6.8542872e-06
6.5883128e-06
6.3710518e-06
6.4227729e-06
6.6189682e-06
6.6410103e-06
6.5729087e-06
6.5824706e-06
6.6274692e-06
6.5868376e-06
6.6771945e-06
6.7562796e-06
6.6483349e-06
6.4182541e-06
6.3153288e-06
6.4824967e-06
6.4962269e-06
6.3811958e-06
6.3091052e-06
6.2500867e-06
6.3375287e-06
6.4199317e-06
6.2905679e-06
6.1842825e-06
6.1734686e-06
6.1903152e-06
6.2165786e-06
6.2660965e-06
6.1045021e-06
5.9384756e-06
5.9908407e-06
6.0592615e-06
6.1186406e-06
6.05682e-06
6.0690154e-06
6.1555529e-06
6.1675269e-06
6.0510042e-06
6.0076109e-06
5.9460699e-06
5.8922519e-06
5.921911e-06
5.8877058e-06
5.8828787e-06
5.8314895e-06
5.7734196e-06
5.6790827e-06
5.6748813e-06
5.6460071e-06
5.5568075e-06
5.6321874e-06
5.6918543e-06
5.6207464e-06
5.6977133e-06
5.7129414e-06
5.6630179e-06
5.6467011e-06
5.5906371e-06
5.4724956e-06
5.4792049e-06
5.5903306e-06
5.6375579e-06
5.5050564e-06
5.4050179e-06
5.4902976e-06
5.5076257e-06
5.5755454e-06
5.6313897e-06
5.5023006e-06
5.4294578e-06
5.535519e-06
5.5191394e-06
5.3758458e-06
5.346385e-06
5.3454814e-06
5.2666878e-06
5.2436772e-06
5.3300855e-06
5.4090669e-06
5.3322569e-06
5.3081612e-06
5.2541718e-06
5.1881275e-06
5.2112832e-06
5.2603946e-06
5.2340138e-06
5.2621563e-06
5.2684231e-06
5.1797265e-06
5.2230721e-06
5.2315895e-06
5.11696e-06
5.0264848e-06
4.9857395e-06
5.0187809e-06
5.1335664e-06
5.1635266e-06
5.0324711e-06
4.9838077e-06
5.0208423e-06
4.9749178e-06
4.9758191e-06
4.9598434e-06
4.9487194e-06
4.959767e-06
4.8862407e-06
4.8076404e-06
4.7501339e-06
4.7532799e-06
4.7998606e-06
4.8123461e-06
4.8328161e-06
4.8392094e-06
4.8269194e-06
4.8799411e-06
4.9578939e-06
4.8212623e-06
4.737753e-06
4.8238148e-06
4.8638562e-06
4.8350771e-06
4.832933e-06
4.8790675e-06
4.8588604e-06
4.7127719e-06
4.6340915e-06
4.594327e-06
4.5561192e-06
4.5435554e-06
4.5671632e-06
4.5939132e-06
4.659315e-06
4.7014482e-06
4.7322524e-06
4.6618275e-06
4.5938682e-06
4.6840796e-06
4.6812879e-06
4.5882325e-06
4.4564958e-06
4.4394369e-06
4.441275e-06
4.4032959e-06
4.5135735e-06
4.5379916e-06
4.5028078e-06
4.5285892e-06
4.555799e-06
4.5780625e-06
4.5481424e-06
4.4704725e-06
4.4153117e-06
4.4585072e-06
4.3969521e-06
4.4755802e-06
4.5848888e-06
4.4555759e-06
4.3288978e-06
4.2799456e-06
4.2961369e-06
4.3490163e-06
4.3751133e-06
4.3447349e-06
4.3477316e-06
4.369228e-06
4.3847217e-06
4.4430749e-06
4.4350036e-06
4.4343901e-06
4.3249165e-06
4.2519646e-06
4.2837864e-06
4.2103679e-06
4.1322232e-06
4.164845e-06
4.2362699e-06
4.2523193e-06
4.2110564e-06
4.2127122e-06
4.1665007e-06
4.1461572e-06
4.1422713e-06
4.1599551e-06
4.197499e-06
4.2514885e-06
4.3020136e-06
4.2750798e-06
4.160348e-06
4.0769096e-06
4.1081926e-06
4.114544e-06
4.0914069e-06
4.1616499e-06
4.2007773e-06
4.2026363e-06
4.1154613e-06
3.9359138e-06
3.868508e-06
3.9019219e-06
3.9748384e-06
4.0347563e-06
4.0511986e-06
4.0307937e-06
4.0193299e-06
4.0032323e-06
3.9623587e-06
3.9626284e-06
4.0092586e-06
3.9427259e-06
3.8833514e-06
3.8675653e-06
3.8563708e-06
3.8813992e-06
3.9053375e-06
3.921627e-06
3.8628546e-06
3.8697485e-06
3.9526212e-06
3.8564722e-06
3.7870284e-06
3.8299981e-06
3.7825321e-06
3.7740654e-06
3.857192e-06
3.8206317e-06
3.7831594e-06
3.7983593e-06
3.819428e-06
3.8435796e-06
3.8116027e-06
3.7560706e-06
3.706728e-06
3.7460502e-06
3.7171653e-06
3.700872e-06
3.7390153e-06
3.8061828e-06
3.8422168e-06
3.7648815e-06
3.7171451e-06
3.7725283e-06
3.6868271e-06
3.5568921e-06
3.5479407e-06
3.6466688e-06
3.6572383e-06
3.5771086e-06
3.5849448e-06
3.6374277e-06
3.6971599e-06
3.6762044e-06
3.6643889e-06
3.6082233e-06
3.5630053e-06
3.6304293e-06
3.6321994e-06
3.5822652e-06
3.5541086e-06
3.5664925e-06
3.5598262e-06
3.6370641e-06
3.6372837e-06
3.6005499e-06
3.6136551e-06
3.6129686e-06
3.5492733e-06
3.5263593e-06
3.5250587e-06
3.4672464e-06
3.5153805e-06
3.5942223e-06
3.5921826e-06
3.5064488e-06
3.4197901e-06
3.4244792e-06
3.4155009e-06
3.4419206e-06
3.4714365e-06
3.5006981e-06
3.4424536e-06
3.3758026e-06
3.4439961e-06
3.5178709e-06
3.50504e-06
3.4426123e-06
3.3858325e-06
3.3792514e-06
3.3954968e-06
3.3888934e-06
3.3537658e-06
3.3555411e-06
3.3308265e-06
3.3074086e-06
3.3537951e-06
3.4522454e-06
3.4944194e-06
3.4617308e-06
3.3511781e-06
3.2463081e-06
3.2790715e-06
3.3255571e-06
3.3388415e-06
3.3876954e-06
3.3451161e-06
3.241877e-06
3.3002009e-06
3.3059093e-06
3.2910318e-06
3.3109293e-06
3.3139843e-06
3.3108349e-06
3.3642841e-06
3.3737722e-06
3.3137587e-06
3.2273692e-06
3.1875609e-06
3.2598164e-06
3.2855366e-06
3.2397563e-06
3.2102853e-06
3.2034582e-06
3.1359068e-06
3.0671927e-06
3.1025329e-06
3.1323866e-06
3.1813408e-06
3.2654584e-06
3.2186995e-06
3.1608372e-06
3.1663531e-06
3.1911784e-06
3.213745e-06
3.1454933e-06
3.1234986e-06
3.1784257e-06
3.222897e-06
3.2039154e-06
3.1865111e-06
3.1489869e-06
3.1498271e-06
3.1587347e-06
3.172272e-06
3.1132133e-06
3.0397687e-06
3.0929348e-06
3.1183208e-06
3.0604917e-06
3.0678293e-06
3.07764e-06
3.125519e-06
3.1657828e-06
3.119218e-06
3.0545161e-06
3.0286717e-06
3.1028633e-06
3.1417035e-06
3.1438638e-06
3.1097015e-06
3.0266904e-06
3.0013416e-06
3.0201675e-06
3.0667618e-06
3.0512044e-06
3.0169392e-06
3.0196734e-06
3.0098524e-06
3.0435624e-06
3.0668559e-06
3.0510839e-06
3.0404897e-06
3.0303515e-06
3.0227284e-06
3.0212022e-06
2.990306e-06
2.9705996e-06
2.9375622e-06
2.9491023e-06
2.9014241e-06
2.8360505e-06
2.8669074e-06
2.9227213e-06
2.939569e-06
2.934448e-06
2.9451321e-06
2.9402759e-06
2.9382138e-06
2.9992564e-06
3.0448193e-06
2.98792e-06
2.9235719e-06
2.9334817e-06
2.9872574e-06
3.0105828e-06
3.0100241e-06
2.9647379e-06
2.9119813e-06
2.9443624e-06
2.9719306e-06
2.9830719e-06
2.9189789e-06
2.8721249e-06
2.919825e-06
2.9423977e-06
2.894564e-06
2.8282052e-06
2.8605434e-06
2.8810693e-06
2.8770548e-06
2.900287e-06
2.8708669e-06
2.8833099e-06
2.9179919e-06
2.8574295e-06
2.8699371e-06
2.9171142e-06
2.8913366e-06
2.8745226e-06
2.8447453e-06
2.777073e-06
2.744325e-06
2.746227e-06
2.7566675e-06
2.7588505e-06
2.7598867e-06
2.7876492e-06
2.7738672e-06
2.686143e-06
2.712547e-06
2.7909261e-06
2.7573001e-06
2.7343367e-06
2.7196684e-06
2.7166004e-06
2.7351173e-06
2.7594383e-06
2.7439244e-06
2.6851139e-06
2.6655889e-06
2.777567e-06
2.8101902e-06
2.751817e-06
2.7424696e-06
2.7395895e-06
2.7006986e-06
2.7373585e-06
2.7641779e-06
2.7144715e-06
2.6735174e-06
2.6854766e-06
2.6784653e-06
2.6902987e-06
2.767719e-06
2.8126349e-06
2.8207839e-06
2.7642357e-06
2.6896164e-06
2.6557179e-06
2.693482e-06
2.7060087e-06
2.7016536e-06
2.6933697e-06
2.6854411e-06
2.7015024e-06
2.6939256e-06
2.695979e-06
2.7140366e-06
2.7001649e-06
2.7257518e-06
2.6791151e-06
2.5734814e-06
2.5369791e-06
2.5919303e-06
2.6254847e-06
2.5976797e-06
2.6056521e-06
2.613609e-06
2.637727e-06
2.6851403e-06
2.700571e-06
2.697886e-06
2.6399869e-06
2.623603e-06
2.6390248e-06
2.6107869e-06
2.5688544e-06
2.5463949e-06
2.605472e-06
2.6426201e-06
2.6026501e-06
2.5546224e-06
2.5123531e-06
2.5321149e-06
2.6000394e-06
2.5862307e-06
2.5708125e-06
2.5754262e-06
2.5500992e-06
2.4937722e-06
2.4901606e-06
2.5103789e-06
2.5336444e-06
2.5712247e-06
2.5717104e-06
2.5190955e-06
2.5181996e-06
2.5205618e-06
2.5217466e-06
2.525124e-06
2.5053455e-06
2.4744754e-06
2.4748015e-06
2.5012337e-06
2.5343872e-06
2.4975234e-06
2.4579904e-06
2.4524452e-06
2.4574426e-06
2.4715214e-06
2.4774224e-06
2.4846711e-06
2.4759647e-06
2.4525987e-06
2.43979e-06
2.4348715e-06
2.4585411e-06
2.4927319e-06
2.4585329e-06
2.3966827e-06
2.3565792e-06
2.3793621e-06
2.3884761e-06
2.4281865e-06
2.4333829e-06
2.4032995e-06
2.450962e-06
2.4993449e-06
2.4963995e-06
2.4635779e-06
2.4492833e-06
2.4839292e-06
2.4631829e-06
2.3936243e-06
2.3690238e-06
2.3567188e-06
2.3610389e-06
2.4087703e-06
2.4500418e-06
2.4383842e-06
2.4091221e-06
2.4182013e-06
2.4041783e-06
2.3710093e-06
2.3180066e-06
2.2787167e-06
2.3380821e-06
2.3822167e-06
2.3398593e-06
2.3419566e-06
2.3829675e-06
2.3481721e-06
2.3281045e-06
2.3422317e-06
2.3353907e-06
2.3528355e-06
2.3415735e-06
2.3189893e-06
2.3695206e-06
2.3877892e-06
2.317083e-06
2.2816985e-06
2.2863831e-06
2.2936367e-06
2.2810045e-06
2.2961187e-06
2.3401726e-06
2.3638818e-06
