64.0
128.0
192.0
256.0
320.0
384.0
448.0
512.0
576.0
640.0
704.0
768.0
832.0
896.0
960.0
1024.0
1088.0
1152.0
1216.0
1280.0
1344.0
1408.0
1472.0
1536.0
1600.0
1664.0
1728.0
1792.0
1856.0
1920.0
1984.0
2048.0
2112.0
2176.0
2240.0
2304.0
2368.0
2432.0
2496.0
2560.0
2624.0
2688.0
2752.0
2816.0
2880.0
2944.0
3008.0
3072.0
3136.0
3200.0
3264.0
3328.0
3392.0
3456.0
3520.0
3584.0
3648.0
3712.0
3776.0
3840.0
3904.0
3968.0
4032.0
4096.0
4160.0
4224.0
4288.0
4352.0
4416.0
4480.0
4544.0
4608.0
4672.0
4736.0
4800.0
4864.0
4928.0
4992.0
5056.0
5120.0
5184.0
5248.0
5312.0
5376.0
5440.0
5504.0
5568.0
5632.0
5696.0
5760.0
5824.0
5888.0
5952.0
6016.0
6080.0
6144.0
6208.0
6272.0
6336.0
6400.0
6464.0
6528.0
6592.0
6656.0
6720.0
6784.0
6848.0
6912.0
6976.0
7040.0
7104.0
7168.0
7232.0
7296.0
7360.0
7424.0
7488.0
7552.0
7616.0
7680.0
7744.0
7808.0
7872.0
7936.0
8000.0
8064.0
8128.0
8192.0
8256.0
8320.0
8384.0
8448.0
8512.0
8576.0
8640.0
8704.0
8768.0
8832.0
8896.0
8960.0
9024.0
9088.0
9152.0
9216.0
9280.0
9344.0
9408.0
9472.0
9536.0
9600.0
9664.0
9728.0
9792.0
9856.0
9920.0
9984.0
10048.0
10112.0
10176.0
10240.0
10304.0
10368.0
10432.0
10496.0
10560.0
10624.0
10688.0
10752.0
10816.0
10880.0
10944.0
11008.0
11072.0
11136.0
11200.0
11264.0
11328.0
11392.0
11456.0
11520.0
11584.0
11648.0
11712.0
11776.0
11840.0
11904.0
11968.0
12032.0
12096.0
12160.0
12224.0
12288.0
12352.0
12416.0
12480.0
12544.0
12608.0
12672.0
12736.0
12800.0
12864.0
12928.0
12992.0
13056.0
13120.0
13184.0
13248.0
13312.0
13376.0
13440.0
13504.0
13568.0
13632.0
13696.0
13760.0
13824.0
13888.0
13952.0
14016.0
14080.0
14144.0
14208.0
14272.0
14336.0
14400.0
14464.0
14528.0
14592.0
14656.0
14720.0
14784.0
14848.0
14912.0
14976.0
15040.0
15104.0
15168.0
15232.0
15296.0
15360.0
15424.0
15488.0
15552.0
15616.0
15680.0
15744.0
15808.0
15872.0
15936.0
16000.0
16064.0
16128.0
16192.0
16256.0
16320.0
16384.0
16448.0
16512.0
16576.0
16640.0
16704.0
16768.0
16832.0
16896.0
16960.0
17024.0
17088.0
17152.0
17216.0
17280.0
17344.0
17408.0
17472.0
17536.0
17600.0
17664.0
17728.0
17792.0
17856.0
17920.0
17984.0
18048.0
18112.0
18176.0
18240.0
18304.0
18368.0
18432.0
18496.0
18560.0
18624.0
18688.0
18752.0
18816.0
18880.0
18944.0
19008.0
19072.0
19136.0
19200.0
19264.0
19328.0
19392.0
19456.0
19520.0
19584.0
19648.0
19712.0
19776.0
19840.0
19904.0
19968.0
20032.0
20096.0
20160.0
20224.0
20288.0
20352.0
20416.0
20480.0
20544.0
20608.0
20672.0
20736.0
20800.0
20864.0
20928.0
20992.0
21056.0
21120.0
21184.0
21248.0
21312.0
21376.0
21440.0
21504.0
21568.0
21632.0
21696.0
21760.0
21824.0
21888.0
21952.0
22016.0
22080.0
22144.0
22208.0
22272.0
22336.0
22400.0
22464.0
22528.0
22592.0
22656.0
22720.0
22784.0
22848.0
22912.0
22976.0
23040.0
23104.0
23168.0
23232.0
23296.0
23360.0
23424.0
23488.0
23552.0
23616.0
23680.0
23744.0
23808.0
23872.0
23936.0
24000.0
24064.0
24128.0
24192.0
24256.0
24320.0
24384.0
24448.0
24512.0
24576.0
24640.0
24704.0
24768.0
24832.0
24896.0
24960.0
25024.0
25088.0
25152.0
25216.0
25280.0
25344.0
25408.0
25472.0
25536.0
25600.0
25664.0
25728.0
25792.0
25856.0
25920.0
25984.0
26048.0
26112.0
26176.0
26240.0
26304.0
26368.0
26432.0
26496.0
26560.0
26624.0
26688.0
26752.0
26816.0
26880.0
26944.0
27008.0
27072.0
27136.0
27200.0
27264.0
27328.0
27392.0
27456.0
27520.0
27584.0
27648.0
27712.0
27776.0
27840.0
27904.0
27968.0
28032.0
28096.0
28160.0
28224.0
28288.0
28352.0
28416.0
28480.0
28544.0
28608.0
28672.0
28736.0
28800.0
28864.0
28928.0
28992.0
29056.0
29120.0
29184.0
29248.0
29312.0
29376.0
29440.0
29504.0
29568.0
29632.0
29696.0
29760.0
29824.0
29888.0
29952.0
30016.0
30080.0
30144.0
30208.0
30272.0
30336.0
30400.0
30464.0
30528.0
30592.0
30656.0
30720.0
30784.0
30848.0
30912.0
30976.0
31040.0
31104.0
31168.0
31232.0
31296.0
31360.0
31424.0
31488.0
31552.0
31616.0
31680.0
31744.0
31808.0
31872.0
31936.0
32000.0
32064.0
32128.0
32192.0
32256.0
32320.0
32384.0
32448.0
32512.0
32576.0
32640.0
32704.0
32768.0
32832.0
32896.0
32960.0
33024.0
33088.0
33152.0
33216.0
33280.0
33344.0
33408.0
33472.0
33536.0
33600.0
33664.0
33728.0
33792.0
33856.0
33920.0
33984.0
34048.0
34112.0
34176.0
34240.0
34304.0
34368.0
34432.0
34496.0
34560.0
34624.0
34688.0
34752.0
34816.0
34880.0
34944.0
35008.0
35072.0
35136.0
35200.0
35264.0
35328.0
35392.0
35456.0
35520.0
35584.0
35648.0
35712.0
35776.0
35840.0
35904.0
35968.0
36032.0
36096.0
36160.0
36224.0
36288.0
36352.0
36416.0
36480.0
36544.0
36608.0
36672.0
36736.0
36800.0
36864.0
36928.0
36992.0
37056.0
37120.0
37184.0
37248.0
37312.0
37376.0
37440.0
37504.0
37568.0
37632.0
37696.0
37760.0
37824.0
37888.0
37952.0
38016.0
38080.0
38144.0
38208.0
38272.0
38336.0
38400.0
38464.0
38528.0
38592.0
38656.0
38720.0
38784.0
38848.0
38912.0
38976.0
39040.0
39104.0
39168.0
39232.0
39296.0
39360.0
39424.0
39488.0
39552.0
39616.0
39680.0
39744.0
39808.0
39872.0
39936.0
40000.0
40064.0
40128.0
40192.0
40256.0
40320.0
40384.0
40448.0
40512.0
40576.0
40640.0
40704.0
40768.0
40832.0
40896.0
40960.0
41024.0
41088.0
41152.0
41216.0
41280.0
41344.0
41408.0
41472.0
41536.0
41600.0
41664.0
41728.0
41792.0
41856.0
41920.0
41984.0
42048.0
42112.0
42176.0
42240.0
42304.0
42368.0
42432.0
42496.0
42560.0
42624.0
42688.0
42752.0
42816.0
42880.0
42944.0
43008.0
43072.0
43136.0
43200.0
43264.0
43328.0
43392.0
43456.0
43520.0
43584.0
43648.0
43712.0
43776.0
43840.0
43904.0
43968.0
44032.0
44096.0
44160.0
44224.0
44288.0
44352.0
44416.0
44480.0
44544.0
44608.0
44672.0
44736.0
44800.0
44864.0
44928.0
44992.0
45056.0
45120.0
45184.0
45248.0
45312.0
45376.0
45440.0
45504.0
45568.0
45632.0
45696.0
45760.0
45824.0
45888.0
45952.0
46016.0
46080.0
46144.0
46208.0
46272.0
46336.0
46400.0
46464.0
46528.0
46592.0
46656.0
46720.0
46784.0
46848.0
46912.0
46976.0
47040.0
47104.0
47168.0
47232.0
47296.0
47360.0
47424.0
47488.0
47552.0
47616.0
47680.0
47744.0
47808.0
47872.0
47936.0
48000.0
48064.0
48128.0
48192.0
48256.0
48320.0
48384.0
48448.0
48512.0
48576.0
48640.0
48704.0
48768.0
48832.0
48896.0
48960.0
49024.0
49088.0
49152.0
49216.0
49280.0
49344.0
49408.0
49472.0
49536.0
49600.0
49664.0
49728.0
49792.0
49856.0
49920.0
49984.0
50048.0
50112.0
50176.0
50240.0
50304.0
50368.0
50432.0
50496.0
50560.0
50624.0
50688.0
50752.0
50816.0
50880.0
50944.0
51008.0
51072.0
51136.0
51200.0
