9.729120047295032e-16
8.313151345578346e-16
1.1563038059324888e-15
1.5205321765441819e-15
1.31494948614502e-15
8.541422677572274e-16
7.548526550206291e-16
8.046335239926945e-16
8.258239732788318e-16
8.05269922218188e-16
8.084839915792434e-16
8.422184953100845e-16
8.605219806844021e-16
8.83941944316073e-16
9.000068162305216e-16
9.205829210767576e-16
9.20070594673004e-16
9.051117278171102e-16
8.76698586638441e-16
8.58303107675972e-16
8.829355668483748e-16
8.767871873365014e-16
8.217682358417724e-16
7.736988485872431e-16
7.465018194616982e-16
7.194791077756965e-16
6.908182162203538e-16
6.667907710401019e-16
6.392664745319303e-16
6.201617967181728e-16
6.024510106871982e-16
5.84037333496059e-16
5.645805353797575e-16
5.426337646256347e-16
5.225696237608018e-16
5.070960554780906e-16
4.90480340146241e-16
4.8638955569676335e-16
4.715646848661258e-16
4.45395901927139e-16
4.3344072211331194e-16
4.3061316462254167e-16
4.20413813141964e-16
4.0226161211013957e-16
3.79782735945255e-16
3.580112156754505e-16
3.4431128839896694e-16
3.3251643035305734e-16
3.2070387530087732e-16
3.0613400329392616e-16
2.9429451332109117e-16
2.8480562531447253e-16
2.7584278949424865e-16
2.7188815247078967e-16
2.6136560507569485e-16
2.519865773080027e-16
2.465632815419353e-16
2.388338229587309e-16
2.319825677089203e-16
2.2254876789959874e-16
2.1575565444816724e-16
2.1245450347847852e-16
2.0694514397080525e-16
2.0330926897140358e-16
2.0188119382095276e-16
1.9600129987087783e-16
1.888180965923379e-16
1.7998264837280646e-16
1.739421319213741e-16
1.7373828862692459e-16
1.7290440106478863e-16
1.6740500431620098e-16
1.619222250179458e-16
1.5655848989520459e-16
1.5472538849013075e-16
1.5555458769504995e-16
1.5392443509521979e-16
1.5074251336777734e-16
1.4626449991442727e-16
1.4537145268688491e-16
1.4427207147512167e-16
1.4217919035577848e-16
1.4047989990922872e-16
1.38610556269091e-16
1.3417819260969367e-16
1.3332131821719057e-16
1.3182425944229702e-16
1.2914327480346146e-16
1.3017981043740125e-16
1.2927080120420313e-16
1.2654167608164343e-16
1.2566609452695635e-16
1.2539346038591013e-16
1.2256950398530466e-16
1.1982335272337876e-16
1.1645228508447227e-16
1.1282345033200956e-16
1.1269469015305295e-16
1.1125076095254022e-16
1.1159440674097002e-16
1.1216770492188315e-16
1.0932077711313825e-16
1.0732275811629623e-16
1.0896797052146249e-16
1.0853227716708434e-16
1.0619584822811215e-16
1.0297476946457304e-16
1.0270647668062064e-16
1.033427592394064e-16
1.024618415939397e-16
1.011353680794892e-16
9.90209883747507e-17
9.522331107357353e-17
9.535429976443089e-17
9.531075510455736e-17
9.40984523416718e-17
9.513208088569261e-17
9.496604518241715e-17
9.534801520664855e-17
9.645254744245916e-17
9.403926954292391e-17
9.241334263347993e-17
9.315937747559838e-17
9.15256469189449e-17
8.909701619174753e-17
8.895684356430272e-17
8.975436551355336e-17
8.990922010175594e-17
8.841651810618388e-17
8.676435027633088e-17
8.639068512170882e-17
8.681114902624631e-17
8.69073683047839e-17
8.580496433639405e-17
8.48013243141101e-17
8.556675260754463e-17
8.634269886026153e-17
8.490864759658212e-17
8.558301534664029e-17
8.637483878276069e-17
8.526112261036261e-17
8.424312449410231e-17
8.450844849922503e-17
8.455921847276977e-17
8.418126593885078e-17
8.412019391721127e-17
8.297803915695886e-17
8.126137557091992e-17
8.167955698575978e-17
8.073738225192134e-17
7.900788737244701e-17
7.988690037279441e-17
7.975132356920028e-17
7.935547354005082e-17
7.91114476313635e-17
7.731536728385168e-17
7.676673155834383e-17
7.661785462559264e-17
7.552530777402877e-17
7.40014968318784e-17
7.484065648254909e-17
7.656000276509412e-17
7.57668360529422e-17
7.345548288507729e-17
7.262619114679195e-17
7.248104562202957e-17
7.234930201312694e-17
7.183551435330006e-17
7.047151316110799e-17
6.956820398326292e-17
7.117087108890977e-17
7.045016494243263e-17
6.87473844457573e-17
6.860524702650521e-17
6.784366812110129e-17
6.677168372571216e-17
6.663421769922638e-17
6.674734745042248e-17
6.553189392642049e-17
6.467790194827208e-17
6.320083423601744e-17
6.272493821850549e-17
6.389162897189614e-17
6.51389995672072e-17
6.38891745243598e-17
6.158374734748349e-17
6.114332399587382e-17
6.064195662711444e-17
6.007890728761056e-17
5.991369667351635e-17
5.985024808659031e-17
6.028917085544608e-17
6.020119707094121e-17
6.01955795245063e-17
5.99610151525048e-17
5.950768802298964e-17
5.935987753728297e-17
5.91900171215412e-17
5.959843857958951e-17
5.911941493430267e-17
5.722593396561247e-17
5.647689795798619e-17
5.685960902025791e-17
5.603520535703789e-17
5.5144779137090925e-17
5.51854213337138e-17
5.563751776945956e-17
5.569863760000489e-17
5.509303602097914e-17
5.442854080997464e-17
5.4871242795725023e-17
5.608358642751397e-17
5.63321063733492e-17
5.5385490809048365e-17
5.4566045392029624e-17
5.3382463443765076e-17
5.295921582713012e-17
5.358670231835475e-17
5.383142839617905e-17
5.306246764149287e-17
5.194987343615901e-17
5.1489455937464864e-17
5.187583132103496e-17
5.307289615185465e-17
5.285418891436066e-17
5.0803230036538353e-17
4.912790573181373e-17
4.952673302201811e-17
5.103961731585243e-17
5.120958645829939e-17
5.068444726778368e-17
5.0758180167242615e-17
5.1105169494634923e-17
5.0791854601396615e-17
5.1488606943830706e-17
5.209844115324508e-17
5.126606728275656e-17
4.949188804078268e-17
4.8698219335119564e-17
4.998727004297682e-17
5.0093145178269085e-17
4.920612727064088e-17
4.865022844700395e-17
4.8195130074638975e-17
4.886940529133102e-17
4.950482420536632e-17
4.850728521635525e-17
4.7687706397067016e-17
4.7604319183076186e-17
4.773422523354992e-17
4.7936745300863916e-17
4.8318583465048574e-17
4.707251065019734e-17
4.579226140768091e-17
4.6196054655200416e-17
4.6723655233254934e-17
4.718153423327184e-17
4.670482854880634e-17
4.679886866657178e-17
4.74661691807925e-17
4.755850205795304e-17
4.665998225291607e-17
4.6325371576576515e-17
4.5850821919541615e-17
4.543582519471908e-17
4.5664529891311e-17
4.540076970007573e-17
4.5363547382442396e-17
4.496727941092263e-17
4.451949580114946e-17
4.379205322561876e-17
4.375965575191722e-17
4.353700350858096e-17
4.28491752381978e-17
4.343043822859972e-17
4.389053648718076e-17
4.3342215375117715e-17
4.393571590318906e-17
4.405314151590731e-17
4.3668175723947765e-17
4.354235502158825e-17
4.31100391350735e-17
4.219903657894688e-17
4.225077275505622e-17
4.3107675678680504e-17
4.347185076549554e-17
4.245011661457812e-17
4.167870835235805e-17
4.2336309827586585e-17
4.246992877937589e-17
4.29936653182835e-17
4.3424287073086865e-17
4.2428866327048557e-17
4.186716720357865e-17
4.26850171911432e-17
4.2558712230834317e-17
4.145375896820785e-17
4.1226583385491065e-17
4.121961562302219e-17
4.061202920329315e-17
4.0434591847088884e-17
4.110089608540104e-17
4.1709930652309863e-17
4.1117639998000536e-17
4.0931835312164817e-17
4.051551690242952e-17
4.000624178642377e-17
4.018479802524672e-17
4.056350162165406e-17
4.036007626957485e-17
4.057708629091192e-17
4.0625410299145553e-17
3.9941460719025617e-17
4.027570357523484e-17
4.0341382216284367e-17
3.945746109197567e-17
3.875979652477391e-17
3.844560487789161e-17
3.870039087483597e-17
3.958551493290423e-17
3.981654144587439e-17
3.880595756557449e-17
3.8430708548168987e-17
3.8716286564912694e-17
3.83621575172128e-17
3.8369107544119834e-17
3.824591710269229e-17
3.8160138672298624e-17
3.824532797359465e-17
3.7678358303812805e-17
3.7072262442389695e-17
3.662882327415588e-17
3.665308243830713e-17
3.7012271518911035e-17
3.710854863080244e-17
3.726639513117625e-17
3.731569459531108e-17
3.7220925006176045e-17
3.762978137104511e-17
3.8230884286254635e-17
3.7177302464052705e-17
3.653335274477249e-17
3.7196985082137917e-17
3.750574887598587e-17
3.7283829959576104e-17
3.726729656038454e-17
3.7623044941991534e-17
3.746722569344716e-17
3.634072063873985e-17
3.5734007117097883e-17
3.542737853067315e-17
3.51327538351684e-17
3.503587294306306e-17
3.52179153764546e-17
3.5424187671764764e-17
3.592850839712615e-17
3.6253402298911665e-17
3.649093699196564e-17
3.5947882570657627e-17
3.5423840671641817e-17
3.61194710470117e-17
3.609794393049516e-17
3.5380383147354734e-17
3.4364546456304716e-17
3.4233003336362034e-17
3.424717713471754e-17
3.3954315970948764e-17
3.48046790989225e-17
3.499296984786131e-17
3.472166356061892e-17
3.49204668710604e-17
3.5130284736515757e-17
3.530196111956765e-17
3.5071243822262605e-17
3.4472322381159365e-17
3.404697117266795e-17
3.438005659068927e-17
3.390539820694919e-17
3.451170843733715e-17
3.535459949599665e-17
3.435745300268021e-17
3.338062375211827e-17
3.3003147765034794e-17
3.312800072260697e-17
3.3535759795976125e-17
3.373699673394658e-17
3.3502745433167117e-17
3.3525853328021545e-17
3.369161451564419e-17
3.381108820019923e-17
3.426105636852422e-17
3.4198817655360224e-17
3.4194086887017314e-17
3.334992349457365e-17
3.2787383088583434e-17
3.3032764611084424e-17
3.2466626199374886e-17
3.1864043521418814e-17
3.211559393499449e-17
3.266635947014588e-17
3.279011822066368e-17
3.247193530125604e-17
3.24847033635579e-17
3.2128361226184964e-17
3.197149018171235e-17
3.1941525564428385e-17
3.20778873594118e-17
3.2367392646435927e-17
3.278371182728261e-17
3.317331662533031e-17
3.296562702729573e-17
3.208091705604085e-17
3.143751405473212e-17
3.16787408290943e-17
3.1727717197559084e-17
3.154930438545363e-17
3.209095615515354e-17
3.239267199094865e-17
3.240700695158348e-17
3.173479060228761e-17
3.035027938949496e-17
2.9830505591991456e-17
3.0088163978842475e-17
3.0650431411402635e-17
3.111246515955836e-17
3.123925360670522e-17
3.108190909984261e-17
3.099351043296498e-17
3.086938000675993e-17
3.0554199023971516e-17
3.0556278711375073e-17
3.0915849492114235e-17
3.0402808268107385e-17
2.994496473921415e-17
2.982323632497131e-17
2.9736914261051697e-17
2.9929911102769125e-17
3.011450205928589e-17
3.024011224823749e-17
2.9786911580989354e-17
2.984007122871416e-17
3.0479112052921695e-17
2.973769616799541e-17
2.920220712047913e-17
2.953355136899463e-17
2.916753563930518e-17
2.9102247951727506e-17
2.9743246627739874e-17
2.946132599229207e-17
2.9172372821019124e-17
2.928958098032698e-17
2.9452044124558817e-17
2.9638279861658364e-17
2.939170234540028e-17
2.8963488000338814e-17
2.85830015944109e-17
2.8886219555182705e-17
2.8663484802928317e-17
2.853784531174412e-17
2.883197264040597e-17
2.9349908879480593e-17
2.962777115571263e-17
2.9031429853301376e-17
2.866332903842868e-17
2.9090395198638866e-17
2.842954348892536e-17
2.7427599911686945e-17
2.7358574647229397e-17
2.811987826586911e-17
2.8201380883636626e-17
2.7583491644701457e-17
2.7643917475000882e-17
2.804861909173114e-17
2.8509220886046145e-17
2.834763063990138e-17
2.825651997428503e-17
2.782342063860379e-17
2.7474739492834245e-17
2.799465363260969e-17
2.8008303075223846e-17
2.7623254774346186e-17
2.7406136026303922e-17
2.7501629689028846e-17
2.745022509081478e-17
2.8045815330737684e-17
2.804750869133769e-17
2.7764250177638064e-17
2.786530586677822e-17
2.7860012187124745e-17
2.7368850477537077e-17
2.719215801493007e-17
2.7182128940265378e-17
2.6736331713418264e-17
2.7107499238266467e-17
2.7715457333682756e-17
2.7699728974776432e-17
2.703862588275163e-17
2.6370390781533097e-17
2.6406548965456044e-17
2.633731627203611e-17
2.6541041586443814e-17
2.6768642051533376e-17
2.699428158037256e-17
2.6545151610122333e-17
2.6031198161347812e-17
2.6557046003225733e-17
2.7126702996182e-17
2.702776246556909e-17
2.6546375363889278e-17
2.610853986208544e-17
2.6057792250770828e-17
2.6183062379601936e-17
2.6132142810448618e-17
2.5861269887804217e-17
2.5874959428210353e-17
2.5684382334016974e-17
2.55038042411443e-17
2.5861495823439826e-17
2.6620657294653852e-17
2.6945865809884185e-17
2.6693800293903768e-17
2.5841315838511723e-17
2.503265132975741e-17
2.5285293637053312e-17
2.5643749390730717e-17
2.5746186911471593e-17
2.6122904896064254e-17
2.5794571066393212e-17
2.4998482613206043e-17
2.5448224845895432e-17
2.549224296815893e-17
2.537752087195418e-17
2.5530952759652652e-17
2.5554510212444154e-17
2.553022483050584e-17
2.5942377696542947e-17
2.6015541515800233e-17
2.5552770585161086e-17
2.4886611315789187e-17
2.4579644982578123e-17
2.5136815368887815e-17
2.5335146759162088e-17
2.4982129654078413e-17
2.4754875418000423e-17
2.470223087268035e-17
2.4181334337001257e-17
2.365147208925647e-17
2.3923984394703973e-17
2.415418967404982e-17
2.453168108336097e-17
2.5180321473192118e-17
2.4819758272101314e-17
2.437357548956203e-17
2.441610922241068e-17
2.4607539936906516e-17
2.4781553558564335e-17
2.425525692986073e-17
2.4085653294209934e-17
2.4509202415396158e-17
2.4852125672458866e-17
2.4705756393929535e-17
2.4571549855265356e-17
2.4282196477183934e-17
2.4288675355035128e-17
2.4357362872706345e-17
2.446175053413821e-17
2.4006342174996715e-17
2.3440002503215867e-17
2.3849972352923917e-17
2.404572668895173e-17
2.3599799915392045e-17
2.3656380984329163e-17
2.3732032408912324e-17
2.4101232828619084e-17
2.4411711574185805e-17
2.4052645100292006e-17
2.35537213835096e-17
2.335443227289598e-17
2.3926532146717823e-17
2.4226033350617125e-17
2.424269166985296e-17
2.3979262285401565e-17
2.333915424303811e-17
2.3143686760445265e-17
2.3288855418549186e-17
2.3648149370301363e-17
2.3528184487794507e-17
2.3263961629728633e-17
2.3285045357199176e-17
2.320931450814343e-17
2.3469256155803466e-17
2.3648874986114026e-17
2.3527255298576382e-17
2.3445562216296938e-17
2.3367385401930074e-17
2.3308602809990675e-17
2.3296834108042922e-17
2.3058589992515362e-17
2.290663169867235e-17
2.2651876546183374e-17
2.2740863571047257e-17
2.2373211543000244e-17
2.1869108271049245e-17
2.2107049339802763e-17
2.2537436676745287e-17
2.2667351209444244e-17
2.2627862595452345e-17
2.2710248906866302e-17
2.2672802195820123e-17
2.2656901107963713e-17
2.312760754585907e-17
2.3478948254793198e-17
2.3040191274885073e-17
2.2543995750180458e-17
2.2620411346145493e-17
2.3035081890852457e-17
2.3214946705694628e-17
2.321063850639034e-17
2.2861431462656668e-17
2.245461931406748e-17
2.270431366254106e-17
2.291689519119788e-17
2.300280702386103e-17
2.2508578604297854e-17
2.214728207628055e-17
2.2515102977720733e-17
2.2689163637172995e-17
2.2320312530923336e-17
2.180861226961385e-17
2.2057975811303544e-17
2.2216253362941197e-17
2.2185297096416982e-17
2.2364443235448945e-17
2.213758149506559e-17
2.2233530884618652e-17
2.2500967734934448e-17
2.2033964173906674e-17
2.2130411701414025e-17
2.249419969031412e-17
2.2295425682105238e-17
2.21657710139428e-17
2.193615486369459e-17
2.1414326054351834e-17
2.1161802498209123e-17
2.1176469036739212e-17
2.1256976920820928e-17
2.1273810282341006e-17
2.1281800538505506e-17
2.1495880336582093e-17
2.1389605765592755e-17
2.0713154472574107e-17
2.0916758722494476e-17
2.1521148885535436e-17
2.1261854971438244e-17
2.1084781579807375e-17
2.097167264861866e-17
2.0948014951347198e-17
2.1090800875273513e-17
2.1278342875058137e-17
2.1158713426003467e-17
2.0705218965317892e-17
2.0554659467526077e-17
2.1418135344590456e-17
2.166969655372552e-17
2.1219574163123654e-17
2.114749529758413e-17
2.1125286518603834e-17
2.0825394361232677e-17
2.1108083023619275e-17
2.131489047023018e-17
2.0931598761086045e-17
2.0615797033633243e-17
2.070801578630889e-17
2.0653950853818862e-17
2.0745199548373005e-17
2.134219629546094e-17
2.168854791373841e-17
2.175138578044804e-17
2.1315336172610328e-17
2.0739938255397673e-17
2.047854306277816e-17
2.0769746337070608e-17
2.086634114685236e-17
2.08327584749531e-17
2.0768880378986e-17
2.070774204176745e-17
2.0831592554539982e-17
2.0773166987171524e-17
2.0789000988337502e-17
2.092824519767556e-17
2.082127893977447e-17
2.101858243857342e-17
2.0658961535594283e-17
1.9844408049197783e-17
1.95629346583529e-17
1.998666961738275e-17
2.024541141572876e-17
2.0031003895313827e-17
2.0092479979318718e-17
2.0153836541059033e-17
2.0339813184733458e-17
2.0705422538723357e-17
2.0824410423106264e-17
2.0803706082436815e-17
2.0357239530908094e-17
2.0230901412809686e-17
2.0349820668279382e-17
2.0132075006681657e-17
1.9808728725444504e-17
1.9635540964079314e-17
2.0091091207715525e-17
2.0377544435880454e-17
2.0069331215560917e-17
1.9698984153225647e-17
1.937304076884605e-17
1.9525426258395977e-17
2.0049199810650028e-17
1.994271935292107e-17
1.982382785746121e-17
1.985940462340037e-17
1.9664105243089314e-17
1.922976133363375e-17
1.9201911874877037e-17
1.935781748789646e-17
1.953722040701941e-17
1.9827006378587443e-17
1.983075166658117e-17
1.9425032182823586e-17
1.9418123795931317e-17
1.9436338989052127e-17
1.944547511673375e-17
1.947151863262835e-17
1.9319004367477237e-17
1.908096151202099e-17
1.9083476106245316e-17
1.9287297809576066e-17
1.954294822238227e-17
1.9258687263883007e-17
1.8953843800313018e-17
1.8911084131828764e-17
1.8949619652149623e-17
1.9058182881727674e-17
1.9103686164517406e-17
1.9159581715433852e-17
1.9092445673867924e-17
1.8912267787803714e-17
1.8813498443918135e-17
1.8775571330479515e-17
1.8958090310706564e-17
1.9221739461902494e-17
1.8958027079573054e-17
1.8481093146137787e-17
1.8171850492120156e-17
1.8347532027702298e-17
1.8417811119270777e-17
1.8724022534436575e-17
1.876409256641227e-17
1.8532116044216598e-17
1.8899647007776274e-17
1.927273305774871e-17
1.9250020743034442e-17
1.8996929648912855e-17
1.8886702360967406e-17
1.9153860840073452e-17
1.8993883758944726e-17
1.845750947555922e-17
1.8267812219455373e-17
1.8172926963612688e-17
1.8206239746527436e-17
1.8574302005830915e-17
1.88925512408176e-17
1.880265816007712e-17
1.8577014775681013e-17
1.864702552048775e-17
1.8538892571062156e-17
1.8283122635991386e-17
1.7874412782285344e-17
1.7571443890490682e-17
1.8029217248247938e-17
1.836954417327958e-17
1.8042921439770377e-17
1.805909395883408e-17
1.8375333677553182e-17
1.810702238692755e-17
1.7952278838764318e-17
1.8061215286252392e-17
1.8008463556449887e-17
1.8142982395224727e-17
1.8056139831120685e-17
1.7881990493859223e-17
1.827164310081276e-17
1.8412514355171766e-17
1.7867290797539607e-17
1.7594436889748847e-17
1.7630560373659502e-17
1.768649370903378e-17
1.7589085376741545e-17
1.7705632693593026e-17
1.8045337331737507e-17
1.8228161672072756e-17
