3.6741913612557417e-16
3.803241936792861e-16
4.043908715805939e-16
4.484896192888296e-16
5.395820330645752e-16
7.951433646182611e-16
1.5469511262541995e-15
6.185313056215673e-16
4.321949852071342e-16
3.430881721068503e-16
2.892782186443113e-16
2.530350764406208e-16
2.255144816872523e-16
2.0378569412723675e-16
1.8650022980534912e-16
1.7215945658318107e-16
1.5993694018911005e-16
1.4941697715999905e-16
1.4039677022616232e-16
1.3241479040798796e-16
1.2529903414553415e-16
1.1897709088087472e-16
1.1330412467163175e-16
1.081447618101629e-16
1.0343199576270749e-16
9.917181202638673e-17
9.524361777437271e-17
9.161016532542945e-17
8.825752187483814e-17
8.515913744453283e-17
8.226630221813402e-17
7.95593849187181e-17
7.704474428739777e-17
7.468380074200122e-17
7.245950345575842e-17
7.036631426906321e-17
6.840108176084982e-17
6.653938883479357e-17
6.477338663299258e-17
6.310649794456693e-17
6.152450649446768e-17
6.001734139765448e-17
5.858156307200833e-17
5.72200635364918e-17
5.591822639513315e-17
5.467229024547522e-17
5.348383179073342e-17
5.234771604332712e-17
5.1257124360879544e-17
5.020943152975422e-17
4.9209067309738494e-17
4.824628414637523e-17
4.7319050541117187e-17
4.64279190467578e-17
4.5571588981329575e-17
4.474505585104038e-17
4.394682720906768e-17
4.317944156489022e-17
4.243796759932976e-17
4.172052665738691e-17
4.1027112135745234e-17
4.0358149805709344e-17
3.970977088004734e-17
3.9081063435350784e-17
3.8473471053683117e-17
3.788460124556483e-17
3.7312748615424533e-17
3.6757603606130905e-17
3.622038021530943e-17
3.5697978263847975e-17
3.518980878029428e-17
3.469665757758718e-17
3.42175380636905e-17
3.37509137929862e-17
3.3296315231899626e-17
3.2855297615136056e-17
3.242531045952635e-17
3.2005956258011557e-17
3.159761459295802e-17
3.120010207251911e-17
3.081203733788471e-17
3.043309674499444e-17
3.006428063986128e-17
2.970412203062755e-17
2.935211818536568e-17
2.900839295253361e-17
2.867322885095336e-17
2.834538302779026e-17
2.8024625098994663e-17
2.7711586072247084e-17
2.740548963040754e-17
2.710578541522394e-17
2.6812434520083665e-17
2.652598918947602e-17
2.6245328718097656e-17
2.5970284618626108e-17
2.5701237119229582e-17
2.5437858688806655e-17
2.5179584348554595e-17
2.4926271402843426e-17
2.4678624341459775e-17
2.443562962565621e-17
2.4197161164737895e-17
2.396342629061041e-17
2.3734392649395335e-17
2.350949959346956e-17
2.3288639081265e-17
2.307229518115951e-17
2.2859849031552388e-17
2.265110406471721e-17
2.2446147002439836e-17
2.2245140457774215e-17
2.204753863758526e-17
2.1853257775308027e-17
2.1662620940034844e-17
2.147528450284698e-17
2.1291000622604413e-17
2.110972020422168e-17
2.0931708181574315e-17
2.0757245611139757e-17
2.0584917981636273e-17
2.0415644025886164e-17
2.0249217759222305e-17
2.0085364214420164e-17
1.9924023856924427e-17
1.9765571206661897e-17
1.960950456094814e-17
1.9455771817251098e-17
1.930449397060721e-17
1.9155668777718994e-17
1.900901612309324e-17
1.8864490167251163e-17
1.8722359845745257e-17
1.858230862552491e-17
1.8444241583103935e-17
1.8308215526026318e-17
1.817432954151465e-17
1.804229771039061e-17
1.7912082937734216e-17
1.7783872707206537e-17
1.765748871108424e-17
1.7532806029005636e-17
1.740983341269533e-17
1.728874235858282e-17
1.7169246507920628e-17
1.7051315500009234e-17
1.693507402822296e-17
1.682044790242017e-17
1.6707291610719985e-17
1.659557791904011e-17
1.6485529748412352e-17
1.6376863944917085e-17
1.626955541767496e-17
1.616368018779171e-17
1.605924276433755e-17
1.5956083893786522e-17
1.5854180955603258e-17
1.5753698273766958e-17
1.565445293422117e-17
1.555639248044996e-17
1.5459555044129843e-17
1.5364004688232098e-17
1.5269573431732468e-17
1.5176242329798766e-17
1.508412909922903e-17
1.4993129247042233e-17
1.4903169911849023e-17
1.4814259645663256e-17
1.472650751711042e-17
1.463974050190566e-17
1.4553942613008567e-17
1.4469194318594058e-17
1.4385452682769815e-17
1.43026297413921e-17
1.422071092222525e-17
1.4139839160137892e-17
1.4059839099362372e-17
1.3980697154566504e-17
1.3902463909780697e-17
1.3825144845801032e-17
1.3748640959387115e-17
1.3672939821579503e-17
1.3598148997200575e-17
1.352415344450006e-17
1.3450921327360181e-17
1.3378479183497973e-17
1.330687059648936e-17
1.3235988654250498e-17
1.3165822689532298e-17
1.3096451314820672e-17
1.302780819113542e-17
1.2959847243984968e-17
1.2892575622305547e-17
1.282606686128891e-17
1.2760208560647188e-17
1.2694991508812241e-17
1.2630470533210741e-17
1.2566618701984889e-17
1.2503378874786395e-17
1.2440742545504144e-17
1.2378806703719044e-17
1.2317455335195436e-17
1.2256680423152948e-17
1.2196517172978448e-17
1.2136970536136317e-17
1.207797480410121e-17
1.2019522502893487e-17
1.1961687585637938e-17
1.1904392958370699e-17
1.1847617711587779e-17
1.179138052901079e-17
1.1735711555889761e-17
1.1680537933279005e-17
1.1625851806232924e-17
1.157170436434365e-17
1.1518044872414163e-17
1.1464828631247323e-17
1.1412012806014186e-17
1.135885001581727e-17
1.130815652347649e-17
1.1257954884858502e-17
1.1206896913574304e-17
1.115650786747184e-17
1.110659199641458e-17
1.1057119091838323e-17
1.1008149635277785e-17
1.0959596767004938e-17
1.0911453610572265e-17
1.0863744713178943e-17
1.0816473588598726e-17
1.0769593836350907e-17
1.0723100510596085e-17
1.0677046796637646e-17
1.063137842154457e-17
1.0586081097423891e-17
1.0541168945402842e-17
1.0496664612860405e-17
1.0452517003030056e-17
1.0408721946379435e-17
1.0365319476143497e-17
1.0322278042859157e-17
1.0279575872796464e-17
1.0237217570755621e-17
1.0195241102252487e-17
1.0153591295182355e-17
1.0112264462713818e-17
1.007128933538299e-17
1.0030653402534057e-17
9.9903286552444e-18
9.95031164023942e-18
9.910652975747034e-18
9.87129428080399e-18
9.832232268842933e-18
9.793486005984384e-18
9.755059050512238e-18
9.716918254428648e-18
9.679060531602841e-18
9.641525449331393e-18
9.604273663303673e-18
9.567295064812193e-18
9.530600450937324e-18
9.494206956645153e-18
9.45807722014079e-18
9.42220847362405e-18
9.38663073711663e-18
9.351320975124976e-18
9.316263328719741e-18
9.28146151459001e-18
9.246944136581405e-18
9.212670397906788e-18
9.178637808680802e-18
9.144868128574478e-18
9.111352307567417e-18
9.078069645824174e-18
9.045017794824236e-18
9.01223503777029e-18
8.979677799018254e-18
8.947343832416969e-18
8.915247742181987e-18
8.883392477772303e-18
8.851753271698029e-18
8.820328002157807e-18
8.789146840407329e-18
8.758180253159189e-18
8.72742078628397e-18
8.696876839932704e-18
8.66656166034392e-18
8.636447071443302e-18
8.606531151390825e-18
8.576836978586852e-18
8.547347210205854e-18
8.518049932308537e-18
8.488948162421509e-18
8.460063979870235e-18
8.431366362935928e-18
8.402853566703612e-18
8.374542460629844e-18
8.346426291604725e-18
8.318489329755998e-18
8.290729921017917e-18
8.263177716531096e-18
8.23579933067983e-18
8.208593175559782e-18
8.181570680322905e-18
8.154734294440967e-18
8.128065027460751e-18
8.101561372281866e-18
8.075246857676923e-18
8.04909875203207e-18
8.023111405528332e-18
7.997291477027035e-18
7.971649413751162e-18
7.946163444637899e-18
7.92083219357842e-18
7.895673781580514e-18
7.870674828360562e-18
7.845826159536376e-18
7.82113024904469e-18
7.796604493105179e-18
7.772224755636454e-18
7.747989777588352e-18
7.723912898975e-18
7.699988951617307e-18
7.676205704744782e-18
7.652561959867984e-18
7.629081147467455e-18
7.605737126893839e-18
7.582528743965108e-18
7.559465108625026e-18
7.536548266423505e-18
7.5137633388764e-18
7.491109226157703e-18
7.468604629190126e-18
7.446231680339122e-18
7.423985998098357e-18
7.401872947582965e-18
7.379900911412709e-18
7.358052720749302e-18
7.33632736448037e-18
7.314739329562215e-18
7.29327807841591e-18
7.271936397893788e-18
7.250716336495256e-18
7.229631842710779e-18
7.208663770338502e-18
7.187811188210503e-18
7.167084825860104e-18
7.146480642911313e-18
7.125988942936481e-18
7.10560883639098e-18
7.085359158041482e-18
7.065219058857327e-18
7.045187679866111e-18
7.025272398182268e-18
7.005474933714158e-18
6.985783413953103e-18
6.9661970175762e-18
6.946730852765505e-18
6.9273706218153906e-18
6.9081128600755836e-18
6.888961952152868e-18
6.8699247251061535e-18
6.85098740165704e-18
6.832149222286538e-18
6.813421949742904e-18
6.7947971383081985e-18
6.776269015351761e-18
6.757839293341342e-18
6.739519326692661e-18
6.7212936733113256e-18
6.7031616297756695e-18
6.685131953685171e-18
6.667201428339307e-18
6.649362237580947e-18
6.631613707356165e-18
6.613971203980488e-18
6.596417833040364e-18
6.578952942125762e-18
6.56158258797265e-18
6.5443082270977795e-18
6.527120235073733e-18
6.510017986233251e-18
6.49301386020482e-18
6.476096238348455e-18
6.4592623348284306e-18
6.442515778023769e-18
6.425862201070817e-18
6.409290380832291e-18
6.392799735762023e-18
6.376399946532759e-18
6.360084140691272e-18
6.343847627183799e-18
6.327691850430694e-18
6.31162617587315e-18
6.295637968567215e-18
6.2797266872657065e-18
6.263899572416792e-18
6.2481540224788955e-18
6.232483645487608e-18
6.216887921393866e-18
6.201379549888343e-18
6.1859446511089605e-18
6.170582720675992e-18
6.155298791790835e-18
6.140094106714565e-18
6.124960755710685e-18
6.109898253816392e-18
6.0949168713784365e-18
6.080007039335869e-18
6.065166484909002e-18
6.050398244118696e-18
6.035707018712736e-18
6.021083545538421e-18
6.0065273718091346e-18
5.992046559737986e-18
5.977635442690199e-18
5.963290157321995e-18
5.949011932121137e-18
5.934808582091266e-18
5.920669638325855e-18
5.906594677589311e-18
5.8925897541364466e-18
5.878652734862841e-18
5.864778326161079e-18
5.850966120405515e-18
5.837226733576374e-18
5.823548623814802e-18
5.8099313950639885e-18
5.796379274983042e-18
5.7828933303685305e-18
5.769466982003281e-18
5.7560998482029316e-18
5.742800543161043e-18
5.729561092417041e-18
5.716379618012564e-18
5.703258685521388e-18
5.690202259565141e-18
5.677202605987833e-18
5.6642593670149646e-18
5.651379327872642e-18
5.6385577615451585e-18
5.625791448783627e-18
5.613081442467571e-18
5.600434331242347e-18
5.587841344169224e-18
5.575302145540092e-18
5.562821848878555e-18
5.550398683914123e-18
5.538028217619566e-18
5.525710125986567e-18
5.513453373256733e-18
5.501248258647567e-18
5.489094466841844e-18
5.476995582926869e-18
5.46495252897812e-18
5.452959773937672e-18
5.44101701331022e-18
5.429131542855927e-18
5.417296647272981e-18
5.405510757292189e-18
5.393776060213971e-18
5.382095929739235e-18
5.3704638419461824e-18
5.358879510405295e-18
5.3473486993418885e-18
5.3358674247075514e-18
5.324432975907574e-18
5.3130462617181215e-18
5.301712888092425e-18
5.2904254338827124e-18
5.279183629404953e-18
5.267991832596362e-18
5.25684855848342e-18
5.245750057829747e-18
5.23469606985951e-18
5.223694232676202e-18
5.2127363149513e-18
5.201822062540115e-18
5.190954541749381e-18
5.1801345544386216e-18
5.169357406431607e-18
5.158622851857353e-18
5.147937123898196e-18
5.137294514720228e-18
5.1266936998186344e-18
5.116136558931316e-18
5.10562598655864e-18
5.095156429162052e-18
5.084727654725494e-18
5.074344601414629e-18
5.064003880340625e-18
5.053703187902496e-18
5.0434433136241855e-18
5.033229066815998e-18
5.02305411279725e-18
5.012918232444396e-18
5.002825169874937e-18
4.992773667468157e-18
4.982760526134868e-18
4.97278553363056e-18
4.962855251093059e-18
4.952962634249211e-18
4.943107475984721e-18
4.933292419208881e-18
4.923518165227016e-18
4.913780696117158e-18
4.904079811177774e-18
4.894420877705259e-18
4.884799003506503e-18
4.875213060605693e-18
4.8656646761413694e-18
4.856156351956017e-18
4.846683321629525e-18
4.837245395229109e-18
4.827846835420898e-18
4.818484735653842e-18
4.809157121821146e-18
4.7998646839791955e-18
4.7906115788288676e-18
4.781392356033799e-18
4.7722068357172324e-18
4.763058258206893e-18
4.753945549244498e-18
4.74486595735084e-18
4.7358193080292315e-18
4.726811278750266e-18
4.717835794602038e-18
4.708892685106956e-18
4.699984244223373e-18
4.691111088587643e-18
4.6822697526578394e-18
4.673460070988581e-18
4.664686698202785e-18
4.655945409482187e-18
4.647235236439504e-18
4.638557596848963e-18
4.6299146677672145e-18
4.621302327922615e-18
4.6127204203417026e-18
4.6041726499607525e-18
4.5956565052494285e-18
4.5871702816852654e-18
4.5787145857475965e-18
4.570293034433726e-18
4.561900904525444e-18
4.553538046985759e-18
4.545207284800778e-18
4.5369076932014784e-18
4.528636888591464e-18
4.520394726190241e-18
4.512186151609695e-18
4.504005889304555e-18
4.4958537976789595e-18
4.4877318805277996e-18
4.479640682742129e-18
4.471577194393977e-18
4.46354127788089e-18
4.455536995925961e-18
4.44756067503101e-18
4.4396114777264904e-18
4.431690646803427e-18
4.423800088362331e-18
4.415936214924882e-18
4.408098895627256e-18
4.400291370863164e-18
4.3925114556957066e-18
4.384757668288237e-18
4.3770305444125805e-18
4.369333250874927e-18
4.361661667791554e-18
4.354015670629728e-18
4.346397733712355e-18
4.3388070553412665e-18
4.331241557059516e-18
4.323701117737463e-18
4.316190071689944e-18
4.308703808431798e-18
4.301242209383071e-18
4.2938070350931e-18
4.286398769293913e-18
4.279014781196481e-18
4.271654955422473e-18
4.2643228590338134e-18
4.257015277964162e-18
4.249731483138648e-18
4.242472569978511e-18
4.235240216759781e-18
4.22803128146532e-18
4.220845654130759e-18
4.213686185120142e-18
4.206550961855062e-18
4.199438688050543e-18
4.192349839275971e-18
4.185287203847777e-18
4.1782471666906326e-18
4.1712296229402404e-18
4.164236753372736e-18
4.1572678585159875e-18
4.150321115131195e-18
4.143396421101062e-18
4.1364975961684876e-18
4.129620587664201e-18
4.122765295531677e-18
4.11593327488499e-18
4.109124957026209e-18
4.1023380292230965e-18
4.095572394010085e-18
4.088831200237099e-18
4.082111619752787e-18
4.075413013987759e-18
4.0687363533746366e-18
4.062083123250025e-18
4.055450556265544e-18
4.048838559345457e-18
4.042249652978518e-18
4.0356821535126175e-18
4.029134920504624e-18
4.022608377959925e-18
4.016104993683779e-18
4.009621578200636e-18
4.003158042580177e-18
3.99671631869619e-18
3.990295792680614e-18
3.9838948563942695e-18
3.977513423143837e-18
3.9711548764273494e-18
3.964815634921251e-18
3.958495613612379e-18
3.952196192922914e-18
3.945917758968398e-18
3.939658267811472e-18
3.933417636553859e-18
3.927198658728392e-18
3.920998832716581e-18
3.914817596102391e-18
3.908655812623245e-18
3.9025148031355335e-18
3.89639211768856e-18
3.8902876769736494e-18
3.88420372059591e-18
3.878138758718332e-18
3.872091782742679e-18
3.866063172263254e-18
3.860055121864148e-18
3.854064803406291e-18
3.848092140978386e-18
3.842138854023345e-18
3.836204400893679e-18
3.830287356012543e-18
3.824387645305154e-18
3.818508279998009e-18
3.812646079769593e-18
3.8068009719259795e-18
3.80097418740069e-18
3.795166073169845e-18
3.7893748140077305e-18
3.7836003389604304e-18
3.777845137746493e-18
3.772106986893558e-18
3.766385388518026e-18
3.760681114730876e-18
3.75499534531042e-18
3.749325900969846e-18
3.743672713713445e-18
3.738037782487462e-18
3.732419782638356e-18
3.726817817860267e-18
3.721232229297872e-18
3.715664977195157e-18
3.710113542171621e-18
3.704577859037172e-18
3.6990594648335935e-18
3.693557879261705e-18
3.688071832695245e-18
3.682601261463173e-18
3.677148857184015e-18
3.6717117828427565e-18
3.666289975911676e-18
3.660884538654346e-18
3.655495783984906e-18
3.650122092506937e-18
3.644763403134833e-18
3.639421944272343e-18
3.634095730846781e-18
3.62878432001745e-18
3.623488404771004e-18
3.618209043193237e-18
3.612944288221478e-18
3.607694081225619e-18
3.602460213767808e-18
3.597241502842771e-18
3.5920371483771314e-18
3.5868474580648715e-18
3.581674190013959e-18
3.576515090250345e-18
3.5713701024772626e-18
3.566240606241514e-18
3.561126173687333e-18
3.556025669203925e-18
3.550939037759742e-18
3.545868695035824e-18
3.540812099642669e-18
3.535769197501886e-18
3.5307409795252285e-18
3.525727728851455e-18
3.520727994734025e-18
3.515741724297918e-18
3.510770919952535e-18
3.505813802131663e-18
3.500869975227592e-18
3.495940063544785e-18
3.491025019644738e-18
3.486123096837926e-18
3.481234244301225e-18
3.476360073929758e-18
3.4714995248771175e-18
3.4666518800127974e-18
3.461817417796016e-18
3.456997721055601e-18
3.452190765221435e-18
3.447396501423704e-18
3.4426161725107178e-18
3.4378493957211067e-18
3.4330951512487824e-18
3.4283533912845512e-18
3.4236262920308325e-18
3.4189115680418016e-18
3.414209172307984e-18
3.4095199988897546e-18
3.404844304788209e-18
3.400180785283505e-18
3.3955293943766836e-18
3.3908919380313793e-18
3.3862668147776482e-18
3.3816536697664524e-18
3.3770530673960866e-18
3.372465868274282e-18
3.3678904995125784e-18
3.3633269168373535e-18
3.3587765757135663e-18
3.354238521203643e-18
3.3497121080466804e-18
3.3451975890419677e-18
3.340696394279609e-18
3.336206698494776e-18
3.331728459059024e-18
3.3272627995963154e-18
3.32280937633198e-18
3.318367270044647e-18
3.313936439000333e-18
3.3095188505529727e-18
3.30511244196013e-18
3.3007171721628003e-18
3.296333850585199e-18
3.291962711192956e-18
3.2876025763395374e-18
3.283253405819518e-18
3.278916834023084e-18
3.2745914145883706e-18
3.2702768280216743e-18
3.265973586233765e-18
3.2616824693363567e-18
3.257402055933034e-18
3.253132307277561e-18
3.24887454200283e-18
3.2446278974444302e-18
3.240391790925209e-18
3.2361664526312037e-18
3.2319531789439282e-18
3.2277503185846047e-18
3.223557834200558e-18
3.2193767449601034e-18
3.2152067409659073e-18
3.211046990781742e-18
3.206897457813505e-18
3.2027599264511816e-18
3.198632528642101e-18
3.1945152283650295e-18
3.190408760756644e-18
3.186313339404964e-18
3.1822278977615506e-18
3.1781524005301652e-18
3.17408833158401e-18
3.1700343802741542e-18
3.16599025792439e-18
3.1619564302633173e-18
3.157933606634041e-18
3.1539204982913706e-18
3.1499170711798654e-18
3.145924523722315e-18
3.1419420740174726e-18
3.137969194138342e-18
3.1340060942667144e-18
3.130053953231184e-18
3.1261112723168944e-18
3.122178018655128e-18
3.1182551195090173e-18
3.1143422945582858e-18
3.1104387893252658e-18
3.106544571587952e-18
