95.16742140361403
60.97118621978657
337.71202790301703
201.80064017009641
129.82328508879158
31.419356138859246
29.65502861954708
47.98884722077887
101.56558360216415
130.83060319105016
216.43925463859708
63.698559932680716
154.98382625084633
140.91792242984124
89.4071654444081
85.71076874251702
160.96077829931858
124.89244085480678
180.31015225835543
319.40357732179496
182.40367495236117
162.5134851687588
342.80456378773056
131.4978665908304
101.17129815097586
114.75250198768845
131.70987348323382
194.36022297986608
1000.9991527661301
472.6449898521306
140.53320531454574
194.63576071151564
160.3638046261671
112.72752630122315
135.33850590693373
213.74599023012817
302.9131421921984
467.832180719775
176.56570048911604
142.39088022284886
191.45105414732566
207.48466415413327
229.04989486711222
164.62867464297034
150.78229865913957
131.63884236553102
112.96830061513745
99.28422679132737
161.8773443055063
2099.5509580196635
189.39017175295714
81.30296923057824
120.92036935198928
193.33626721607644
88.01970060749045
189.9184042679865
401.0466306385336
182.7989830575349
113.34602407485752
104.25929765639337
188.3156425007978
221.65855258857124
108.50370487678632
98.82093663938947
326.3080388410263
306.5649946623092
180.61820014521874
82.59618887094248
81.28723987085094
59.69316244235663
106.53168585028298
197.71231370253577
160.55576234276478
115.13225312003941
92.921584575681
72.24034835990781
50.397297772230765
56.08153933479444
104.81731809504186
268.36484057695657
296.6079396232566
234.6855486478691
180.5324524610945
58.04127240520947
46.589684131292245
60.559256872575574
85.96404022592174
88.40951160334755
81.79215211958982
64.42431032770837
71.49518331258416
67.52485949710338
42.96584253590047
55.27472869247444
90.89058449661192
131.30770509789446
110.99546215022887
79.36899289141022
58.94816642565734
82.99100352576436
84.50481827784995
80.83485792806756
105.45780159652594
101.0776592806524
72.63519814685844
56.5198947243902
58.85330085944199
52.192264084249665
47.090243618801495
36.755608668115414
34.73237362112484
37.37039202659881
49.49703833397248
65.58659262054834
69.07862088529443
55.99020557461334
60.20268866593687
76.7774760489938
89.77434644243412
130.55889762794385
63.73064423423668
46.90642431668434
50.932600467920366
47.283162711164216
52.22208949914068
48.908879971167245
39.173594139876734
39.564400032687885
33.79989142034694
30.728120653010016
28.534275796629128
29.36810752282122
45.0009367823126
70.63902789374436
54.55112620074245
38.33250705677009
43.617969241276526
39.86335306873292
42.94382345183039
53.30851625406417
47.76027409762656
31.935532233940815
33.18341434074065
39.17174364836402
37.575947212144776
38.308278617954144
43.301370102554856
51.41375281641705
50.90363227083017
45.147464706763095
50.183395827385745
55.90007299344691
56.56250440730319
74.76789385435144
104.37012219097448
82.73512166599536
47.13721129393501
42.28475602191697
46.9007287942074
40.18536406272192
36.90744332356523
33.39919363522387
32.80135920861553
33.0551185621219
39.903248795282046
44.96288024317292
35.724360617986946
31.26325464425688
33.83523244620019
45.75234991814046
53.29533018701722
59.35379267415112
55.84822878815353
38.766761268264474
46.70970142798927
57.96208546258577
38.64622768795621
32.16104171120458
31.575113984178856
30.625101104251847
27.495542607876313
25.497086057152075
25.29910577831819
27.486373561465108
27.71620013295926
26.62116273393363
24.720212363293708
25.787210821860967
25.12451395426566
22.846120655131177
23.083277399088605
26.363052047283926
28.631607966903793
30.59219064918466
31.044568043619847
31.11556705785897
36.186911040686546
55.22697220893681
52.5742684251303
32.0471764535869
24.680641542428745
27.78616237295218
33.667062154738645
31.372301704343492
31.705831690922953
28.166901481184112
27.580172840040397
29.680014195487363
30.527742189116758
30.245206844788708
32.816340183458976
32.505281403031645
28.8210133796818
27.313826424215705
27.0405614959956
28.8371801892599
35.44878759323367
45.612926284243954
50.441185714003446
48.85435939665576
62.95746015180677
51.956559920797446
48.47218746409205
55.537075278829136
85.85676287446881
288.8741921234689
345.52981323455396
334.7108065126457
199.22726882582066
115.31226648587581
103.56568092821252
96.7268784347053
96.16368118961495
106.98426741104511
107.84040089692664
137.00367067433217
278.76932995069836
488.1846962353086
360.98855980436866
314.21031871313335
211.65298372647896
151.3745216657683
181.23003672524905
128.32102904749826
122.28694505313571
120.27727580670678
79.20867612848225
63.042917640565264
53.6594585070028
64.54356726743205
62.22612952917733
49.64906695943182
56.092193926524835
49.088960503830705
47.33961351142691
56.2220288551869
45.16487514019956
36.33685606694299
36.06981958305874
36.73269074378759
33.756846374575396
28.917552497332213
29.87050753724083
29.11300449690205
27.035329247786297
30.564593297860682
30.123576745530244
28.845820540879146
27.44755128437482
25.38475097885217
26.83422399614713
27.359699075392918
25.817404629950303
23.841660270363416
21.12423294226389
20.062514220721038
20.848538207420855
29.29643930746391
45.22857600713052
42.03955153842959
25.134307110228903
20.282848719477922
21.703843171489325
22.378081493239737
22.010341142033376
21.902806889818947
21.53916838158526
21.3345186919297
19.904180865503424
19.22108112595268
19.519214209297793
19.677041793937555
17.31322319887112
17.561176473170292
19.94505666513814
19.413053502695647
18.192723676886896
20.275327495810068
22.51455948713492
20.32312149691235
19.612959237738885
46.46895179643292
196.58496929048385
130.92622624724936
189.17876219488775
118.82942254661869
30.48915443901275
36.83811891756126
127.9665075429499
288.8288922879531
395.8362668551935
520.6446848537187
137.63020974127852
33.567615203324316
35.44629630435502
107.94084715371157
214.421772444767
259.2748751618797
174.47470588162955
28.180361075210936
17.244644142208173
17.243199747492056
16.09878573385889
13.315226191718791
13.108032142523804
14.973291661156711
15.547039868343973
14.86286446488601
14.826518037854443
14.67053871128386
14.673971381511043
15.773128844150525
16.61542957615227
15.346940205452748
13.396309848106155
12.271407752910214
12.198927328058575
12.820115737453298
13.11121355015793
14.130860377428567
13.774345108144416
12.947039806052008
12.545804525264591
12.474317162718426
12.820657536878349
12.77520077919732
12.844762772409638
13.717232959536041
14.367723769770537
13.52457783787153
12.214957200825106
11.387847206180266
11.520390403063217
11.949366561696618
11.847754659436122
11.108810598887864
11.543344002986359
12.391322028780301
11.763876082943979
11.72973392838787
12.779508413966994
13.319267696974133
12.393656055054922
12.257148133616223
12.519674717440349
11.563458843861298
11.486865258263965
11.95037410295159
12.399982894630625
11.774966070990475
11.434794107836025
10.737539292970432
10.615558926697311
11.372848163974163
12.672240058097982
12.905013520458546
12.410776410636432
11.811575016909535
11.011791011170494
11.720295425933108
12.307760665352841
12.35924328334713
13.298692103561892
15.106646839204684
16.71430824874024
16.44485482836824
16.4144812575028
15.603774039997576
14.308176535582586
16.70647499420541
29.516652014238215
34.90412345955833
27.924427581208004
18.762168625814628
17.41656743155322
15.780467371929683
14.787950481940136
14.169371238739076
14.43189576470008
15.719027569370775
17.36029484260638
19.223426194220174
20.84634118612427
24.86407707853266
27.804094822163812
25.294772502472558
19.604530680628603
15.096352201847731
14.524029321115163
15.50915983336126
15.410283731313843
15.311275873131663
14.958883676688108
15.276075301663697
18.587883193044405
19.30008994737142
19.76932191855979
25.46220930356382
31.226324497607628
33.676441379347565
48.912760581048275
59.60107281789294
46.3817816955097
54.64023002367061
59.78094354739361
47.18068286866275
31.518026333263627
25.634452165113306
24.29570860036514
25.783225114411866
32.28455472137142
32.79982873678886
27.36118493019224
28.459951170001915
30.29249369860666
27.808743607168026
26.63995324898019
32.39967375702442
48.796761249819426
53.40266014344636
79.73279960763084
92.00197313097958
137.53436697142456
186.27301718701176
248.3779473756749
1038.3094666863788
244.26524323181587
82.61728228387153
67.15698919805878
60.51247541804793
53.30939814823036
47.051401251691836
48.09456485458357
55.99623693885472
41.39374032713276
33.273957187842356
35.155132517121494
36.893969236428816
32.64276903512122
29.275856722818386
27.60676448104779
23.31016494978294
19.934956090980453
20.80061361173188
21.57391050675914
20.369200136652022
19.6603537193354
17.065648006349978
14.841344027164485
14.156603938721043
14.468186967230347
14.767125866471046
13.595523106693411
12.12319004087125
12.10332160674599
12.973908729572415
12.480234085971771
11.995847920574677
11.76903140392331
12.634435896252599
13.31275361048075
13.137079004654044
12.609601602506455
12.146052765297771
12.000811079424697
11.317640484332365
10.569182870655226
11.009046919794262
11.010518152815088
10.250691996363557
9.993211561638304
10.239810932624206
10.402195028569555
10.23089392705804
9.748183933358328
9.29982357284805
9.220223029729002
9.645253491830639
9.330081714111865
8.755218370738648
8.871477641503569
9.806441385506188
12.050346403427929
12.279895652742526
9.557543872740947
8.326837831098185
8.22961442990978
7.961822522872185
8.167135431073774
9.653132352413287
9.509465543401083
8.303648594384171
7.850547846763781
7.940852274610885
7.999007458222063
7.803104047842829
7.438340161993321
7.25019907315854
7.47862034327085
9.906273084709944
15.027056649658402
14.181310963789903
9.2637103436623
7.839691388302696
7.574101822787035
7.1882241161050615
6.878538353813116
6.973545789739565
7.21155241802953
6.953298140933201
6.645392572778563
6.638030475624584
6.73095899638497
6.670082193825618
6.5283341042207095
6.687303810619723
6.874755969032435
6.9076809358049385
6.731888844189495
6.714387455066825
6.879282707925508
6.999984305649444
7.267597756711487
7.350476580203883
6.807132187890287
6.356620211998943
6.5000784551818365
6.537046494577978
6.378591646123193
6.533375055026581
6.405069301263813
6.379398156767157
6.2671010193422285
6.109118979190362
6.053701968154832
5.982754244653817
5.958139748155777
5.991338947696046
5.956622278687432
5.988146079451062
5.9330729842835614
6.0411036338220345
6.066925174913167
5.907841151628301
5.819725819230514
5.814946704801255
5.912633453683344
5.973190713888807
5.738347612679506
5.564356703742921
5.720326982461725
5.738708350438536
5.502526261454512
5.4421664027755945
5.478826484770702
5.548965105132264
5.500102929610971
5.47905140760508
5.486785694218306
5.7247340948738
5.77512610651214
5.702256759929438
5.72248072551803
5.648597508489828
5.498561486690376
5.457376426813512
5.633945741026808
5.727260705400843
5.544581292938184
5.3369444341563685
5.469085577262696
5.575995191124981
5.598003444175695
5.562541049118944
5.396661406075934
5.319321652610446
5.32129905754992
5.266416300244622
5.2020871478707
5.086763105423468
5.104072435892782
5.162261924193411
5.1942622789932535
5.2301616282494106
5.207448839479186
5.165174692936163
5.090015308358226
5.004842640473089
5.06950288772638
5.050559796505771
5.129779229833386
5.2430273198393476
5.098300688337642
4.936651331087084
4.989087681622699
5.037185829934064
5.129924111804886
5.20164469649241
5.057879785552519
4.825322876425482
4.8188024488323284
4.999463534674986
5.350135409412036
5.791612830025564
5.499630321070601
4.962927222619026
4.795675041893075
4.878629475498677
5.007195956299732
4.99627245412658
4.8653951228627
4.781636711637421
4.826467808427531
4.668106792557687
4.679168729684231
4.724840380838605
4.645931343175497
4.617731161550185
5.053798479407005
5.633152083314513
5.547899569303528
6.376546172755869
6.790034556238106
5.953561348913365
5.260756389000025
5.610231626904897
7.497474705048671
8.630314954560099
7.709590307442101
8.177857869128982
10.004136588019762
13.044640427620232
10.989521625157044
7.546139125642089
5.984349313380642
5.308543813517432
5.134970514145219
5.071444224039114
4.924910155867832
4.853874610184194
4.8414326727632675
4.784111008956311
4.79277855396617
4.851067929123561
5.004844893486267
5.149729533199806
5.368717291380024
5.614001455996201
5.818956491664042
6.2593993022116035
6.769524913248684
6.785810745333856
6.546598512864573
6.830392921110311
7.4791866726617915
8.599022690248985
9.871747100275483
11.292439201548685
14.084938960408124
32.19315318200687
81.19361334490397
155.06622064778577
215.74204028765084
99.30058035869737
23.67647790789021
13.298619049067986
11.130994718968099
9.1759733702888
7.998933123711374
6.989165370807679
6.27390640790204
5.937986644194758
5.816017299111242
5.4927077994175075
5.235386427515529
5.0845267817413085
5.040750964150407
4.866564290483019
4.672256720820814
4.5879414230587425
4.5640197765147565
4.7923440668831
4.7600494931874495
4.3802350313863485
4.239846584668987
4.19289942797782
4.174194970125386
4.053298357918697
3.9823657071614393
3.9798479765225454
3.9423976664424005
3.9374166060097306
4.037896776023558
4.101874829695735
3.990855157907166
3.9565706699578542
3.8630017957424836
3.7931387167332744
3.8220166019327335
3.8976691354689597
4.0268043768603325
4.0159668523945635
3.992639941354426
3.9883970381856777
3.8738344385092045
3.8005026335861953
3.765085076199603
3.666552144223973
3.682709598559206
3.775228583250859
3.8547719490931005
3.754019225060928
3.641242215524212
3.627085584412519
3.6209313806830257
3.6705841357643725
3.7132792530931362
3.7371315382358667
3.9899434118889503
4.550269514930555
4.497320965078751
4.5639306891945575
5.720059051125631
9.2836797237597
10.124468636519873
6.598590970191487
4.010802746619956
3.697685946947328
3.7458924132720943
3.739413805674694
3.6552987928463585
3.6377724052044282
3.6159035179612324
3.5467202964929667
3.596536312826158
3.7508415173590666
3.9183875006009323
3.7175182094364003
3.543800826229356
3.5525362424145848
3.5371177824922038
3.5609906790829498
3.5315718147839226
3.4457984219871682
3.4633721610118955
3.5237011730981744
3.529532518954375
3.489960507593617
3.4568118391197293
3.4469996058139833
3.455042988407694
3.4160651686194057
3.4717856946183194
3.635112128197337
3.6005143046445145
3.488602995660953
3.522731160109271
3.611093542836949
3.614819764067242
3.611430107759433
3.680187567058567
3.6194499171780183
3.5223770840586948
3.513440643459536
3.5208556911683386
3.4962972341969865
3.466226318105383
3.4213453298692666
3.3033003114553168
3.213142793643875
3.1535342286137107
3.237032113709222
3.307804546626079
3.3327173096747473
3.32054302991445
3.280960192831793
3.264396606233137
3.212481815730791
3.1840374814409675
3.222091006233657
