0.00037039167
0.00015696727
5.68207e-05
1.6742681e-05
3.7905811e-06
2.5852996e-06
2.1256524e-06
1.8616209e-06
1.7214001e-06
1.6600745e-06
1.5941351e-06
1.5335402e-06
1.4447126e-06
1.3349189e-06
1.2693473e-06
1.4611339e-06
2.4094475e-06
2.8433963e-06
1.9341344e-06
1.2436549e-06
1.0844645e-06
1.0660666e-06
1.0583994e-06
1.0265953e-06
1.0121975e-06
9.9807824e-07
9.6299379e-07
9.1966007e-07
8.985204e-07
8.959197e-07
9.1225928e-07
9.3200663e-07
9.258311e-07
8.845949e-07
8.9327648e-07
9.2929781e-07
9.1547918e-07
9.1001243e-07
9.3025329e-07
9.6783685e-07
9.6994643e-07
9.6730571e-07
9.9922295e-07
1.0395645e-06
1.077564e-06
1.1478938e-06
1.2479841e-06
1.3623593e-06
1.4683403e-06
1.6040392e-06
1.8204692e-06
2.1431229e-06
2.6047855e-06
3.4362304e-06
5.3442077e-06
2.4238794e-05
8.026421e-05
0.00011969484
8.419287e-05
2.6750589e-05
5.9890317e-06
3.9475858e-06
3.1477218e-06
2.6470777e-06
2.2856e-06
2.0418565e-06
1.8783666e-06
1.7182899e-06
1.5827831e-06
1.5037215e-06
1.4267657e-06
1.3613559e-06
1.287157e-06
1.2212066e-06
1.191881e-06
1.1756684e-06
1.1384426e-06
1.1223343e-06
1.1056781e-06
1.0668909e-06
1.0055767e-06
9.8035321e-07
9.7500958e-07
9.5227551e-07
9.4377361e-07
9.363124e-07
9.375396e-07
9.2678204e-07
9.2325473e-07
9.2225577e-07
9.043618e-07
8.6681382e-07
8.6796234e-07
8.9325886e-07
8.886426e-07
9.0604743e-07
9.2008327e-07
9.0182738e-07
8.3568085e-07
7.8013278e-07
7.7018956e-07
7.696587e-07
7.6210489e-07
7.5692049e-07
7.6899306e-07
7.8399853e-07
7.6884788e-07
7.5129606e-07
7.3540991e-07
7.1578654e-07
7.0494156e-07
7.2079843e-07
7.208871e-07
6.9947521e-07
6.8865052e-07
6.7810123e-07
6.5958693e-07
6.8951374e-07
7.7187593e-07
9.415628e-07
1.0561254e-06
9.048515e-07
7.4777051e-07
6.9590931e-07
6.9927711e-07
6.9460475e-07
6.7741291e-07
6.7417483e-07
6.6956432e-07
6.6141661e-07
6.5899843e-07
6.6740205e-07
7.6268918e-07
8.6809388e-07
7.5959207e-07
6.5476411e-07
6.2964205e-07
6.0863454e-07
6.0301653e-07
6.0892728e-07
6.0223908e-07
6.0507517e-07
6.0598535e-07
6.2586565e-07
7.6738718e-07
8.7309786e-07
7.694897e-07
6.5072345e-07
6.1974492e-07
6.1831486e-07
6.2660069e-07
6.2108887e-07
6.2785409e-07
7.3981477e-07
9.5666962e-07
9.4801504e-07
7.3849839e-07
6.3200179e-07
6.0554771e-07
6.0730952e-07
6.0254928e-07
5.901893e-07
6.0366642e-07
6.1354586e-07
6.0227876e-07
5.9987718e-07
6.4042814e-07
6.890067e-07
7.0605932e-07
7.2554263e-07
8.6282768e-07
1.052032e-06
9.0096142e-07
6.9561372e-07
7.6457985e-07
9.0938516e-07
7.6957758e-07
6.3143301e-07
6.0357627e-07
5.9260611e-07
6.0248709e-07
6.1093232e-07
6.1297555e-07
6.0790126e-07
6.2790235e-07
6.6496489e-07
6.6666752e-07
6.5536898e-07
6.3995645e-07
6.2283846e-07
6.1881065e-07
6.2424056e-07
6.5492156e-07
7.0137708e-07
6.8476152e-07
6.4907226e-07
6.9232743e-07
7.9516263e-07
7.9895455e-07
7.4221566e-07
7.4021045e-07
7.8837235e-07
8.6797758e-07
9.0267736e-07
8.8358928e-07
7.9162936e-07
7.2228625e-07
7.318713e-07
7.4261675e-07
7.6016522e-07
7.9307267e-07
8.1910684e-07
8.304408e-07
8.3811773e-07
8.6230676e-07
8.9622171e-07
9.2966314e-07
1.0472963e-06
1.3646497e-06
1.4878602e-06
1.2708953e-06
1.1268982e-06
1.169558e-06
1.2864675e-06
2.5781903e-06
8.6988566e-06
1.455485e-05
1.155713e-05
4.4195699e-06
1.9091285e-06
1.9457555e-06
2.1860287e-06
2.4677495e-06
2.902485e-06
3.4813108e-06
4.1707071e-06
5.3380913e-06
8.3058667e-06
2.9725899e-05
8.8436864e-05
0.00012353173
8.2443388e-05
2.616756e-05
7.924059e-06
5.3921494e-06
4.4156218e-06
3.9741835e-06
3.2969415e-06
2.7150618e-06
2.3737443e-06
2.1514452e-06
1.9980889e-06
1.8757512e-06
1.7257374e-06
1.6103637e-06
1.5110816e-06
1.4250404e-06
1.3703027e-06
1.3245531e-06
1.2662877e-06
1.1848808e-06
1.1304621e-06
1.1152551e-06
1.0986943e-06
1.0753656e-06
1.0400554e-06
9.9603108e-07
9.6310589e-07
9.3449353e-07
9.1646473e-07
9.0070228e-07
8.9324709e-07
8.8490481e-07
8.5238992e-07
8.3614714e-07
8.3554875e-07
8.5115357e-07
1.1248312e-06
1.7174468e-06
1.612531e-06
9.9616238e-07
7.7700406e-07
7.559911e-07
7.4896195e-07
7.4277739e-07
7.3892585e-07
7.2957351e-07
7.0970214e-07
6.8403489e-07
6.9299438e-07
7.1811189e-07
7.2756484e-07
7.3509506e-07
7.4669902e-07
7.465203e-07
7.1716084e-07
7.0149645e-07
7.3370171e-07
8.0063091e-07
7.7497037e-07
7.6540636e-07
1.6050909e-06
6.3283642e-06
1.1442786e-05
9.624051e-06
3.6849533e-06
1.093194e-06
1.251299e-06
6.1655774e-06
2.3889088e-05
3.9529685e-05
3.0465982e-05
1.0465538e-05
1.903214e-06
1.6177962e-06
5.0094936e-06
1.0223783e-05
9.8971705e-06
4.469648e-06
1.1348421e-06
7.7873443e-07
7.5635222e-07
7.1297853e-07
6.7005413e-07
6.5661141e-07
6.3930543e-07
6.2908441e-07
6.4602358e-07
6.6879579e-07
6.8195988e-07
6.6710612e-07
6.5015854e-07
6.5065342e-07
6.3546275e-07
6.2594262e-07
6.342687e-07
6.2119324e-07
6.1072978e-07
6.0594209e-07
6.0333576e-07
6.0129031e-07
5.9417755e-07
5.9873025e-07
6.1797419e-07
6.1762825e-07
6.0639866e-07
5.9425452e-07
5.8504338e-07
5.880741e-07
5.8567065e-07
5.8792563e-07
6.0120914e-07
5.986422e-07
5.8375559e-07
5.8004935e-07
5.9002406e-07
5.9572835e-07
5.979623e-07
5.9873884e-07
5.9350401e-07
5.8814453e-07
5.8558066e-07
5.9921757e-07
6.4730017e-07
6.6180598e-07
6.158196e-07
6.0103616e-07
6.0330859e-07
6.1007432e-07
6.0559228e-07
6.0390306e-07
6.1005426e-07
6.0981785e-07
6.0049331e-07
5.9516282e-07
6.0700819e-07
6.2198421e-07
6.1751297e-07
6.1868161e-07
6.2864251e-07
6.3657865e-07
6.4948216e-07
6.7910634e-07
7.3840999e-07
8.1513514e-07
8.3919878e-07
8.1232974e-07
7.8479343e-07
7.3481181e-07
8.8846991e-07
1.9306483e-06
2.6485168e-06
1.8755618e-06
1.0410471e-06
8.9189763e-07
8.0737254e-07
7.6399749e-07
7.5606994e-07
7.555654e-07
7.6577118e-07
8.0004656e-07
8.673631e-07
1.0340207e-06
1.3245269e-06
1.4889944e-06
1.3121034e-06
1.0362255e-06
9.118217e-07
8.804023e-07
8.702487e-07
8.7975104e-07
9.038248e-07
9.2157148e-07
9.5307047e-07
1.0076069e-06
1.1000087e-06
1.2008566e-06
1.3139618e-06
1.4940678e-06
1.8082894e-06
2.3165462e-06
2.9396076e-06
3.3557694e-06
3.1795146e-06
2.5987836e-06
2.0603591e-06
1.7479938e-06
1.6123328e-06
1.569727e-06
1.5648228e-06
1.5763263e-06
1.5865273e-06
1.6614858e-06
1.7803522e-06
1.9145946e-06
2.1109765e-06
2.3251157e-06
2.5800734e-06
2.9865655e-06
3.5119895e-06
4.2765778e-06
5.5610681e-06
9.6577014e-06
3.7376321e-05
9.1633599e-05
0.00010675267
5.9704253e-05
1.6804413e-05
6.6450075e-06
4.8241855e-06
3.8934186e-06
3.1781883e-06
2.7000315e-06
2.4188441e-06
2.2165152e-06
2.0417892e-06
1.9055013e-06
1.7668727e-06
1.6561839e-06
1.6358167e-06
1.5998987e-06
1.5116989e-06
1.4091439e-06
1.3091003e-06
1.2372074e-06
1.1688469e-06
1.1167194e-06
1.0908249e-06
1.0683691e-06
1.0321027e-06
1.0133194e-06
9.9948295e-07
9.7734187e-07
9.5469284e-07
9.0557501e-07
8.7249896e-07
8.5076306e-07
8.4167363e-07
8.3342218e-07
8.3227184e-07
8.4412704e-07
8.6110896e-07
8.4986209e-07
8.4052755e-07
8.3918678e-07
8.2748181e-07
8.0625193e-07
7.8367839e-07
7.8052176e-07
7.6553158e-07
7.5471803e-07
7.359543e-07
7.0462431e-07
6.9564118e-07
6.9844225e-07
6.9849824e-07
6.9866854e-07
6.8764786e-07
6.9224001e-07
6.9196494e-07
6.8093112e-07
7.0087515e-07
8.0488189e-07
8.552924e-07
7.2395591e-07
6.5821092e-07
6.6818586e-07
6.7729462e-07
6.9751269e-07
7.3109709e-07
6.9911283e-07
6.5105002e-07
6.4312269e-07
6.561545e-07
6.5819722e-07
6.4618672e-07
6.5484966e-07
6.5194632e-07
6.5985859e-07
8.0118934e-07
1.06646e-06
9.7396969e-07
6.8757089e-07
6.2721676e-07
6.3398812e-07
6.3230789e-07
6.3609656e-07
6.2281316e-07
6.0382149e-07
6.2932617e-07
6.5158281e-07
6.5168012e-07
6.4434545e-07
6.2792782e-07
6.2266685e-07
6.3215032e-07
6.354781e-07
6.3078375e-07
6.1643181e-07
6.0516618e-07
6.053649e-07
5.9829983e-07
5.9508113e-07
5.9871581e-07
6.0204405e-07
6.0914999e-07
6.0753359e-07
6.0995109e-07
6.0328739e-07
5.9254364e-07
6.084648e-07
6.1670596e-07
6.1080289e-07
6.0545796e-07
6.1054072e-07
6.1017948e-07
6.0734419e-07
6.1565464e-07
6.1191179e-07
6.0607852e-07
6.0370485e-07
5.9876049e-07
6.0413981e-07
6.1493716e-07
6.1574997e-07
6.1239234e-07
6.0063775e-07
5.9418863e-07
6.066204e-07
6.1579664e-07
6.1104703e-07
6.1922731e-07
6.1807526e-07
6.1986873e-07
6.292122e-07
6.2418712e-07
6.221652e-07
6.1972514e-07
6.3008258e-07
6.3185053e-07
6.3277736e-07
6.2381577e-07
6.0827847e-07
6.0412322e-07
6.0701217e-07
6.1698097e-07
6.1758078e-07
6.2395964e-07
6.2659313e-07
6.2479461e-07
6.2881094e-07
6.3740885e-07
6.4251572e-07
6.3090357e-07
6.1987487e-07
6.2437562e-07
6.33056e-07
6.3090499e-07
6.1888267e-07
6.156817e-07
6.2179305e-07
6.1517153e-07
6.0272862e-07
6.0804007e-07
6.0500145e-07
6.0549849e-07
6.1293787e-07
6.2270715e-07
6.3404099e-07
6.3497731e-07
6.2928336e-07
6.3018359e-07
6.2667226e-07
6.1615373e-07
6.073895e-07
6.1566953e-07
6.1815126e-07
6.2835267e-07
6.2941325e-07
6.2045228e-07
6.236076e-07
6.3427285e-07
6.7157208e-07
6.8444808e-07
6.4338326e-07
6.3039261e-07
6.4943441e-07
6.4730727e-07
6.2987232e-07
6.2417547e-07
6.2534912e-07
6.4325758e-07
6.6987172e-07
6.6644134e-07
6.5845745e-07
6.5435876e-07
6.4237815e-07
6.5121662e-07
6.9490761e-07
7.2583663e-07
7.0240048e-07
7.3640859e-07
7.6154782e-07
7.0151339e-07
6.6816898e-07
7.0470321e-07
8.5971556e-07
9.7121563e-07
8.6462472e-07
8.7176159e-07
1.0297438e-06
1.2563003e-06
1.0361528e-06
8.0226238e-07
7.1860404e-07
6.7445916e-07
6.6485029e-07
6.6047397e-07
6.6666752e-07
6.6636233e-07
6.6056026e-07
6.6783599e-07
6.9880434e-07
7.1887553e-07
7.1132325e-07
7.2067422e-07
7.3707349e-07
7.4630395e-07
7.5681493e-07
7.6456138e-07
7.8261388e-07
8.0487837e-07
8.2913976e-07
8.6917731e-07
9.0484849e-07
9.5080975e-07
1.0448305e-06
1.1932533e-06
1.4830163e-06
4.1276885e-06
1.6950265e-05
3.1906879e-05
2.8154867e-05
1.143746e-05
2.475897e-06
1.4105108e-06
1.1860926e-06
1.0331095e-06
9.3347415e-07
8.7026018e-07
8.4344794e-07
8.4365081e-07
8.2132948e-07
7.6377353e-07
7.2828658e-07
7.1591387e-07
7.101176e-07
7.0907049e-07
7.0277616e-07
6.9605682e-07
7.1123264e-07
7.3090285e-07
7.2912269e-07
7.1455059e-07
6.9386539e-07
6.9773637e-07
7.0885022e-07
7.0820761e-07
7.0737144e-07
6.9420372e-07
6.8804439e-07
6.8448941e-07
6.9101435e-07
7.0173371e-07
6.9348607e-07
6.856244e-07
6.9519911e-07
7.0120456e-07
7.0435664e-07
7.0909618e-07
7.0278077e-07
6.8166122e-07
6.6905727e-07
6.7419114e-07
6.8214558e-07
6.8568164e-07
6.8719953e-07
6.9036673e-07
6.9437448e-07
6.8877222e-07
6.940665e-07
7.0724798e-07
6.9819077e-07
6.7883497e-07
6.8010024e-07
6.9526783e-07
6.9945679e-07
6.8730139e-07
6.956725e-07
7.2767193e-07
7.2723026e-07
7.4131657e-07
8.1852073e-07
1.1273498e-06
1.2689823e-06
9.2988978e-07
7.1605535e-07
6.9964574e-07
6.9928325e-07
7.1724429e-07
7.1781625e-07
6.9449874e-07
6.803437e-07
6.8323698e-07
7.0141482e-07
7.2332904e-07
7.088961e-07
6.8993404e-07
7.0746773e-07
7.1929003e-07
7.1676806e-07
7.0936403e-07
7.09044e-07
7.2087363e-07
7.1038664e-07
6.9663099e-07
7.0129619e-07
6.9973487e-07
6.9384555e-07
7.0621439e-07
7.2004144e-07
7.2083168e-07
7.1842652e-07
7.2460006e-07
7.3003747e-07
7.3282416e-07
7.2148094e-07
7.10861e-07
7.3215983e-07
7.4704343e-07
7.3699988e-07
7.2771348e-07
7.3165035e-07
7.237914e-07
7.2136692e-07
7.2873371e-07
7.3192513e-07
7.4180099e-07
7.3693025e-07
7.2927878e-07
7.4110011e-07
7.4592629e-07
7.2410774e-07
7.162858e-07
7.1251759e-07
7.139883e-07
7.2281142e-07
7.2660208e-07
7.3069344e-07
7.3884877e-07
